
#$Filter:1
#$	0	1	 1
#$	1	op06	0.251188643150958
#$	2	op09*op09	0.015848931924611138
#$	3	op18*op18*op18	3.9810717055349725e-06
#$	4	ns12	1e-7
#$	5	0	 1e-22
#$POWER:18, mW
#$WAVELENGTH:1064,nm
#$OBJECT:ZnO1_bscat, bscat	=	=	=
angle	ref	signal	signal_std	filter	Time	freq	duty_cycle
255.0	0.065625	0.00012587915601	0.00198149585816	0	1511363189.4784293	82.3908045977	0.441358496576
255.0	0.0625	0.000523881688963	0.00189091924724	0	1511363190.3001697	80.9943502825	0.440402930403
255.0	0.065625	0.000710526315789	0.00186777231139	0	1511363191.0791295	80.9943502825	0.451391941392
255.0	0.065625	0.000710526315789	0.00186777231139	0	1511363191.4833195	80.9943502825	0.451391941392
255.0	0.065625	0.00028125	0.00187942739696	0	1511363192.2460344	80.5393258427	0.449230769231
255.0	0.065625	0.000185147849462	0.00186120731507	0	1511363193.0096912	80.5393258427	0.443736263736
255.0	0.065625	0.000129620674833	0.00176416212253	0	1511363193.4716196	80.5393258427	0.438241758242
255.0	0.065625	0.000349184782609	0.00200724004113	0	1511363194.252712	80.0893854749	0.435746845747
255.0	0.065625	0.00030834914611	0.00193613713587	0	1511363195.0065033	80.5393258427	0.437985347985
255.0	0.065625	0.000318484042553	0.00211123355177	0	1511363195.4772024	79.2044198895	0.441978021978
255.0	0.065625	0.000318484042553	0.00211123355177	0	1511363196.2222717	79.2044198895	0.441978021978
254.5	0.065625	0.000388157894737	0.00206111186813	0	1511363196.976464	80.5393258427	0.441398601399
254.5	0.065625	0.000303191489362	0.0013565296385	0	1511363197.4792523	79.6444444444	0.438901098901
254.5	0.065625	0.000869550770867	0.00233899853087	0	1511363198.231853	80.0893854749	0.441318681319
254.0	0.065625	0.000869550770867	0.00233899853087	0	1511363198.9840693	80.0893854749	0.441318681319
254.0	0.065625	0.000514322916667	0.00210936495304	0	1511363199.4729402	79.6444444444	0.444395604396
254.0	0.0625	0.000319078947368	0.0020736733569	0	1511363200.2305665	80.0893854749	0.446556776557
254.0	0.0625	0.000251644736842	0.00178482367977	0	1511363200.9856462	80.0893854749	0.446556776557
254.0	0.065625	0.000816722417197	0.00175694285395	0	1511363201.475449	80.0893854749	0.435824175824
253.5	0.065625	0.000816722417197	0.00175694285395	0	1511363202.2325087	80.0893854749	0.435824175824
253.5	0.0625	0.000345181002475	0.00223047103035	0	1511363202.979203	80.0893854749	0.452051282051
253.5	0.065625	0.000388091440723	0.00188277473964	0	1511363203.4792438	79.6444444444	0.444395604396
253.5	0.065625	0.000388091440723	0.00188277473964	0	1511363204.234738	79.6444444444	0.444395604396
253.0	0.0625	0.000320192509994	0.00195169216893	0	1511363204.989934	79.2044198895	0.452967032967
253.0	0.065625	0.000387665719697	0.0018086190603	0	1511363205.4727447	79.6444444444	0.444395604396
253.0	0.065625	0.000135566188198	0.00188277473964	0	1511363206.223775	79.6444444444	0.438901098901
253.0	0.065625	0.000360513024987	0.00200090872707	0	1511363206.981646	79.6444444444	0.438901098901
252.5	0.065625	0.000449810606061	0.00178532671885	0	1511363207.4721801	79.6444444444	0.44989010989
252.5	0.065625	0.000449810606061	0.00178532671885	0	1511363208.228157	79.6444444444	0.44989010989
252.5	0.065625	0.000130818494221	0.00175217456712	0	1511363208.9829454	79.2044198895	0.447472527473
252.5	0.065625	0.000811081011352	0.00197094107618	0	1511363209.4752002	79.6444444444	0.444395604396
252.0	0.065625	0.00106952051117	0.00199791311954	0	1511363210.234741	79.2044198895	0.452482702483
252.0	0.065625	0.000587548849327	0.0018497909233	0	1511363210.9919808	79.6444444444	0.438656898657
252.0	0.065625	0.000679276315789	0.00197478039734	0	1511363211.4798007	79.6444444444	0.438901098901
252.0	0.065625	0.000679276315789	0.00197478039734	0	1511363212.2344968	79.6444444444	0.438901098901
251.5	0.0625	0.000765793010753	0.00188112029601	0	1511363212.9853058	79.2044198895	0.446963776964
251.5	0.065625	0.00057788005363	0.00204819612197	0	1511363213.473239	79.6444444444	0.44989010989
251.5	0.065625	0.00101309144072	0.00209960176279	0	1511363214.2273896	80.0893854749	0.446556776557
251.5	0.065625	0.00101309144072	0.00209960176279	0	1511363214.981886	80.0893854749	0.446556776557
251.0	0.065625	0.00108884898004	0.00209757866414	0	1511363215.4730804	79.6444444444	0.433125763126
251.0	0.0625	0.00109375	0.00220970869121	0	1511363216.2320712	79.2044198895	0.452967032967
251.0	0.065625	0.00113182689237	0.00189844716288	0	1511363216.9917414	79.6444444444	0.433406593407
251.0	0.0625	0.00103180239899	0.00199074021503	0	1511363217.474681	79.6444444444	0.444395604396
250.5	0.0625	0.00103180239899	0.00199074021503	0	1511363218.2287138	79.6444444444	0.444395604396
250.5	0.065625	0.00100664607948	0.0020426545653	0	1511363218.9781408	79.2044198895	0.441937321937
250.5	0.065625	0.000866557963392	0.00205681568293	0	1511363219.4754384	78.7692307692	0.450549450549
250.5	0.065625	0.000866557963392	0.00205681568293	0	1511363220.2253172	78.7692307692	0.450549450549
250.0	0.065625	0.00056446697695	0.00202000765039	0	1511363220.979933	79.2044198895	0.434304825609
250.0	0.065625	0.000872987689394	0.00181563603742	0	1511363221.4730604	78.7692307692	0.445054945055
250.0	0.065625	0.000783909574468	0.00193191359385	0	1511363222.222948	78.7692307692	0.439536019536
250.0	0.065625	0.000783909574468	0.00193191359385	0	1511363222.9787009	78.7692307692	0.439536019536
249.5	0.065625	0.000991171309498	0.00198356833646	0	1511363223.4724917	79.6444444444	0.431944577162
249.5	0.065625	0.00154178939617	0.00205832897487	0	1511363224.2293477	79.6444444444	0.444175824176
249.5	0.065625	0.00154178939617	0.00205832897487	0	1511363224.983562	79.6444444444	0.444175824176
249.5	0.065625	0.00111842105263	0.00180891145854	0	1511363225.4763474	79.6444444444	0.438901098901
249.0	0.065625	0.00111842105263	0.00180891145854	0	1511363226.2360907	79.6444444444	0.438901098901
249.0	0.0625	0.00170431105611	0.00209954628862	0	1511363226.9927778	79.6444444444	0.444395604396
249.0	0.065625	0.00147120032223	0.00187932327067	0	1511363227.4740384	79.2044198895	0.436418396418
249.0	0.065625	0.00147120032223	0.00187932327067	0	1511363228.2245147	79.2044198895	0.436418396418
248.5	0.065625	0.00148195876289	0.00218692818924	0	1511363228.9774566	79.2044198895	0.447472527473
248.5	0.0625	0.00170269956683	0.00199579050208	0	1511363229.4722946	78.7692307692	0.455816035816
248.5	0.0625	0.00170269956683	0.00199579050208	0	1511363230.2272668	78.7692307692	0.455816035816
248.5	0.0625	0.00138825061275	0.00187986519765	0	1511363230.9822745	79.6444444444	0.444395604396
248.5	0.0625	0.00155851403061	0.00200770103452	0	1511363231.4731734	80.5393258427	0.44347985348
248.0	0.0625	0.00201641414141	0.00223604302379	0	1511363232.2278721	79.2044198895	0.452967032967
248.0	0.065625	0.00210404829545	0.00224939371111	0	1511363232.9757106	79.6444444444	0.438049583267
248.0	0.065625	0.00276645531401	0.00196981585155	0	1511363233.4745855	80.9943502825	0.427870149174
247.5	0.065625	0.00276645531401	0.00196981585155	0	1511363234.228749	80.9943502825	0.427870149174
247.5	0.065625	0.00216098281418	0.00194996714938	0	1511363234.9845045	80.0893854749	0.43991045991
247.5	0.0625	0.00224699440053	0.00211445305672	0	1511363235.4764388	80.0893854749	0.435323565324
247.5	0.065625	0.00256119791667	0.00181796901113	0	1511363236.2271755	79.2044198895	0.441978021978
247.0	0.065625	0.00256119791667	0.00181796901113	0	1511363236.9801683	79.2044198895	0.441978021978
247.0	0.065625	0.00336822169059	0.00182736110689	0	1511363237.4709892	79.6444444444	0.44989010989
247.0	0.065625	0.00336745110681	0.00181236877266	0	1511363238.226708	79.2044198895	0.436483516484
247.0	0.0625	0.00366821808511	0.00192360055073	0	1511363238.9826705	79.2044198895	0.436406186406
246.5	0.065625	0.00477734375	0.002014813558	0	1511363239.472797	79.6444444444	0.444371184371
246.5	0.065625	0.00477734375	0.002014813558	0	1511363240.2273653	79.6444444444	0.444371184371
246.5	0.065625	0.0167664750346	0.00196565400567	0	1511363240.9922988	80.0893854749	0.435567765568
246.5	0.065625	0.0195374597207	0.00194774622935	0	1511363241.4751372	79.2044198895	0.441733821734
246.5	0.065625	0.0195374597207	0.00194774622935	0	1511363242.2163327	79.2044198895	0.441733821734
246.5	0.065625	0.0195146276596	0.00186199893151	0	1511363242.97403	79.6444444444	0.438901098901
246.5	0.065625	0.0196940104167	0.00202321083766	0	1511363243.4780126	79.6444444444	0.44989010989
246.5	0.065625	0.0201263297872	0.00185456458524	0	1511363244.2388759	79.2044198895	0.441978021978
246.5	0.065625	0.0193470473296	0.00193191359385	0	1511363244.999927	80.0893854749	0.435604395604
246.5	0.065625	0.0197335159048	0.0016394718093	0	1511363245.4726312	79.6444444444	0.438901098901
246.5	0.065625	0.0197335159048	0.0016394718093	0	1511363246.2437303	79.6444444444	0.438901098901
246.5	0.065625	0.0195421318448	0.0019992857104	0	1511363247.0193913	79.6444444444	0.438799348799
246.5	0.065625	0.019616356383	0.00191351947223	0	1511363247.473428	80.0893854749	0.446556776557
246.5	0.065625	0.0195387954422	0.00211295879641	0	1511363248.2329566	79.6444444444	0.433329263329
246.5	0.065625	0.0193145268474	0.00170736043057	0	1511363248.9910238	79.6444444444	0.43886039886
246.5	0.065625	0.0196587736254	0.00174206877087	0	1511363249.4758554	79.6444444444	0.449633699634
246.5	0.065625	0.0196587736254	0.00174206877087	0	1511363250.2348053	79.6444444444	0.449633699634

#$Filter:1
#$	0	1	 1
#$	1	op06	0.251188643150958
#$	2	op09*op09	0.015848931924611138
#$	3	op18*op18*op18	3.9810717055349725e-06
#$	4	ns12	1e-7
#$	5	0	 1e-22
#$POWER:18, mW
#$WAVELENGTH:1064,nm
#$OBJECT:ZnO1_bscat, bscat	=	=	=
angle	ref	signal	signal_std	filter	Time	freq	duty_cycle
246.5	0.0625	0.0196109693878	0.00189403602104	0	1511363251.9744704	79.6444444444	0.44989010989
246.5	0.0625	0.022418521149	0.00207900551456	0	1511363252.4451516	80.0893854749	0.452051282051
246.5	0.0625	0.022418521149	0.00207900551456	0	1511363253.205029	80.0893854749	0.452051282051
246.0	0.0625	0.021321143617	0.00180166541288	0	1511363253.964236	80.5393258427	0.443455433455
246.0	0.065625	0.0181415016502	0.0021657100866	0	1511363254.448049	80.0893854749	0.434881969882
246.0	0.065625	0.0181415016502	0.0021657100866	0	1511363255.2050245	80.0893854749	0.434881969882
246.0	0.065625	0.0140165243771	0.00178096326818	0	1511363255.9678211	79.2044198895	0.447167277167
246.0	0.065625	0.0114958798511	0.00211551778826	0	1511363256.4527996	79.2044198895	0.441978021978
246.0	0.065625	0.0083515625	0.00233559780139	0	1511363257.1984978	79.2044198895	0.447472527473
246.0	0.065625	0.00699155992184	0.00212869821723	0	1511363257.9684327	80.5393258427	0.435165390165
246.0	0.065625	0.00643150252525	0.00189586195033	0	1511363258.4454038	79.2044198895	0.452967032967
246.0	0.065625	0.00643150252525	0.00189586195033	0	1511363259.1981158	79.2044198895	0.452967032967
245.5	0.065625	0.00608391794218	0.00199074021503	0	1511363259.9750764	79.2044198895	0.441978021978
245.5	0.0625	0.00567076057227	0.00204060407501	0	1511363260.4459271	79.6444444444	0.444395604396
245.5	0.065625	0.0066348973607	0.00168077943554	0	1511363261.2017815	79.6444444444	0.425489196794
245.5	0.0625	0.00670944148936	0.00192618430012	0	1511363261.9598262	79.6444444444	0.444395604396
245.5	0.0625	0.00673869680851	0.00190512616781	0	1511363262.4473093	80.0893854749	0.445351170569
245.5	0.0625	0.00673869680851	0.00190512616781	0	1511363263.2075968	80.0893854749	0.445351170569
245.5	0.0625	0.0078129984051	0.00208667783252	0	1511363263.97004	79.6444444444	0.438901098901
245.5	0.065625	0.00927509632407	0.00177629494228	0	1511363264.4480867	79.2044198895	0.447472527473
245.0	0.0625	0.0108750671321	0.00185673234101	0	1511363265.1979854	79.6444444444	0.4384004884
245.0	0.065625	0.0131927105949	0.00182118961766	0	1511363265.971955	79.2044198895	0.430948310948
245.0	0.0625	0.0164276315789	0.00233899853087	0	1511363266.4458084	80.0893854749	0.446556776557
245.0	0.0625	0.0137218311675	0.00444511779347	0	1511363267.1958416	79.2044198895	0.441978021978
245.0	0.0625	0.0212013974835	0.00185860708641	0	1511363267.9745262	79.2044198895	0.441978021978
245.0	0.065625	0.0235154067268	0.00204960939386	0	1511363268.4452825	79.2044198895	0.441978021978
245.0	0.065625	0.0284253192204	0.00230217649637	0	1511363269.2014072	79.2044198895	0.430704110704
244.5	0.065625	0.0284253192204	0.00230217649637	0	1511363269.9636047	79.2044198895	0.430704110704
244.5	0.0625	0.0605940594059	0.00312170879319	0	1511363270.4461617	79.6444444444	0.444395604396
244.5	0.0625	0.0605940594059	0.00312170879319	0	1511363271.2011156	79.6444444444	0.444395604396

#$Filter:op06
#$	0	1	 1
#$	1	op06	0.251188643150958
#$	2	op09*op09	0.015848931924611138
#$	3	op18*op18*op18	3.9810717055349725e-06
#$	4	ns12	1e-7
#$	5	0	 1e-22
#$POWER:18, mW
#$WAVELENGTH:1064,nm
#$OBJECT:ZnO1_bscat, bscat	=	=	=
angle	ref	signal	signal_std	filter	Time	freq	duty_cycle
244.5	0.065625	0.056307814992	0.00817313411068	1	1511363280.5942206	80.0893854749	0.441318681319
244.5	0.065625	0.136163863266	0.0101206793729	1	1511363281.351059	79.6444444444	0.444395604396

#$Filter:op09*op09
#$	0	1	 1
#$	1	op06	0.251188643150958
#$	2	op09*op09	0.015848931924611138
#$	3	op18*op18*op18	3.9810717055349725e-06
#$	4	ns12	1e-7
#$	5	0	 1e-22
#$POWER:18, mW
#$WAVELENGTH:1064,nm
#$OBJECT:ZnO1_bscat, bscat	=	=	=
angle	ref	signal	signal_std	filter	Time	freq	duty_cycle
244.0	0.065625	0.0138947368421	0.0019992857104	2	1511363289.4752176	80.5393258427	0.443021978022
244.0	0.065625	0.0167452450032	0.00197798866764	2	1511363290.2301838	79.6444444444	0.444395604396
244.0	0.065625	0.0167452450032	0.00197798866764	2	1511363290.9782627	79.6444444444	0.444395604396
244.0	0.065625	0.0162194148936	0.00212037482967	2	1511363291.4740684	79.6444444444	0.444395604396
244.0	0.065625	0.0143878865979	0.00417050262022	2	1511363292.22005	80.0893854749	0.440614570615
244.0	0.065625	0.0139761937059	0.00233390418093	2	1511363292.9762068	80.0893854749	0.440614570615
244.0	0.0625	0.00932510589769	0.00251275794299	2	1511363293.4690826	79.6444444444	0.433365893366
244.0	0.0625	0.00762832446809	0.00217212715744	2	1511363294.2251287	80.5393258427	0.442794057794

#$Filter:op06
#$	0	1	 1
#$	1	op06	0.251188643150958
#$	2	op09*op09	0.015848931924611138
#$	3	op18*op18*op18	3.9810717055349725e-06
#$	4	ns12	1e-7
#$	5	0	 1e-22
#$POWER:18, mW
#$WAVELENGTH:1064,nm
#$OBJECT:ZnO1_bscat, bscat	=	=	=
angle	ref	signal	signal_std	filter	Time	freq	duty_cycle
244.0	0.0625	0.0450873968008	0.00182380477311	1	1511363351.214509	80.0893854749	0.446813186813
243.5	0.0625	0.0276106166151	0.00686547123589	1	1511363351.9683309	80.0893854749	0.446813186813
243.5	0.0625	0.0157033668731	0.00239115550597	1	1511363352.7182086	80.0893854749	0.446813186813

#$Filter:1
#$	0	1	 1
#$	1	op06	0.251188643150958
#$	2	op09*op09	0.015848931924611138
#$	3	op18*op18*op18	3.9810717055349725e-06
#$	4	ns12	1e-7
#$	5	0	 1e-22
#$POWER:18, mW
#$WAVELENGTH:1064,nm
#$OBJECT:ZnO1_bscat, bscat	=	=	=
angle	ref	signal	signal_std	filter	Time	freq	duty_cycle
243.5	0.065625	0.0446321380102	0.00322300505599	0	1511363360.07124	80.5393258427	0.443736263736
243.5	0.065625	0.0446321380102	0.00322300505599	0	1511363360.8191986	80.5393258427	0.443736263736
243.5	0.065625	0.0287960526316	0.00192764280579	0	1511363361.5723233	80.5393258427	0.454468864469
243.5	0.065625	0.0256575624668	0.00230826378853	0	1511363362.0732768	80.0893854749	0.452527472527
243.5	0.065625	0.0256575624668	0.00230826378853	0	1511363362.8208373	80.0893854749	0.452527472527
243.5	0.065625	0.0233843219887	0.00211690041311	0	1511363363.575769	80.9943502825	0.43983224505
243.5	0.065625	0.0225257185691	0.0019413786056	0	1511363364.0709772	80.5393258427	0.438241758242
243.5	0.059375	0.0216358940262	0.00164787682598	0	1511363364.82289	80.5393258427	0.449230769231
243.5	0.065625	0.020506121134	0.00263624646205	0	1511363365.575748	80.5393258427	0.454945054945
243.5	0.065625	0.0197557011935	0.00207729413742	0	1511363366.0705805	81.4545454545	0.440887815888
243.5	0.065625	0.0197557011935	0.00207729413742	0	1511363366.8275836	81.4545454545	0.440887815888
243.0	0.065625	0.0185472726325	0.00201699618512	0	1511363367.581463	80.5393258427	0.449230769231
243.0	0.065625	0.0165853494624	0.00222891450965	0	1511363368.0743155	80.5393258427	0.438241758242
243.0	0.065625	0.015085106383	0.0018160239739	0	1511363368.8283918	80.5393258427	0.443736263736
243.0	0.065625	0.015085106383	0.0018160239739	0	1511363369.5762074	80.5393258427	0.443736263736
243.0	0.0625	0.0131914288668	0.00151619814149	0	1511363370.0710616	80.5393258427	0.443736263736
243.0	0.0625	0.0131914288668	0.00151619814149	0	1511363370.8179638	80.5393258427	0.443736263736
243.0	0.065625	0.0117391304348	0.00203662767852	0	1511363371.575812	79.2044198895	0.441711145997
243.0	0.065625	0.0111009873863	0.00197767996903	0	1511363372.0708134	80.5393258427	0.443736263736
243.0	0.065625	0.0111009873863	0.00197767996903	0	1511363372.824849	80.5393258427	0.443736263736
243.0	0.065625	0.0107088989442	0.00207583533787	0	1511363373.5807223	80.9943502825	0.434337739555
243.0	0.065625	0.0104915994624	0.00169349504951	0	1511363374.0706623	80.0893854749	0.446813186813
242.5	0.065625	0.0104915994624	0.00169349504951	0	1511363374.8226435	80.0893854749	0.446813186813
242.5	0.065625	0.0100122316919	0.00200770103452	0	1511363375.5703373	80.0893854749	0.452307692308
242.5	0.0625	0.00986255862428	0.00182736110689	0	1511363376.0791814	80.0893854749	0.452307692308
242.5	0.065625	0.0101211654016	0.00199473415049	0	1511363376.8322377	80.0893854749	0.441318681319
242.5	0.065625	0.00987422600619	0.00217055416925	0	1511363377.592122	80.0893854749	0.446813186813
242.5	0.065625	0.00939516129032	0.00184781278022	0	1511363378.0749946	80.5393258427	0.44347985348
242.5	0.065625	0.00939516129032	0.00184781278022	0	1511363378.8260262	80.5393258427	0.44347985348
242.5	0.065625	0.00935639287613	0.001922021205	0	1511363379.5807106	80.9943502825	0.445897435897
242.5	0.065625	0.00892663043478	0.00223540535106	0	1511363380.0706482	80.0893854749	0.435824175824
242.5	0.0625	0.0089114010989	0.00221384086007	0	1511363380.8255584	80.5393258427	0.438241758242
242.0	0.0625	0.0089114010989	0.00221384086007	0	1511363381.5774367	80.5393258427	0.438241758242
242.0	0.065625	0.00810772195641	0.00191355783845	0	1511363382.0681558	80.5393258427	0.449230769231
242.0	0.065625	0.00810772195641	0.00191355783845	0	1511363382.8151371	80.5393258427	0.449230769231
242.0	0.065625	0.00767410763773	0.00218749741919	0	1511363383.5700378	80.0893854749	0.441318681319
242.0	0.059375	0.00722630301482	0.00186777231139	0	1511363384.0753176	80.0893854749	0.452307692308
242.0	0.059375	0.00722630301482	0.00186777231139	0	1511363384.8268385	80.0893854749	0.452307692308
242.0	0.065625	0.00669565217391	0.0021340065964	0	1511363385.5751033	80.5393258427	0.432747252747
242.0	0.065625	0.00684433347807	0.00233778902816	0	1511363386.0760863	80.0893854749	0.441318681319
242.0	0.065625	0.00684433347807	0.00233778902816	0	1511363386.8338103	80.0893854749	0.441318681319
242.0	0.065625	0.00762234042553	0.00228881841464	0	1511363387.591691	80.5393258427	0.438241758242
242.0	0.0625	0.00779654255319	0.00205929264175	0	1511363388.0707686	79.6444444444	0.438901098901
242.0	0.065625	0.00793996179509	0.00201154650401	0	1511363388.8442676	80.0893854749	0.441062271062
241.5	0.065625	0.00779843269653	0.00203662767852	0	1511363389.6072888	80.0893854749	0.44059015059
241.5	0.065625	0.00710260853213	0.00191120775955	0	1511363390.069163	80.5393258427	0.437985347985
241.5	0.065625	0.00710260853213	0.00191120775955	0	1511363390.832313	80.5393258427	0.437985347985
241.5	0.065625	0.0065389202676	0.00247555707329	0	1511363391.5881064	80.0893854749	0.435567765568
241.5	0.065625	0.00594874150033	0.00192618430012	0	1511363392.074865	80.0893854749	0.435567765568
241.5	0.065625	0.00600776789635	0.00207951465557	0	1511363392.828868	80.0893854749	0.435567765568
241.5	0.065625	0.00600776789635	0.00207951465557	0	1511363393.5768664	80.0893854749	0.435567765568
241.5	0.065625	0.00504851143009	0.00186196996027	0	1511363394.0767715	79.6444444444	0.444395604396
241.5	0.065625	0.00483560090703	0.00198524893874	0	1511363394.8385787	80.0893854749	0.418269363487
241.5	0.065625	0.00483560090703	0.00198524893874	0	1511363395.5938148	80.0893854749	0.418269363487
241.5	0.065625	0.00484286799826	0.00231092382939	0	1511363396.0706582	79.6444444444	0.438656898657
241.0	0.065625	0.00484286799826	0.00231092382939	0	1511363396.8326337	79.6444444444	0.438656898657
241.0	0.065625	0.00468548387097	0.00173433977158	0	1511363397.6063044	79.2044198895	0.441953601954
241.0	0.065625	0.0048621293581	0.00197767996903	0	1511363398.0712354	79.6444444444	0.438901098901
241.0	0.065625	0.0048621293581	0.00197767996903	0	1511363398.8279526	79.6444444444	0.438901098901
241.0	0.065625	0.00554611976369	0.0020736733569	0	1511363399.5843031	79.2044198895	0.441953601954
241.0	0.065625	0.00519205209995	0.00236384792411	0	1511363400.0761652	80.0893854749	0.440491585709
241.0	0.065625	0.00563962765957	0.0021349194625	0	1511363400.8367472	79.2044198895	0.441978021978
241.0	0.065625	0.00608552631579	0.00226568096812	0	1511363401.5908601	79.6444444444	0.438901098901
241.0	0.065625	0.005155872833	0.00257445985341	0	1511363402.074477	79.6444444444	0.427060572278
241.0	0.065625	0.005155872833	0.00257445985341	0	1511363402.8245473	79.6444444444	0.427060572278
241.0	0.065625	0.00463812671161	0.00242959260513	0	1511363403.5785687	79.2044198895	0.436459096459
241.0	0.065625	0.00436428451367	0.00203662767852	0	1511363404.07031	78.7692307692	0.428302808303
240.5	0.065625	0.00403938579342	0.00190557081704	0	1511363404.8630824	80.0893854749	0.435384615385
240.0	0.065625	0.00295888157895	0.00221252259484	0	1511363405.6232224	79.2044198895	0.441953601954
240.0	0.065625	0.00268874837169	0.00185932599124	0	1511363406.0720363	79.2044198895	0.441929181929
239.5	0.065625	0.00268874837169	0.00185932599124	0	1511363406.826669	79.2044198895	0.441929181929
239.0	0.065625	0.0032154803685	0.00186881240991	0	1511363407.5921528	79.2044198895	0.441978021978
239.0	0.065625	0.00157201086957	0.00179352972588	0	1511363408.0736973	80.0893854749	0.43436215958
238.5	0.065625	0.00157201086957	0.00179352972588	0	1511363408.8185456	80.0893854749	0.43436215958
238.0	0.065625	0.00221977504433	0.00205472568356	0	1511363409.589457	80.5393258427	0.425733397038
238.0	0.065625	0.00173873985078	0.00222739427677	0	1511363410.0703049	79.6444444444	0.438644688645
237.5	0.065625	0.00173873985078	0.00222739427677	0	1511363410.823664	79.6444444444	0.438644688645
237.0	0.065625	0.000867215442878	0.00203856855922	0	1511363411.6014895	79.2044198895	0.447472527473
237.0	0.065625	0.00127543407488	0.00212062650806	0	1511363412.0703466	79.2044198895	0.441978021978
236.5	0.065625	0.000934002633311	0.00188411905496	0	1511363412.8280334	80.0893854749	0.435567765568
236.0	0.065625	0.000418218085106	0.00222416604836	0	1511363413.5912175	79.6444444444	0.438595848596
236.0	0.065625	0.000305665868785	0.0021051692478	0	1511363414.0739715	79.2044198895	0.430989010989
235.5	0.065625	0.000305665868785	0.0021051692478	0	1511363414.832127	79.2044198895	0.430989010989
235.0	0.065625	0.000678943452381	0.00191255609656	0	1511363415.5946672	79.2044198895	0.441953601954
234.5	0.065625	0.000386597938144	0.00207440206598	0	1511363416.073856	79.2044198895	0.447448107448
234.5	0.065625	0.000397257145927	0.00213103331257	0	1511363416.839699	79.6444444444	0.438799348799
234.0	0.065625	0.000626120573734	0.00163890463068	0	1511363417.5956838	79.6444444444	0.433406593407
234.0	0.065625	0.000725532148343	0.00199473415049	0	1511363418.0705209	79.6444444444	0.438901098901
233.5	0.065625	0.000725532148343	0.00199473415049	0	1511363418.82356	79.6444444444	0.438901098901
233.0	0.065625	0.000392702116115	0.0017010109834	0	1511363419.5971944	80.0893854749	0.441037851038
232.5	0.065625	6.57894736842e-05	0.00212572295018	0	1511363420.0711157	80.0893854749	0.441037851038
232.5	0.065625	0.0005208898535	0.00190562478394	0	1511363420.850964	79.2044198895	0.441978021978
232.0	0.065625	0.000428255979811	0.00149595626946	0	1511363421.6058784	78.7692307692	0.444531658817
231.5	0.065625	0.000317934782609	0.00230277870335	0	1511363422.0748076	79.2044198895	0.430744810745
231.5	0.065625	0.000317934782609	0.00230277870335	0	1511363422.8405468	79.2044198895	0.430744810745
231.0	0.065625	0.000135566188198	0.00182736110689	0	1511363423.5935967	80.0893854749	0.444150165455
230.5	0.065625	0.000289703647416	0.00198579581424	0	1511363424.0754483	80.5393258427	0.442274247492
