
#$Filter:1
#$	0	1	 1
#$	1	op06	 0.251188643150958
#$	2	op09	0.12848931924611138
#$	3	op18*op18*op18	3.9810717055349725e-06
#$	4	ns12	1e-7
#$	5	0	 1e-22
#$POWER:47.6, mW
#$WAVELENGTH:532,nm
#$OBJECT:Air, on wires	=	=	=	=	=	=	=	=
angle	ref	signal	signal_std	filter	Time	freq	duty_cycle
0.5	0.1833332875	0.00135439780955	0.00221231339173	0	1510331675.8034995	47.6279069767	0.546511627907
0.5	0.1833332875	0.000488114422184	0.00199302910541	0	1510331676.5602374	47.6279069767	0.540697674419
0.0	0.1833332875	0.00139120612198	0.00195700718704	0	1510331677.3877072	47.9064327485	0.538067552602
0.0	0.1833332875	0.00145582228562	0.00235621072865	0	1510331677.9920342	47.9064327485	0.543881506091
360.0	0.1833332875	0.00212375621814	0.00273340982895	0	1510331678.7584996	47.6279069767	0.53488372093
359.5	0.1833332875	0.00347116036471	0.00274412230523	0	1510331679.5397751	47.6279069767	0.540697674419
359.5	0.187499953125	0.00422277316083	0.00264066585377	0	1510331680.3916986	47.9064327485	0.543881506091
359.0	0.1833332875	0.00514480663697	0.00337891056386	0	1510331681.001583	47.9064327485	0.555509413068
358.5	0.1833332875	0.00846043235783	0.003884265651	0	1510331681.7701592	47.9064327485	0.543881506091
358.5	0.1833332875	0.0123495260466	0.00472006285691	0	1510331682.5379927	47.9064327485	0.538067552602
358.0	0.1833332875	0.0146942983207	0.00540001938542	0	1510331683.3872805	47.9064327485	0.549695459579
357.5	0.1833332875	0.0166202871844	0.00636478079762	0	1510331684.0010884	47.9064327485	0.538067552602
357.5	0.1833332875	0.034526291226	0.00509456456844	0	1510331684.7680156	47.9064327485	0.549695459579
357.0	0.1833332875	0.0341944180896	0.0054252812105	0	1510331685.5380182	47.9064327485	0.543881506091
356.5	0.1833332875	0.034474973575	0.00481530286339	0	1510331686.3897994	47.9064327485	0.543881506091

#$Filter:1
#$	0	1	 1
#$	1	op06	 0.251188643150958
#$	2	op09	0.12848931924611138
#$	3	op18*op18*op18	3.9810717055349725e-06
#$	4	ns12	1e-7
#$	5	0	 1e-22
#$POWER:47.6, mW
#$WAVELENGTH:532,nm
#$OBJECT:Air, on wires	=	=	=	=	=	=	=	=
angle	ref	signal	signal_std	filter	Time	freq	duty_cycle
356.0	0.1833332875	0.0342418183626	0.00529205262389	0	1510331687.9426448	47.9064327485	0.543881506091
356.0	0.1833332875	0.0343736360451	0.00364443810833	0	1510331688.7075503	47.6279069767	0.552325581395

#$Filter:1
#$	0	1	 1
#$	1	op06	 0.251188643150958
#$	2	op09	0.12848931924611138
#$	3	op18*op18*op18	3.9810717055349725e-06
#$	4	ns12	1e-7
#$	5	0	 1e-22
#$POWER:47.6, mW
#$WAVELENGTH:532,nm
#$OBJECT:Air, on wires	=	=	=	=	=	=	=	=
angle	ref	signal	signal_std	filter	Time	freq	duty_cycle
355.5	0.1833332875	0.0790085984815	0.0207767448584	0	1510331700.384646	48.1882352941	0.547065337763
355.0	0.1833332875	0.0748050945784	0.0208806362689	0	1510331700.9957056	48.1882352941	0.552879291251
354.5	0.1833332875	0.0734533001324	0.0207674526615	0	1510331701.7619777	47.9064327485	0.555509413068
354.5	0.1833332875	0.075740579136	0.0210795319893	0	1510331702.532017	48.1882352941	0.552879291251
354.0	0.1833332875	0.0976659299995	0.025767247746	0	1510331703.3842876	47.9064327485	0.549695459579
353.5	0.187499953125	0.084317661395	0.0234781490057	0	1510331703.9941034	48.1882352941	0.552879291251
353.5	0.1833332875	0.0626565642594	0.0172672047901	0	1510331704.762968	47.9064327485	0.555509413068
353.0	0.1833332875	0.0931469852603	0.0251534056865	0	1510331705.5210018	48.1882352941	0.552879291251
352.5	0.1833332875	0.0857657905244	0.022029193997	0	1510331706.3958104	47.9064327485	0.549695459579
352.5	0.1833332875	0.0960783444105	0.027388339995	0	1510331707.0086353	47.9064327485	0.555509413068
352.0	0.1833332875	0.0811118743089	0.0217089779944	0	1510331707.823704	48.1882352941	0.547065337763
350.5	0.1833332875	0.119605812435	0.0346254064555	0	1510331708.5893896	47.9064327485	0.555509413068
350.0	0.1833332875	0.121518616542	0.0340387050851	0	1510331709.3942552	47.9064327485	0.555509413068
349.0	0.1833332875	0.0859704173592	0.0237938080368	0	1510331710.0068698	47.9064327485	0.555509413068
348.5	0.1833332875	0.110657235241	0.0315807059285	0	1510331710.797172	47.9064327485	0.555509413068
347.5	0.1833332875	0.0945848744988	0.0234011310555	0	1510331711.6040106	47.9064327485	0.543881506091
346.5	0.1833332875	0.073934239349	0.0216303902081	0	1510331712.3918903	47.9064327485	0.555509413068
346.0	0.1833332875	0.0818299316055	0.0239789987497	0	1510331712.9968545	48.1882352941	0.552879291251
345.0	0.187499953125	0.0676000543251	0.0174908603741	0	1510331713.762175	47.9064327485	0.549695459579
344.0	0.1833332875	0.0583263159506	0.0173482281026	0	1510331714.5416186	47.9064327485	0.555509413068
343.0	0.1833332875	0.0602482755362	0.0171309387402	0	1510331715.384073	48.1882352941	0.547065337763
342.5	0.1833332875	0.0385023408018	0.0128881374985	0	1510331715.9922671	48.1882352941	0.547065337763
341.5	0.1833332875	0.0387270558453	0.0112151078579	0	1510331716.7621362	47.9064327485	0.549695459579
340.5	0.1833332875	0.0272508478881	0.00894377961724	0	1510331717.5280778	47.9064327485	0.549695459579
340.0	0.1833332875	0.0264080713527	0.00796654107523	0	1510331718.386014	48.1882352941	0.552879291251
339.0	0.1833332875	0.0213361057771	0.00684154362967	0	1510331718.99387	47.9064327485	0.549695459579
338.5	0.1833332875	0.0184131341244	0.00577723648297	0	1510331719.7634761	47.9064327485	0.543881506091
337.5	0.1833332875	0.0155155944117	0.00577231492076	0	1510331720.5301404	47.9064327485	0.543881506091
336.5	0.1833332875	0.0169662350747	0.00582835965601	0	1510331721.3934493	47.6279069767	0.546511627907
335.5	0.1833332875	0.0149564065173	0.00598992112795	0	1510331722.0084355	47.9064327485	0.549695459579
334.5	0.1833332875	0.0143261360196	0.00581304659971	0	1510331722.7762806	47.9064327485	0.549695459579
334.0	0.1833332875	0.0145088282816	0.0058420350152	0	1510331723.5432937	47.9064327485	0.549695459579
333.0	0.1833332875	0.00695168319046	0.00269542984946	0	1510331724.4550204	47.9064327485	0.549695459579
332.0	0.1833332875	0.0121747101904	0.00525080819734	0	1510331725.3895252	47.9064327485	0.549695459579
331.5	0.1833332875	0.0110111682796	0.00502411943898	0	1510331726.0024245	47.9064327485	0.549695459579
330.5	0.1833332875	0.0117181843454	0.00497604702578	0	1510331726.7638113	47.9064327485	0.555509413068
329.5	0.1833332875	0.0120456522592	0.00491146453725	0	1510331727.529689	47.6279069767	0.546511627907
328.5	0.187499953125	0.0117895379417	0.00474310328102	0	1510331728.3905106	47.9064327485	0.549695459579
327.5	0.1833332875	0.010752829304	0.0046004075832	0	1510331729.0023081	47.9064327485	0.549695459579
327.0	0.187499953125	0.0110045795165	0.00429801676654	0	1510331729.7703009	47.6279069767	0.53488372093
326.0	0.1833332875	0.00937710203283	0.00434267951099	0	1510331730.5417938	47.9064327485	0.549695459579
325.0	0.1833332875	0.0105106182874	0.00424207025927	0	1510331731.3799767	47.6279069767	0.53488372093
324.5	0.1833332875	0.00942341338725	0.00418543870379	0	1510331731.9915612	47.6279069767	0.53488372093
324.0	0.1833332875	0.0094592190049	0.00370465562354	0	1510331732.7612827	47.6279069767	0.53488372093
322.5	0.1833332875	0.00946440528156	0.00406156992475	0	1510331733.5297444	47.9064327485	0.538067552602
322.0	0.1833332875	0.00847588819442	0.00373151650764	0	1510331734.3800056	47.9064327485	0.543881506091
321.0	0.1833332875	0.00874718826501	0.00391968006836	0	1510331734.987339	47.9064327485	0.543881506091
320.0	0.1833332875	0.00861488970269	0.00400337678034	0	1510331735.7594874	47.9064327485	0.549695459579
319.5	0.187499953125	0.00840314317064	0.0040637342252	0	1510331736.5250401	47.9064327485	0.543881506091
318.5	0.187499953125	0.00708632762407	0.00400488390939	0	1510331737.449006	47.9064327485	0.555509413068
317.5	0.1833332875	0.00829490533368	0.00400722667675	0	1510331738.3789728	47.9064327485	0.549695459579
316.5	0.1833332875	0.00815897231923	0.00414597267283	0	1510331738.987853	47.9064327485	0.549695459579
316.0	0.1833332875	0.00762297931893	0.00374118262918	0	1510331739.7547808	47.6279069767	0.552325581395
315.0	0.1833332875	0.00703849539137	0.00372885177981	0	1510331740.5245564	47.9064327485	0.543881506091
314.0	0.187499953125	0.00750808216856	0.00355814946783	0	1510331741.3834567	47.6279069767	0.546511627907
313.0	0.1833332875	0.00698913642935	0.00346354662949	0	1510331741.9894307	47.9064327485	0.549695459579
312.5	0.1833332875	0.00713443553833	0.00372730306801	0	1510331742.7540934	47.9064327485	0.543881506091
311.5	0.1833332875	0.00623941817953	0.00329295865772	0	1510331743.5321553	47.6279069767	0.540697674419
310.5	0.1833332875	0.00710121371089	0.00341888057859	0	1510331744.383089	47.6279069767	0.558139534884
310.0	0.1833332875	0.00635230020221	0.00340343939903	0	1510331744.998852	47.6279069767	0.53488372093
309.0	0.1833332875	0.0069987340053	0.00375007092945	0	1510331745.769306	47.6279069767	0.546511627907
308.0	0.1833332875	0.00665365980117	0.00294973753444	0	1510331746.5355468	47.6279069767	0.558139534884
307.5	0.1833332875	0.00706146811244	0.00346661895726	0	1510331747.3875287	47.6279069767	0.53488372093
306.5	0.187499953125	0.0066085271386	0.00320329592507	0	1510331748.00032	47.9064327485	0.549695459579
305.5	0.1833332875	0.00558705192064	0.00297848729718	0	1510331748.7683723	47.9064327485	0.538067552602
305.0	0.1833332875	0.00586130287631	0.00329318981725	0	1510331749.534738	47.6279069767	0.540697674419
303.5	0.1833332875	0.00674739859805	0.00297167704323	0	1510331750.3880315	47.6279069767	0.546511627907
303.0	0.1833332875	0.00488589621442	0.0029378877623	0	1510331750.9979277	47.6279069767	0.546511627907
302.0	0.1833332875	0.00566211052307	0.00305612698449	0	1510331751.7768145	48.1882352941	0.552879291251
301.5	0.187499953125	0.00508514830136	0.0024562654408	0	1510331752.5457807	47.9064327485	0.549695459579
300.5	0.187499953125	0.00409175467507	0.00276858938035	0	1510331753.383543	47.9064327485	0.549695459579
299.5	0.1833332875	0.0050196336535	0.00341303553895	0	1510331753.998622	47.9064327485	0.549695459579
299.0	0.1833332875	0.00511047852036	0.0027322317133	0	1510331754.7674372	47.9064327485	0.555509413068
298.0	0.1833332875	0.00485212171113	0.00278126382412	0	1510331755.5341356	47.9064327485	0.555509413068
297.0	0.1833332875	0.00468085709189	0.00266868546624	0	1510331756.3841088	48.1882352941	0.547065337763
296.5	0.1833332875	0.0054073561212	0.00288661240633	0	1510331756.998049	47.9064327485	0.555509413068
295.5	0.1833332875	0.00428740989681	0.00259984494447	0	1510331757.7720435	47.9064327485	0.549695459579
294.5	0.1833332875	0.00458609641097	0.00276077546874	0	1510331758.5439694	47.9064327485	0.555509413068
293.5	0.1833332875	0.0043512444181	0.00286240424883	0	1510331759.3874724	47.9064327485	0.555509413068
293.0	0.1833332875	0.00383381314411	0.00237684203621	0	1510331759.999747	47.9064327485	0.543881506091
292.0	0.1833332875	0.00422783521537	0.00245761889416	0	1510331760.766351	47.9064327485	0.549695459579
291.0	0.1833332875	0.00335500044528	0.00227430748067	0	1510331761.5433977	47.9064327485	0.549695459579
290.0	0.1833332875	0.00338737183439	0.0023087870726	0	1510331762.3867848	47.9064327485	0.543881506091
289.5	0.1833332875	0.00326959485686	0.00243541891432	0	1510331762.9972532	47.9064327485	0.549695459579
288.5	0.1833332875	0.00380099620075	0.00228685806296	0	1510331763.7720566	47.9064327485	0.549695459579
287.5	0.1833332875	0.00353560232331	0.00253083575557	0	1510331764.5360508	47.9064327485	0.555509413068
287.0	0.1833332875	0.00381935445827	0.0024782378385	0	1510331765.3777578	47.9064327485	0.549695459579
286.0	0.187499953125	0.00354469284602	0.00234243001794	0	1510331765.985709	47.6279069767	0.546511627907
285.0	0.1833332875	0.00279130984348	0.00227486007977	0	1510331766.754678	47.9064327485	0.543881506091
284.5	0.1833332875	0.00337332536749	0.00200584691703	0	1510331767.5244136	47.9064327485	0.543881506091
283.5	0.1833332875	0.00304617089088	0.00212506693871	0	1510331768.3834825	47.9064327485	0.543881506091
282.5	0.1833332875	0.00318545148284	0.00230390204021	0	1510331768.9863324	47.9064327485	0.543881506091
282.0	0.1833332875	0.00235843958133	0.00250912554896	0	1510331769.7538407	47.6279069767	0.546511627907
281.0	0.1833332875	0.00218348552972	0.00182110320927	0	1510331770.5120046	47.6279069767	0.53488372093
280.0	0.1833332875	0.00283402706927	0.00226750022233	0	1510331771.3880262	47.6279069767	0.546511627907
279.0	0.187499953125	0.00221926848871	0.00233967887928	0	1510331771.999808	47.6279069767	0.558139534884
278.5	0.1833332875	0.0027901296086	0.002291733653	0	1510331772.765329	47.9064327485	0.538067552602
277.5	0.1833332875	0.00234967889976	0.00233592251547	0	1510331773.535593	47.9064327485	0.543881506091
276.5	0.1833332875	0.00183393828795	0.00238595822979	0	1510331774.3885453	47.9064327485	0.543881506091
276.0	0.1833332875	0.000863544651532	0.00174398387099	0	1510331774.997273	47.6279069767	0.540697674419
275.0	0.1833332875	0.00175022361502	0.00202270898575	0	1510331775.7673767	47.9064327485	0.538067552602
274.0	0.187499953125	0.00129927346032	0.00186889548913	0	1510331776.529174	47.9064327485	0.538067552602
273.0	0.1833332875	0.00128053742915	0.00180395991359	0	1510331777.379047	47.9064327485	0.549695459579
272.5	0.1833332875	0.000967396481798	0.00185453408237	0	1510331777.9879334	47.9064327485	0.549695459579
271.5	0.1833332875	0.00141198318293	0.00208789203427	0	1510331778.766851	47.6279069767	0.552325581395
270.5	0.1833332875	0.000726284898612	0.00179452969074	0	1510331779.5347347	47.6279069767	0.558139534884
269.5	0.1833332875	0.00119204030028	0.00162486226548	0	1510331780.3835483	47.6279069767	0.546511627907
269.0	0.1833332875	0.00139243198807	0.00173254484931	0	1510331780.9994385	47.6279069767	0.546511627907
268.5	0.1833332875	0.00129294839471	0.00165384436005	0	1510331781.757289	47.9064327485	0.549695459579
267.0	0.1833332875	0.00119466171697	0.00165787241239	0	1510331782.5212653	47.9064327485	0.555509413068
266.5	0.1833332875	0.000782310909827	0.00170461682265	0	1510331783.3880718	47.9064327485	0.549695459579
265.5	0.187499953125	0.00149082939937	0.00252627141838	0	1510331783.9990625	47.9064327485	0.549695459579
264.5	0.1833332875	0.00437986001615	0.00292225683316	0	1510331784.7648351	47.9064327485	0.543881506091
264.0	0.1833332875	0.00384043375427	0.00260982394907	0	1510331785.5337167	47.9064327485	0.549695459579
263.0	0.1833332875	0.00399743489808	0.00247291498163	0	1510331786.3886926	47.9064327485	0.549695459579
262.0	0.1833332875	0.00425688996142	0.00233395490791	0	1510331786.9880197	47.9064327485	0.543881506091
261.5	0.1833332875	0.00475901196439	0.00232867810479	0	1510331787.7533262	47.9064327485	0.549695459579
260.5	0.1833332875	0.00402569022795	0.00263766216185	0	1510331788.5229003	47.6279069767	0.552325581395
259.5	0.1833332875	0.00252590748818	0.00202307050445	0	1510331789.3879914	47.9064327485	0.543881506091
258.5	0.1833332875	0.00237921949067	0.00181644309901	0	1510331789.9971492	47.9064327485	0.549695459579
258.0	0.1833332875	0.00204102513077	0.0015633371924	0	1510331790.7619	47.9064327485	0.549695459579
257.0	0.1833332875	0.00213096662471	0.00206405387636	0	1510331791.534765	47.9064327485	0.555509413068
256.0	0.1833332875	0.00225794103096	0.00169932402327	0	1510331792.3835676	48.1882352941	0.547065337763
255.5	0.1833332875	0.00226207208405	0.0018469619087	0	1510331792.998463	47.6279069767	0.546511627907
254.5	0.1833332875	0.00196894537671	0.00215015477828	0	1510331793.7636232	47.6279069767	0.546511627907
253.5	0.187499953125	0.00192677076182	0.00193302680938	0	1510331794.5210793	47.9064327485	0.555509413068
252.5	0.1833332875	0.0018704162704	0.00169397018927	0	1510331795.3881454	47.9064327485	0.555509413068
252.0	0.1833332875	0.00247358766557	0.00172802714778	0	1510331795.9992995	47.6279069767	0.552325581395
251.0	0.1833332875	0.00207489747249	0.00208693632755	0	1510331796.765111	47.9064327485	0.549695459579
250.0	0.187499953125	0.00213306570605	0.00192312095745	0	1510331797.5348673	47.9064327485	0.543881506091
249.0	0.1833332875	0.00254077337755	0.00188511076218	0	1510331798.3887541	47.6279069767	0.540697674419
248.5	0.1833332875	0.00268336547651	0.00200112458824	0	1510331798.9957013	47.9064327485	0.549695459579
247.5	0.1833332875	0.00311932810221	0.00224228390431	0	1510331799.7665114	47.9064327485	0.549695459579
246.5	0.1833332875	0.00329104703202	0.00219995033221	0	1510331800.5354774	47.9064327485	0.543881506091
245.5	0.1833332875	0.00443520547683	0.00252802848686	0	1510331801.3874643	47.9064327485	0.549695459579
245.0	0.1833332875	0.00384191080423	0.00241786923597	0	1510331801.9978669	47.9064327485	0.555509413068
244.0	0.187499953125	0.00482274831064	0.00211998887056	0	1510331802.7666085	47.9064327485	0.543881506091
243.0	0.1833332875	0.00509161133663	0.00274664421324	0	1510331803.546965	47.9064327485	0.543881506091
242.0	0.1833332875	0.00597785617831	0.00295288463427	0	1510331804.3839862	47.9064327485	0.549695459579
241.5	0.1833332875	0.00499941114331	0.00258658392985	0	1510331804.9959452	47.9064327485	0.549695459579
240.5	0.1833332875	0.00813362947946	0.00366945214389	0	1510331805.7563136	47.9064327485	0.555509413068
239.5	0.1833332875	0.00683826085963	0.00313732766934	0	1510331806.5233378	47.9064327485	0.555509413068
239.0	0.1833332875	0.00880089986163	0.0034730268161	0	1510331807.3875494	48.1882352941	0.523532668882
238.0	0.1833332875	0.0090827968746	0.00373288425696	0	1510331807.9984329	47.9064327485	0.549695459579
237.0	0.1833332875	0.0102534162401	0.00354320033259	0	1510331808.7651865	47.9064327485	0.549695459579
236.5	0.1833332875	0.0112233893074	0.00408733813329	0	1510331809.5440612	47.9064327485	0.549695459579
235.0	0.1833332875	0.0123731049072	0.00428922821778	0	1510331810.3849046	47.9064327485	0.543881506091
234.5	0.1833332875	0.00958599822942	0.00351255367882	0	1510331810.9889488	47.9064327485	0.538067552602
234.0	0.1833332875	0.0119579186886	0.00456145991535	0	1510331811.752847	47.6279069767	0.558139534884
232.5	0.1833332875	0.0137898875089	0.00514591886044	0	1510331812.5227327	47.6279069767	0.558139534884
232.0	0.1833332875	0.0161113557335	0.0046057775091	0	1510331813.383316	47.6279069767	0.53488372093
231.0	0.1833332875	0.0166784171989	0.00550989326024	0	1510331813.988248	47.6279069767	0.558139534884
230.0	0.1833332875	0.0155162710497	0.00554206037832	0	1510331814.7549489	47.9064327485	0.543881506091
229.5	0.187499953125	0.0158074164801	0.00523755407957	0	1510331815.5227063	47.6279069767	0.53488372093
228.5	0.1833332875	0.0179905283919	0.00575371133745	0	1510331816.3770375	47.9064327485	0.538067552602
227.5	0.1833332875	0.0171628340284	0.00554049144943	0	1510331816.986059	47.6279069767	0.546511627907
227.0	0.1833332875	0.0165321361804	0.00479925606768	0	1510331817.7547991	47.9064327485	0.543881506091
225.5	0.1833332875	0.0207775945207	0.00614999363035	0	1510331818.5206897	47.6279069767	0.546511627907
225.0	0.1833332875	0.0187699512226	0.00582976578034	0	1510331819.38468	48.1882352941	0.552879291251
224.0	0.1833332875	0.0224443710653	0.00722080704849	0	1510331819.9984546	47.9064327485	0.555509413068
223.0	0.1833332875	0.0225322152614	0.00719354059188	0	1510331820.7643754	47.9064327485	0.538067552602
222.5	0.1833332875	0.0214001727126	0.00733097507744	0	1510331821.5343428	47.9064327485	0.543881506091
221.5	0.1833332875	0.0244093664082	0.00705603033253	0	1510331822.3921318	47.9064327485	0.538067552602
220.5	0.1833332875	0.022123053586	0.0072087838565	0	1510331823.0000336	47.9064327485	0.549695459579
220.0	0.1833332875	0.0277715742537	0.00824058554835	0	1510331823.7689288	47.9064327485	0.549695459579
219.0	0.1833332875	0.0296177276383	0.00810538917326	0	1510331824.5346572	47.9064327485	0.549695459579
218.0	0.1833332875	0.0333093727185	0.00871084607147	0	1510331825.3783653	47.6279069767	0.540697674419
217.0	0.1833332875	0.0270616919525	0.00936688697132	0	1510331825.9875102	47.9064327485	0.543881506091
216.5	0.1833332875	0.0305616020462	0.00860212750233	0	1510331826.7535508	47.9064327485	0.543881506091
215.5	0.1833332875	0.0347416017903	0.00710094225329	0	1510331827.5222175	47.6279069767	0.540697674419
214.5	0.1833332875	0.0330359782082	0.00797313374806	0	1510331828.3763378	47.9064327485	0.549695459579
214.0	0.1833332875	0.0297632081049	0.00951299337737	0	1510331828.9857843	47.9064327485	0.543881506091
213.0	0.1833332875	0.0345146815423	0.00794041520101	0	1510331829.7546666	47.9064327485	0.549695459579
212.0	0.1833332875	0.0347017897576	0.00804788698144	0	1510331830.5349846	47.9064327485	0.549695459579
211.0	0.1833332875	0.035331365811	0.00830542037014	0	1510331831.3847005	48.1882352941	0.552879291251
210.5	0.1833332875	0.0347229970173	0.00937348662315	0	1510331831.9957101	48.4733727811	0.556201550388
209.5	0.1833332875	0.0359737979866	0.00716092025621	0	1510331832.76547	48.4733727811	0.556201550388
208.5	0.1833332875	0.0368669601565	0.00647078385332	0	1510331833.5355134	48.4733727811	0.556201550388
207.5	0.1833332875	0.0354871454471	0.00781707541399	0	1510331834.3879657	48.4733727811	0.550249169435
207.0	0.1833332875	0.0333837167253	0.00971111617026	0	1510331834.9963305	48.4733727811	0.550249169435

#$Filter:1
#$	0	1	 1
#$	1	op06	 0.251188643150958
#$	2	op09	0.12848931924611138
#$	3	op18*op18*op18	3.9810717055349725e-06
#$	4	ns12	1e-7
#$	5	0	 1e-22
#$POWER:47.6, mW
#$WAVELENGTH:532,nm
#$OBJECT:Air, on wires	=	=	=	=	=	=	=	=
angle	ref	signal	signal_std	filter	Time	freq	duty_cycle
205.5	0.1833332875	0.0500542019474	0.0150494362369	0	1510331840.585351	47.9064327485	0.549695459579
205.0	0.1833332875	0.0730961355721	0.0196864759204	0	1510331841.3837562	47.9064327485	0.543881506091
204.5	0.1833332875	0.0664348119024	0.0227269178892	0	1510331841.985253	47.9064327485	0.555509413068
203.5	0.1833332875	0.0885860177395	0.0239263475623	0	1510331842.7500079	47.9064327485	0.549695459579

#$Filter:1
#$	0	1	 1
#$	1	op06	 0.251188643150958
#$	2	op09	0.12848931924611138
#$	3	op18*op18*op18	3.9810717055349725e-06
#$	4	ns12	1e-7
#$	5	0	 1e-22
#$POWER:47.6, mW
#$WAVELENGTH:532,nm
#$OBJECT:Air, on wires	=	=	=	=	=	=	=	=
angle	ref	signal	signal_std	filter	Time	freq	duty_cycle
209.5	0.1833332875	0.0598122674757	0.0171861422534	0	1510331853.6864543	48.1882352941	0.552879291251
209.5	0.1833332875	0.058505327254	0.0181096789168	0	1510331854.4521158	47.9064327485	0.549695459579
208.5	0.1833332875	0.0671023692643	0.0221071769354	0	1510331855.3880897	48.1882352941	0.547065337763
207.5	0.1833332875	0.0415819461759	0.0147609497793	0	1510331856.0001507	48.1882352941	0.552879291251
206.5	0.1833332875	0.0567758048944	0.0158004878957	0	1510331856.7660022	47.9064327485	0.549695459579
206.0	0.1833332875	0.0528636322423	0.0152381903878	0	1510331857.5358083	47.9064327485	0.555509413068
204.5	0.1833332875	0.067725944607	0.0192016588341	0	1510331858.3869884	48.1882352941	0.552879291251

#$Filter:1
#$	0	1	 1
#$	1	op06	 0.251188643150958
#$	2	op09	0.12848931924611138
#$	3	op18*op18*op18	3.9810717055349725e-06
#$	4	ns12	1e-7
#$	5	0	 1e-22
#$POWER:47.6, mW
#$WAVELENGTH:532,nm
#$OBJECT:Air, on wires	=	=	=	=	=	=	=	=
angle	ref	signal	signal_std	filter	Time	freq	duty_cycle
221.0	0.187499953125	0.0253262757197	0.00799122246074	0	1510331876.685974	48.1882352941	0.552879291251
221.0	0.1833332875	0.0263531985399	0.00811656283375	0	1510331877.4645846	48.4733727811	0.550249169435
220.0	0.1833332875	0.0283206286557	0.00916709962785	0	1510331878.3912702	48.1882352941	0.552879291251
219.0	0.1833332875	0.0288163745623	0.00867405943192	0	1510331879.0010579	48.1882352941	0.552879291251
218.0	0.1833332875	0.0345197919399	0.0102738183219	0	1510331879.7715704	48.1882352941	0.552879291251
217.5	0.1833332875	0.0328960426805	0.0100589145432	0	1510331880.5363665	48.1882352941	0.552879291251
216.0	0.1833332875	0.0293422291317	0.00876831033193	0	1510331881.382153	48.1882352941	0.547065337763
215.5	0.187499953125	0.0287484970864	0.00997535797559	0	1510331881.9901605	48.1882352941	0.552879291251
215.0	0.1833332875	0.0428317556738	0.0133742937699	0	1510331882.758775	48.1882352941	0.552879291251
214.0	0.1833332875	0.031845362409	0.00977151145766	0	1510331883.5278292	48.1882352941	0.552879291251
213.0	0.1833332875	0.0377820418365	0.0104359700767	0	1510331884.3888137	48.1882352941	0.552879291251
212.0	0.1833332875	0.0394636236443	0.0109597416348	0	1510331885.0027313	47.9064327485	0.555509413068
211.5	0.1833332875	0.0483955007216	0.0151613028898	0	1510331885.7795248	48.1882352941	0.547065337763
210.5	0.1833332875	0.0546733442042	0.0160911887188	0	1510331886.5484664	47.9064327485	0.555509413068
209.5	0.1833332875	0.0548705135893	0.0159199314062	0	1510331887.3893461	48.1882352941	0.552879291251
208.5	0.1833332875	0.0592259823445	0.0194984668665	0	1510331887.9920046	47.9064327485	0.543881506091
208.0	0.1833332875	0.0452361069356	0.0131010843848	0	1510331888.751189	47.9064327485	0.549695459579
207.0	0.1833332875	0.0521892319669	0.0146715277166	0	1510331889.5158222	47.9064327485	0.549695459579
206.0	0.1833332875	0.0544062489034	0.0170356995342	0	1510331890.391714	47.9064327485	0.555509413068
205.0	0.1833332875	0.0524612404459	0.0148846524939	0	1510331890.999626	47.9064327485	0.549695459579
204.5	0.1833332875	0.0726876598908	0.0192896196872	0	1510331891.8525543	47.9064327485	0.549695459579
203.5	0.1833332875	0.0775964193473	0.0212480391016	0	1510331892.6224475	48.1882352941	0.552879291251
202.5	0.1833332875	0.109302679227	0.0318546421206	0	1510331893.3894498	47.9064327485	0.549695459579
202.0	0.1833332875	0.0707074609556	0.01945831178	0	1510331894.002231	48.1882352941	0.547065337763
201.0	0.1833332875	0.0757133218023	0.0189776817793	0	1510331894.7709913	48.1882352941	0.547065337763
200.5	0.1833332875	0.0754956363967	0.0200926191296	0	1510331895.5371218	48.1882352941	0.547065337763
199.0	0.1833332875	0.0881974850731	0.0240469999615	0	1510331896.3888767	48.1882352941	0.552879291251
198.5	0.1833332875	0.0899177837884	0.0226891585992	0	1510331897.0038178	48.1882352941	0.552879291251
197.5	0.1833332875	0.0849660756246	0.0223478363572	0	1510331897.7685401	48.1882352941	0.552879291251
197.0	0.1833332875	0.0937612301209	0.0240586296056	0	1510331898.5386307	48.4733727811	0.556201550388
195.5	0.179166621875	0.107254602816	0.0277091914172	0	1510331899.388436	48.1882352941	0.552879291251
195.0	0.1833332875	0.114555209213	0.034350542417	0	1510331900.0520518	48.4733727811	0.550249169435
194.0	0.1833332875	0.0582476706233	0.0157977184539	0	1510331900.8227153	48.4733727811	0.550249169435
193.0	0.1833332875	0.0107567636926	0.00335845575353	0	1510331901.6491864	48.1882352941	0.552879291251
192.5	0.1833332875	0.0231721821885	0.00785616906884	0	1510331902.4149606	48.1882352941	0.552879291251
191.5	0.1833332875	0.0262143096857	0.00840398286182	0	1510331903.0339694	48.1882352941	0.547065337763
191.0	0.1833332875	0.0245768457076	0.00748384517826	0	1510331903.8067179	48.1882352941	0.547065337763
190.0	0.1833332875	0.0455138846439	0.0129397232103	0	1510331904.5755453	48.1882352941	0.552879291251
189.0	0.1833332875	0.132062288922	0.0336194595574	0	1510331905.3835628	48.1882352941	0.552879291251
188.5	0.1833332875	0.134583085683	0.0361902546906	0	1510331906.0594296	48.1882352941	0.552879291251
187.5	0.1833332875	0.126265804763	0.0358795895556	0	1510331906.8434684	48.1882352941	0.552879291251
186.5	0.1833332875	0.181229089259	0.0503207481859	0	1510331907.660855	48.1882352941	0.552879291251
185.5	0.1833332875	0.16963279235	0.0439776134948	0	1510331908.438927	48.1882352941	0.552879291251

#$Filter:1
#$	0	1	 1
#$	1	op06	 0.251188643150958
#$	2	op09	0.12848931924611138
#$	3	op18*op18*op18	3.9810717055349725e-06
#$	4	ns12	1e-7
#$	5	0	 1e-22
#$POWER:47.6, mW
#$WAVELENGTH:532,nm
#$OBJECT:Air, on wires	=	=	=	=	=	=	=	=
angle	ref	signal	signal_std	filter	Time	freq	duty_cycle
184.5	0.179166621875	0.174185853889	0.0455152542952	0	1510331934.3921325	48.4733727811	0.550249169435

#$Filter:1
#$	0	1	 1
#$	1	op06	 0.251188643150958
#$	2	op09	0.12848931924611138
#$	3	op18*op18*op18	3.9810717055349725e-06
#$	4	ns12	1e-7
#$	5	0	 1e-22
#$POWER:47.6, mW
#$WAVELENGTH:532,nm
#$OBJECT:Air, on wires	=	=	=	=	=	=	=	=
angle	ref	signal	signal_std	filter	Time	freq	duty_cycle
184.0	0.1833332875	0.194201968634	0.051289757647	0	1510331938.6799831	48.4733727811	0.550249169435
183.5	0.1833332875	0.226534131401	0.057548476824	0	1510331939.4804378	48.1882352941	0.552879291251
183.0	0.1833332875	0.717364493024	0.153544655114	0	1510331940.4842865	48.1882352941	0.552879291251
183.0	0.1833332875	0.728256940443	0.0508856027873	0	1510331941.4525645	48.4733727811	0.550249169435

#$Filter:op09
#$	0	1	 1
#$	1	op06	 0.251188643150958
#$	2	op09	0.12848931924611138
#$	3	op18*op18*op18	3.9810717055349725e-06
#$	4	ns12	1e-7
#$	5	0	 1e-22
#$POWER:47.6, mW
#$WAVELENGTH:532,nm
#$OBJECT:Air, on wires	=	=	=	=	=	=	=	=
angle	ref	signal	signal_std	filter	Time	freq	duty_cycle
182.5	0.1833332875	0.179736238353	0.144165036754	2	1510331960.794057	48.1882352941	0.523532668882
182.0	0.1833332875	0.594378667818	0.162411405226	2	1510331961.5640147	48.4733727811	0.556201550388

#$Filter:op09
#$	0	1	 1
#$	1	op06	 0.251188643150958
#$	2	op09	0.12848931924611138
#$	3	op18*op18*op18	3.9810717055349725e-06
#$	4	ns12	1e-7
#$	5	0	 1e-22
#$POWER:47.6, mW
#$WAVELENGTH:532,nm
#$OBJECT:Air, on wires	=	=	=	=	=	=	=	=
angle	ref	signal	signal_std	filter	Time	freq	duty_cycle
182.0	0.1833332875	2.75192509727	0.666038459079	2	1510331969.7597985	48.4733727811	0.550249169435
181.5	0.1833332875	7.52380509911	1.13088149116	2	1510331970.588283	48.4733727811	0.550249169435
181.5	0.1833332875	7.4864233873	1.22946815345	2	1510331971.4484758	48.4733727811	0.550249169435

#$Filter:op18*op18*op18
#$	0	1	 1
#$	1	op06	 0.251188643150958
#$	2	op09	0.12848931924611138
#$	3	op18*op18*op18	3.9810717055349725e-06
#$	4	ns12	1e-7
#$	5	0	 1e-22
#$POWER:47.6, mW
#$WAVELENGTH:532,nm
#$OBJECT:Air, on wires	=	=	=	=	=	=	=	=
angle	ref	signal	signal_std	filter	Time	freq	duty_cycle
181.5	0.187499953125	0.0120721835916	0.00457179409281	3	1510331988.7157118	48.1882352941	0.552879291251
181.5	0.1833332875	0.023845631503	0.0083506427959	3	1510331989.4856873	48.1882352941	0.552879291251
181.5	0.1833332875	0.033701950264	0.00876368351068	3	1510331990.4336872	48.1882352941	0.552879291251

#$Filter:op18*op18*op18
#$	0	1	 1
#$	1	op06	 0.251188643150958
#$	2	op09	0.12848931924611138
#$	3	op18*op18*op18	3.9810717055349725e-06
#$	4	ns12	1e-7
#$	5	0	 1e-22
#$POWER:47.6, mW
#$WAVELENGTH:532,nm
#$OBJECT:Air, on wires	=	=	=	=	=	=	=	=
angle	ref	signal	signal_std	filter	Time	freq	duty_cycle
181.5	0.1833332875	0.0527616677213	0.0152522993096	3	1510331997.5974398	48.1882352941	0.552879291251
181.5	0.1833332875	0.062579055114	0.0156454656673	3	1510331998.3903565	48.4733727811	0.544435215947
181.5	0.1833332875	0.0763543256408	0.0200840506161	3	1510331999.011409	48.1882352941	0.552879291251
181.5	0.1833332875	0.0835342383757	0.0233042540876	3	1510331999.7688277	48.1882352941	0.552879291251
181.5	0.1833332875	0.0982486666863	0.0254657185605	3	1510332000.5390341	48.4733727811	0.550249169435
181.5	0.187499953125	0.101763161654	0.0272683168208	3	1510332001.3910038	48.4733727811	0.550249169435
181.0	0.1833332875	0.107272577597	0.0271879058309	3	1510332002.0557423	48.1882352941	0.547065337763
181.0	0.187499953125	0.114299116724	0.0310578701395	3	1510332002.8297768	48.1882352941	0.552879291251
181.0	0.187499953125	0.119946968244	0.034307654622	3	1510332003.5875003	48.1882352941	0.552879291251
181.0	0.1833332875	0.125984655114	0.0329474964306	3	1510332004.3803983	48.1882352941	0.552879291251
181.0	0.1833332875	0.127593345377	0.0358815008031	3	1510332004.9914992	48.1882352941	0.552879291251
181.0	0.187499953125	0.135514361487	0.036641662834	3	1510332005.7571018	48.1882352941	0.552879291251
181.0	0.1833332875	0.137977351546	0.0358256885642	3	1510332006.5259864	47.9064327485	0.549695459579

#$Filter:op18*op18*op18
#$	0	1	 1
#$	1	op06	 0.251188643150958
#$	2	op09	0.12848931924611138
#$	3	op18*op18*op18	3.9810717055349725e-06
#$	4	ns12	1e-7
#$	5	0	 1e-22
#$POWER:47.6, mW
#$WAVELENGTH:532,nm
#$OBJECT:Air, on wires	=	=	=	=	=	=	=	=
angle	ref	signal	signal_std	filter	Time	freq	duty_cycle
181.0	0.1833332875	0.137758159483	0.0373108673731	3	1510332008.5919445	47.9064327485	0.543881506091
181.0	0.187499953125	0.139667878188	0.0340643358574	3	1510332009.3924909	48.1882352941	0.547065337763
181.0	0.187499953125	0.148484585048	0.0354675679403	3	1510332010.0166974	47.9064327485	0.543881506091
181.0	0.187499953125	0.144865105312	0.039058008308	3	1510332010.7754984	47.9064327485	0.549695459579
181.0	0.1833332875	0.146129593097	0.0381959996566	3	1510332011.5419285	47.9064327485	0.549695459579
181.0	0.1833332875	0.147429056335	0.0393925448663	3	1510332012.3838563	47.9064327485	0.549695459579
181.0	0.1833332875	0.143202291141	0.0437834808208	3	1510332012.9950752	47.9064327485	0.555509413068
180.5	0.1833332875	0.138324395618	0.0352414338095	3	1510332013.7541578	48.1882352941	0.552879291251
180.5	0.1833332875	0.13301278726	0.0341671525543	3	1510332014.5178912	48.1882352941	0.547065337763
180.5	0.187499953125	0.12634748463	0.03033946136	3	1510332015.3847592	47.9064327485	0.543881506091
180.5	0.1833332875	0.121957412531	0.0323303396251	3	1510332015.9907885	48.1882352941	0.552879291251
180.5	0.1833332875	0.113359124082	0.029531890422	3	1510332016.7485435	48.1882352941	0.552879291251
180.5	0.1833332875	0.107469168289	0.0281990276959	3	1510332017.5184312	48.1882352941	0.547065337763
180.5	0.187499953125	0.101984687453	0.0282673606753	3	1510332018.3924313	48.1882352941	0.552879291251
180.5	0.1833332875	0.0996798183849	0.0269877286811	3	1510332018.9959295	47.9064327485	0.549695459579
180.5	0.1833332875	0.103034557361	0.028533666428	3	1510332019.7601025	48.1882352941	0.552879291251
180.5	0.1833332875	0.105986262677	0.0277727480998	3	1510332020.5229602	48.1882352941	0.552879291251
180.5	0.187499953125	0.10619219225	0.0301844749186	3	1510332021.393737	47.9064327485	0.555509413068
180.5	0.1833332875	0.111936581702	0.0285928894055	3	1510332021.9968424	48.1882352941	0.552879291251
180.5	0.1833332875	0.118587043003	0.0295514562018	3	1510332022.759675	48.1882352941	0.552879291251
180.5	0.187499953125	0.136754773504	0.0356390214767	3	1510332023.5166342	48.1882352941	0.547065337763
180.0	0.1833332875	0.175683878638	0.0468600769365	3	1510332024.384461	48.1882352941	0.552879291251
180.0	0.1833332875	0.233175511507	0.0609838654778	3	1510332024.9923937	47.9064327485	0.549695459579
180.0	0.1833332875	0.373719783946	0.0628376319726	3	1510332025.7601483	47.9064327485	0.543881506091
180.0	0.1833332875	0.746564685241	0.0362780717968	3	1510332026.590041	47.9064327485	0.555509413068

#$Filter:op18*op18*op18
#$	0	1	 1
#$	1	op06	 0.251188643150958
#$	2	op09	0.12848931924611138
#$	3	op18*op18*op18	3.9810717055349725e-06
#$	4	ns12	1e-7
#$	5	0	 1e-22
#$POWER:47.6, mW
#$WAVELENGTH:532,nm
#$OBJECT:Air, on wires	=	=	=	=	=	=	=	=
angle	ref	signal	signal_std	filter	Time	freq	duty_cycle
180.0	0.1833332875	6.38698202149	1.56011728351	3	1510332038.624234	47.9064327485	0.549695459579
180.0	0.1833332875	7.3355000779	1.87758454258	3	1510332039.395275	47.9064327485	0.549695459579
180.0	0.1833332875	7.78947474041	2.18134847744	3	1510332040.0057342	47.9064327485	0.555509413068
180.0	0.187499953125	9.15197648747	2.02044409876	3	1510332040.7697892	47.9064327485	0.543881506091
180.0	0.187499953125	10.8577608183	2.55059044483	3	1510332041.5438297	47.9064327485	0.543881506091
180.0	0.187499953125	12.2163037059	2.72447927871	3	1510332042.3843699	47.9064327485	0.543881506091
180.0	0.187499953125	11.1030831684	3.21047517605	3	1510332042.995609	47.9064327485	0.549695459579
180.0	0.187499953125	12.9912939957	2.72660447062	3	1510332043.761556	47.6279069767	0.53488372093
179.5	0.1833332875	17.3180690323	3.99818698618	3	1510332044.5303621	47.9064327485	0.543881506091
179.5	0.1833332875	21.5145051357	4.37299894472	3	1510332045.384287	47.6279069767	0.53488372093
179.5	0.1833332875	23.3435399157	5.04486088338	3	1510332045.9970026	47.6279069767	0.53488372093
179.5	0.1833332875	23.517496118	5.83361321048	3	1510332046.7625697	47.6279069767	0.552325581395
179.5	0.187499953125	22.1939238349	4.47035636708	3	1510332047.5318413	47.6279069767	0.53488372093

#$Filter:ns12
#$	0	1	 1
#$	1	op06	 0.251188643150958
#$	2	op09	0.12848931924611138
#$	3	op18*op18*op18	3.9810717055349725e-06
#$	4	ns12	1e-7
#$	5	0	 1e-22
#$POWER:47.6, mW
#$WAVELENGTH:532,nm
#$OBJECT:Air, on wires	=	=	=	=	=	=	=	=
angle	ref	signal	signal_std	filter	Time	freq	duty_cycle
179.5	0.1833332875	0.109027750521	0.0340985573009	4	1510332054.6695116	47.9064327485	0.520487264673

#$Filter:ns12
#$	0	1	 1
#$	1	op06	 0.251188643150958
#$	2	op09	0.12848931924611138
#$	3	op18*op18*op18	3.9810717055349725e-06
#$	4	ns12	1e-7
#$	5	0	 1e-22
#$POWER:47.6, mW
#$WAVELENGTH:532,nm
#$OBJECT:Air, on wires	=	=	=	=	=	=	=	=
angle	ref	signal	signal_std	filter	Time	freq	duty_cycle
179.5	0.1833332875	0.0485604512509	0.0157172002393	4	1510332060.6578827	48.1882352941	0.552879291251
179.5	0.187499953125	0.0205988149724	0.00709703861177	4	1510332061.4258773	47.9064327485	0.555509413068
179.5	0.1833332875	0.00158368906277	0.00100636741001	4	1510332062.4485817	48.1882352941	0.547065337763

#$Filter:op18*op18*op18
#$	0	1	 1
#$	1	op06	 0.251188643150958
#$	2	op09	0.12848931924611138
#$	3	op18*op18*op18	3.9810717055349725e-06
#$	4	ns12	1e-7
#$	5	0	 1e-22
#$POWER:47.6, mW
#$WAVELENGTH:532,nm
#$OBJECT:Air, on wires	=	=	=	=	=	=	=	=
angle	ref	signal	signal_std	filter	Time	freq	duty_cycle
179.5	0.1833332875	0.115003878609	0.0282822451523	3	1510332074.5918412	48.7619047619	0.547619047619
179.5	0.1833332875	0.082767251388	0.0216678594227	3	1510332075.3966234	48.4733727811	0.550249169435
179.5	0.1833332875	0.0737594690908	0.0226151897207	3	1510332076.00627	47.9064327485	0.555509413068
179.0	0.1833332875	0.055182678512	0.0148379283761	3	1510332076.7784626	48.1882352941	0.547065337763
179.0	0.187499953125	0.0419313083553	0.0123992948132	3	1510332077.542006	47.9064327485	0.549695459579
179.0	0.187499953125	0.0327750986438	0.00952892995763	3	1510332078.4521723	47.9064327485	0.543881506091
179.0	0.1833332875	0.021959847275	0.00726092932382	3	1510332079.3872256	48.1882352941	0.552879291251
179.0	0.1833332875	0.0195172010786	0.00676562349231	3	1510332079.9926424	47.9064327485	0.555509413068
179.0	0.187499953125	0.017501277676	0.00595022980143	3	1510332080.7578368	47.9064327485	0.543881506091
179.0	0.1833332875	0.0152023547973	0.00521246237821	3	1510332081.5264857	47.9064327485	0.543881506091
179.0	0.1833332875	0.0125063456721	0.00494665332764	3	1510332082.444557	47.9064327485	0.549695459579

#$Filter:op09
#$	0	1	 1
#$	1	op06	 0.251188643150958
#$	2	op09	0.12848931924611138
#$	3	op18*op18*op18	3.9810717055349725e-06
#$	4	ns12	1e-7
#$	5	0	 1e-22
#$POWER:47.6, mW
#$WAVELENGTH:532,nm
#$OBJECT:Air, on wires	=	=	=	=	=	=	=	=
angle	ref	signal	signal_std	filter	Time	freq	duty_cycle
179.0	0.1833332875	45.2013870722	7.67218569297	2	1510332097.6522424	48.4733727811	0.544435215947
178.5	0.1833332875	45.1295115096	7.71980356973	2	1510332098.422183	48.4733727811	0.550249169435
178.5	0.179166621875	44.4528151722	8.27102702279	2	1510332099.3929849	48.1882352941	0.552879291251
178.5	0.1833332875	43.8967838976	7.93145098372	2	1510332100.0070505	48.1882352941	0.547065337763
178.5	0.1833332875	43.3312894582	8.57033211631	2	1510332100.7737947	48.1882352941	0.552879291251
178.5	0.187499953125	42.7014850511	8.20469489707	2	1510332101.5413651	48.1882352941	0.547065337763
178.5	0.187499953125	42.0362786647	8.15004480959	2	1510332102.3945572	48.1882352941	0.547065337763
178.5	0.1833332875	41.491264556	8.43461926521	2	1510332103.0076792	47.9064327485	0.549695459579
178.5	0.1833332875	40.036228078	8.62647603749	2	1510332103.7853532	48.1882352941	0.552879291251
178.5	0.1833332875	38.7161419502	8.52872741754	2	1510332104.5663393	47.9064327485	0.555509413068
178.5	0.1833332875	37.7601045201	8.05253646026	2	1510332105.3942046	48.1882352941	0.552879291251
178.5	0.1833332875	36.6349267387	8.53332024229	2	1510332105.9960158	47.9064327485	0.549695459579
178.5	0.1833332875	34.7896280547	7.7382865661	2	1510332106.7618911	47.9064327485	0.549695459579
178.5	0.187499953125	32.40404657	7.81010991874	2	1510332107.5306253	48.1882352941	0.552879291251
178.5	0.179166621875	29.9498084687	7.36272999437	2	1510332108.4046192	48.1882352941	0.552879291251
178.5	0.187499953125	28.6142426895	7.07983483196	2	1510332109.018586	48.1882352941	0.552879291251
178.0	0.1833332875	26.4446661047	6.61863924828	2	1510332109.8001301	48.1882352941	0.552879291251
178.0	0.1833332875	24.7602858327	5.92150975735	2	1510332110.6138735	48.4733727811	0.550249169435
178.0	0.187499953125	22.0347879386	5.263875996	2	1510332111.392056	48.1882352941	0.552879291251
178.0	0.1833332875	20.7913627321	4.74792619668	2	1510332112.0069697	47.9064327485	0.543881506091
178.0	0.187499953125	19.4004260122	4.93005007896	2	1510332112.7759738	48.1882352941	0.552879291251
178.0	0.1833332875	15.2887782291	3.79822247796	2	1510332113.5429783	48.1882352941	0.552879291251
177.5	0.187499953125	10.7375685407	2.74028616186	2	1510332114.3937654	48.1882352941	0.552879291251
177.5	0.1833332875	6.38073130569	1.76747454503	2	1510332114.9963248	48.1882352941	0.541251384275
177.5	0.1833332875	2.07953423444	0.533837565437	2	1510332115.8675442	47.9064327485	0.555509413068
177.5	0.1833332875	2.68258479944	0.652671817571	2	1510332116.6792154	47.9064327485	0.549695459579
177.0	0.1833332875	3.26948072118	0.829913837162	2	1510332117.4519434	48.0	0.554632705795
177.0	0.1833332875	4.1220851665	0.989060043358	2	1510332118.379673	48.1882352941	0.523532668882
176.5	0.1833332875	0.37594719946	0.103131319513	2	1510332118.7811964	48.1882352941	0.547065337763
176.5	0.1833332875	0.071120671875	0.0218961879945	2	1510332119.6159616	47.9064327485	0.543881506091
176.5	0.1833332875	0.0292022719017	0.0190784784725	2	1510332120.4576793	47.9064327485	0.549695459579
176.0	0.1833332875	0.0155652531994	0.00597158555699	2	1510332121.3802536	47.9064327485	0.549695459579
176.0	0.1833332875	0.0143307287102	0.00521696803251	2	1510332122.0625584	47.9064327485	0.555509413068
175.5	0.2833332625	0.00349871046553	0.00432511131289	2	1510332122.8561604	47.9064327485	0.56146179402
175.5	0.1833332875	0.00264152761674	0.00199497787581	2	1510332123.703956	48.1882352941	0.552879291251
175.5	0.1833332875	0.00506202354442	0.00318223107209	2	1510332124.558085	47.9064327485	0.555509413068
175.0	0.1833332875	0.00409538713142	0.00261435237916	2	1510332125.41106	48.0	0.546880767811
175.0	0.1833332875	0.0037944894918	0.00225486270023	2	1510332126.085949	47.9064327485	0.538067552602
174.5	0.1833332875	0.00331820952256	0.00206562614286	2	1510332126.8745286	47.9064327485	0.549695459579
174.5	0.1833332875	0.00150022723391	0.00109067691488	2	1510332127.70356	47.9064327485	0.543881506091
174.0	0.1833332875	0.00302798389175	0.00189638322299	2	1510332128.5316386	47.9064327485	0.555509413068
174.0	0.1833332875	0.00291985816977	0.00179695949705	2	1510332129.3941548	48.0	0.546880767811
173.5	0.1833332875	0.00286203632153	0.00182275439287	2	1510332130.0733747	47.9064327485	0.549695459579

#$Filter:1
#$	0	1	 1
#$	1	op06	 0.251188643150958
#$	2	op09	0.12848931924611138
#$	3	op18*op18*op18	3.9810717055349725e-06
#$	4	ns12	1e-7
#$	5	0	 1e-22
#$POWER:47.6, mW
#$WAVELENGTH:532,nm
#$OBJECT:Air, on wires	=	=	=	=	=	=	=	=
angle	ref	signal	signal_std	filter	Time	freq	duty_cycle
173.5	0.1833332875	0.0602254122941	0.0150318614873	0	1510332144.4540424	47.6279069767	0.546511627907
173.5	0.1833332875	0.114940854456	0.0276864435012	0	1510332145.39204	47.9064327485	0.543881506091
173.0	0.1833332875	0.114216996597	0.0271887837415	0	1510332146.0030386	47.9064327485	0.538067552602
173.0	0.1833332875	0.10592020144	0.026689492085	0	1510332146.769911	47.9064327485	0.543881506091
172.5	0.1833332875	0.101415572937	0.0258529284203	0	1510332147.540819	47.6279069767	0.546511627907
172.5	0.1833332875	0.0969109444332	0.0246990267565	0	1510332148.3904552	47.9064327485	0.549695459579
172.5	0.1833332875	0.101270091101	0.0270179665893	0	1510332149.0024636	48.1882352941	0.552879291251
172.0	0.1833332875	0.0942703639231	0.0256251763019	0	1510332149.8172224	48.1882352941	0.552879291251
171.0	0.1833332875	0.0897669980456	0.0255100870448	0	1510332150.5952942	47.9064327485	0.555509413068
170.5	0.1833332875	0.0890931149816	0.0254299984527	0	1510332151.402103	47.9064327485	0.555509413068
170.0	0.1833332875	0.0848739104054	0.0221161532584	0	1510332152.015058	47.9064327485	0.549695459579
169.0	0.1833332875	0.04002221079	0.0112246043236	0	1510332152.8538783	47.6279069767	0.552325581395
168.5	0.1833332875	0.0853015558272	0.0193282196467	0	1510332153.6206717	47.6279069767	0.53488372093
167.0	0.1833332875	0.0166768120701	0.00580079853292	0	1510332154.389542	47.6279069767	0.546511627907
166.5	0.1833332875	0.0156149920947	0.00602825724721	0	1510332155.0677452	47.9064327485	0.555509413068
165.5	0.362499909375	0.0122639024962	0.00565121136455	0	1510332155.82842	47.9064327485	0.578903654485
164.5	0.1833332875	0.00702922411726	0.00267054856906	0	1510332156.6483467	47.6279069767	0.552325581395
164.0	0.1833332875	0.0132050287115	0.00495353397224	0	1510332157.4262872	47.9064327485	0.555509413068
163.0	0.1833332875	0.0108494522896	0.00425374522241	0	1510332158.38304	47.6279069767	0.552325581395
162.0	0.1833332875	0.023910606558	0.00802150958388	0	1510332158.9949498	47.9064327485	0.549695459579
161.0	0.1833332875	0.0734331428458	0.00373730769426	0	1510332159.763755	47.9064327485	0.543881506091
160.5	0.1833332875	0.143372103631	0.00604301779155	0	1510332160.605731	47.9064327485	0.549695459579
159.5	0.1833332875	0.14690651598	0.0156665362049	0	1510332161.4447181	47.6279069767	0.546511627907
158.5	0.187499953125	0.360835668508	0.0826854004754	0	1510332162.3841271	48.0	0.546880767811
157.5	0.1833332875	0.360645030921	0.0820526217279	0	1510332163.0482874	47.9064327485	0.549695459579
156.5	0.1833332875	0.705749823563	0.177596517888	0	1510332163.8132195	47.9064327485	0.549695459579
156.0	0.1833332875	0.485857037698	0.125467370971	0	1510332164.590005	47.9064327485	0.549695459579
155.0	0.1833332875	0.48720490873	0.125365991109	0	1510332165.392988	47.9064327485	0.549695459579
154.5	0.1833332875	0.465316895598	0.119786972333	0	1510332166.0060062	47.9064327485	0.555509413068
153.5	0.187499953125	0.405705613919	0.100833862342	0	1510332166.7808907	47.9064327485	0.555509413068
152.5	0.1833332875	0.572670440878	0.146326754321	0	1510332167.5526845	47.9064327485	0.549695459579
151.5	0.1833332875	0.525773064433	0.131734083053	0	1510332168.3935366	48.0	0.546880767811
151.0	0.1833332875	0.366183882043	0.0978657058916	0	1510332169.00839	47.9064327485	0.555509413068
150.0	0.1833332875	0.344010953883	0.0837459592496	0	1510332169.7883008	48.1882352941	0.547065337763
149.5	0.1833332875	1.32874040856	0.375716659801	0	1510332170.661886	48.1882352941	0.547065337763
148.5	0.1833332875	0.361728542046	0.0888380015343	0	1510332171.4311726	47.9064327485	0.549695459579
147.0	0.1833332875	0.618086027815	0.155063141053	0	1510332172.4030726	47.9064327485	0.549695459579
146.5	0.1833332875	0.431656857217	0.11978672252	0	1510332173.012945	48.1882352941	0.552879291251
146.0	0.1833332875	0.519557562418	0.133915867288	0	1510332173.7818222	48.1882352941	0.547065337763
145.0	0.1833332875	0.432465080493	0.112065651674	0	1510332174.5516677	47.9064327485	0.549695459579
144.0	0.1833332875	0.349639671764	0.0900084456909	0	1510332175.3884404	48.1882352941	0.552879291251
143.5	0.1833332875	0.413286006363	0.102599747587	0	1510332175.9920354	47.9064327485	0.555509413068
142.5	0.1833332875	0.33451312758	0.0867092237874	0	1510332176.7601311	48.1882352941	0.552879291251
141.5	0.1833332875	0.437729588679	0.114810607621	0	1510332177.5261455	47.9064327485	0.549695459579
140.5	0.1833332875	0.427101416936	0.110324179298	0	1510332178.378583	47.9064327485	0.549695459579
140.0	0.1833332875	0.454956229353	0.120648725005	0	1510332178.9909322	47.9064327485	0.549695459579
139.5	0.187499953125	0.35629264597	0.0877364883096	0	1510332179.7589173	48.1882352941	0.547065337763
138.5	0.1833332875	0.294954414648	0.0740918654645	0	1510332180.5256782	47.9064327485	0.555509413068
137.5	0.1833332875	0.267433449092	0.0683777956237	0	1510332181.3802464	48.1882352941	0.552879291251
136.5	0.1833332875	0.403006661789	0.133646557836	0	1510332181.9893188	47.9064327485	0.555509413068
136.0	0.1833332875	0.374952111934	0.0961361336667	0	1510332182.758437	47.9064327485	0.549695459579
135.0	0.1833332875	0.383710018033	0.0919596812453	0	1510332183.5169182	47.6279069767	0.546511627907
134.0	0.1833332875	0.321048339106	0.0855538622317	0	1510332184.388237	47.9064327485	0.555509413068
133.5	0.1833332875	0.316440456186	0.0875277890953	0	1510332184.9906962	47.9064327485	0.549695459579
133.0	0.1833332875	0.364288370466	0.093254459518	0	1510332185.7590175	47.6279069767	0.546511627907
132.0	0.1833332875	0.380301837292	0.0843583252836	0	1510332186.528869	47.6279069767	0.53488372093
131.0	0.1833332875	0.247358881738	0.0618804219731	0	1510332187.3903298	47.6279069767	0.558139534884
130.0	0.1833332875	0.345212998931	0.0903549468937	0	1510332187.9985442	47.2615384615	0.523079633545
129.5	0.1833332875	0.262519138877	0.0619835407766	0	1510332188.749433	47.6279069767	0.511627906977
128.5	0.1833332875	0.236903062905	0.0654729267567	0	1510332189.5244536	47.6279069767	0.53488372093
127.5	0.1833332875	0.281976425232	0.0715917022113	0	1510332190.3910968	47.6279069767	0.511627906977
127.0	0.1833332875	0.324146754551	0.0883687436004	0	1510332190.9917357	47.6279069767	0.511627906977
126.0	0.1833332875	0.19893371095	0.0481352801692	0	1510332191.7559228	47.6279069767	0.511627906977
125.5	0.1833332875	0.219320279192	0.0649931080112	0	1510332192.5265493	47.6279069767	0.53488372093
124.5	0.1833332875	0.209781845821	0.0459962761241	0	1510332193.3807795	47.6279069767	0.53488372093
123.5	0.1833332875	0.133154982341	0.030742569795	0	1510332193.989738	47.6279069767	0.53488372093
123.0	0.1833332875	0.0678633675184	0.0146488835679	0	1510332194.8305278	47.6279069767	0.53488372093
122.0	0.1833332875	0.103239040995	0.0288138099168	0	1510332195.6073377	47.2615384615	0.530831571529
121.0	0.1833332875	0.0767986882134	0.0214956489391	0	1510332196.3893685	47.2615384615	0.51532769556
120.5	0.1833332875	0.105755684075	0.0294859885255	0	1510332197.0043237	47.6279069767	0.53488372093
119.5	0.1833332875	0.0918513552696	0.0206260907612	0	1510332197.7681005	47.6279069767	0.53488372093
118.5	0.1833332875	0.0772753590811	0.0205287584553	0	1510332198.5379634	47.6279069767	0.540697674419
118.0	0.1833332875	0.0923371046362	0.0269842984989	0	1510332199.3908062	47.2615384615	0.530831571529
117.0	0.187499953125	0.062047879677	0.0221210478162	0	1510332199.9997332	47.6279069767	0.53488372093
116.5	0.1833332875	0.0231721808166	0.00641297463204	0	1510332200.8425982	47.6279069767	0.511627906977
115.5	0.1833332875	0.0289998495656	0.00852612420151	0	1510332201.6604826	47.6279069767	0.53488372093
114.5	0.1833332875	0.0175961549344	0.00622184204095	0	1510332202.42623	47.3526011561	0.549154334038
113.5	0.1833332875	0.0171278358101	0.0066344497531	0	1510332203.3853495	47.6279069767	0.53488372093
113.0	0.1833332875	0.00979319791693	0.00406968942567	0	1510332204.0002775	47.6279069767	0.511627906977
112.0	0.1833332875	0.00411397377105	0.00192219364256	0	1510332204.8279195	47.2615384615	0.523079633545
111.0	0.1833332875	0.00298356884174	0.0020237749154	0	1510332205.6530044	47.2615384615	0.523079633545
110.5	0.187499953125	0.0023258354626	0.00229094779693	0	1510332206.4097579	47.6279069767	0.542635658915
109.5	0.1833332875	0.00161136394687	0.00210197382551	0	1510332207.0837133	47.6279069767	0.511627906977
109.0	0.362499909375	0.00173159220416	0.00267345657935	0	1510332207.8746417	47.6279069767	0.581395348837
108.0	0.1833332875	0.00169686883657	0.00184175006019	0	1510332208.6435935	47.6279069767	0.53488372093
107.0	0.1833332875	0.001872670472	0.0018562998034	0	1510332209.420436	47.6279069767	0.511627906977

#$Filter:1
#$	0	1	 1
#$	1	op06	 0.251188643150958
#$	2	op09	0.12848931924611138
#$	3	op18*op18*op18	3.9810717055349725e-06
#$	4	ns12	1e-7
#$	5	0	 1e-22
#$POWER:47.6, mW
#$WAVELENGTH:532,nm
#$OBJECT:Air, on wires	=	=	=	=	=	=	=	=
angle	ref	signal	signal_std	filter	Time	freq	duty_cycle
106.5	0.1833332875	0.00202525201894	0.00196210609653	0	1510332210.6072824	47.6279069767	0.53488372093
105.5	0.1833332875	0.00298469793556	0.0023898942917	0	1510332211.390211	47.6279069767	0.511627906977
105.0	0.1833332875	0.00258804791773	0.00191689268839	0	1510332211.9062095	47.6279069767	0.511627906977
104.5	0.1833332875	0.00266936502567	0.00179594069992	0	1510332212.6749158	47.2615384615	0.523079633545
103.5	0.1833332875	0.00300530136952	0.0021594591812	0	1510332213.441691	47.6279069767	0.527131782946
102.5	0.1833332875	0.00304226728067	0.00234390897649	0	1510332213.9462988	47.2615384615	0.523079633545
102.0	0.1833332875	0.00349348512296	0.00227586232348	0	1510332214.723529	47.6279069767	0.53488372093
101.0	0.1833332875	0.00459801021413	0.00254498038032	0	1510332215.5343826	47.2615384615	0.530831571529
100.0	0.1833332875	0.00491997893893	0.00329245819425	0	1510332216.3839192	47.3526011561	0.54334038055
99.5	0.1833332875	0.00630739638233	0.00298737319938	0	1510332216.8910944	47.2615384615	0.523079633545
99.0	0.1833332875	0.00578056077975	0.0029949762085	0	1510332217.6557174	47.2615384615	0.523079633545
98.0	0.1833332875	0.00729153979376	0.00399837538064	0	1510332218.421917	47.2615384615	0.530831571529
97.5	0.1833332875	0.00572753651199	0.00334051831112	0	1510332218.9269881	47.2615384615	0.523079633545
96.5	0.1833332875	0.00594277843985	0.0032699472927	0	1510332219.6959116	47.2615384615	0.530831571529
96.0	0.1833332875	0.00707059830083	0.00321668694591	0	1510332220.4757025	47.6279069767	0.519379844961
95.0	0.1833332875	0.00770265772497	0.00384777864005	0	1510332220.9804246	47.6279069767	0.53488372093
94.5	0.1833332875	0.00701435081161	0.0034008756912	0	1510332221.7714758	47.6279069767	0.519379844961
93.0	0.1833332875	0.0028553945853	0.00241814301149	0	1510332222.566017	47.6279069767	0.511627906977
92.0	0.187499953125	0.000448576563705	0.000728128357967	0	1510332223.4521759	47.6279069767	0.53488372093
91.0	0.1833332875	0.00115648798902	0.00212600359406	0	1510332223.965081	47.6279069767	0.511627906977
89.5	0.1833332875	0.00184350562269	0.00191547289374	0	1510332224.7349799	47.2615384615	0.530831571529
88.5	0.1833332875	0.00193242248608	0.00183861934807	0	1510332225.5029788	47.2615384615	0.51532769556
87.5	0.1833332875	0.00189585786937	0.00201277728666	0	1510332226.015726	47.6279069767	0.519379844961
86.0	0.1833332875	0.00259638790633	0.00200741739099	0	1510332226.7742152	47.6279069767	0.519379844961
85.0	0.1833332875	0.0021466581268	0.00194784145312	0	1510332227.541582	47.2615384615	0.530831571529
83.5	0.1833332875	0.00301300444883	0.00199152621003	0	1510332228.4205227	47.6279069767	0.527131782946
82.5	0.1833332875	0.00303596362676	0.00201131589388	0	1510332228.9244041	47.2615384615	0.523079633545
81.5	0.1833332875	0.0033788506959	0.00226430317168	0	1510332229.6803095	47.6279069767	0.527131782946
79.5	0.1833332875	0.00343566638049	0.00215842350754	0	1510332230.4593165	47.2615384615	0.530831571529
79.0	0.1833332875	0.00386770107506	0.00227619104298	0	1510332230.9627113	47.6279069767	0.53488372093
77.5	0.1833332875	0.00339629879509	0.00247419476564	0	1510332231.7288938	47.6279069767	0.53488372093
76.5	0.187499953125	0.00403885938915	0.00275819587233	0	1510332232.4979115	47.6279069767	0.511627906977
75.5	0.187499953125	0.00428752104191	0.0024058273051	0	1510332233.0148296	47.6279069767	0.519379844961
74.5	0.1833332875	0.00478276190955	0.00267964970505	0	1510332233.7796593	47.2615384615	0.51532769556
73.0	0.187499953125	0.0117177855321	0.00690903439993	0	1510332234.6076674	47.6279069767	0.511627906977
71.5	0.1833332875	0.0052711244883	0.00297837388871	0	1510332235.3892465	47.6279069767	0.511627906977
71.0	0.1833332875	0.00492356351259	0.00338892286329	0	1510332235.9074862	47.6279069767	0.519379844961
69.0	0.1833332875	0.00531224972463	0.00339402508455	0	1510332236.699695	47.6279069767	0.511627906977
68.0	0.1833332875	0.00589752345439	0.00248080807749	0	1510332237.4786162	47.6279069767	0.511627906977
67.0	0.1833332875	0.00567877008891	0.0031493810445	0	1510332238.0029433	47.2615384615	0.51532769556
66.0	0.1833332875	0.00638842877504	0.00352809413824	0	1510332238.788821	47.2615384615	0.523079633545
64.5	0.1833332875	0.00665716120086	0.0035118628653	0	1510332239.5682824	47.6279069767	0.519379844961
63.0	0.1833332875	0.0061633387953	0.00299573442502	0	1510332240.4167104	47.2615384615	0.523079633545
62.5	0.1833332875	0.00609793765119	0.00310946667837	0	1510332240.932517	47.6279069767	0.519379844961
61.0	0.1833332875	0.00684073458433	0.00327976783193	0	1510332241.7124841	47.2615384615	0.523079633545
59.5	0.1833332875	0.00689175497974	0.00284463674819	0	1510332242.5029266	47.2615384615	0.523079633545
58.5	0.1833332875	0.006988918821	0.0031543005765	0	1510332243.0093284	47.2615384615	0.523079633545
57.5	0.1833332875	0.00657835251851	0.00287037541777	0	1510332243.8052473	47.2615384615	0.523079633545
56.0	0.1833332875	0.00749145578279	0.00366155922636	0	1510332244.5830643	47.2615384615	0.523079633545
55.0	0.1833332875	0.00843696287963	0.00344019127737	0	1510332245.3888645	47.2615384615	0.51532769556
55.0	0.1833332875	0.00820570026816	0.00383360245336	0	1510332245.8927264	47.2615384615	0.523079633545
55.0	0.1833332875	0.00848188708407	0.00364631202421	0	1510332246.6576138	47.6279069767	0.53488372093
53.5	0.1833332875	0.00901440024597	0.00385542353346	0	1510332247.425418	47.6279069767	0.519379844961
52.5	0.1833332875	0.00909926243107	0.00351761911721	0	1510332247.9316497	47.2615384615	0.51532769556
51.0	0.1833332875	0.0100088760492	0.00400597232782	0	1510332248.6952996	47.2615384615	0.530831571529
49.5	0.1833332875	0.00984693631378	0.00381240768412	0	1510332249.4673743	47.2615384615	0.523079633545
48.5	0.1833332875	0.00998292129344	0.00356634429338	0	1510332249.9712212	47.6279069767	0.511627906977
47.0	0.1833332875	0.0105780507633	0.00454803973851	0	1510332250.7272367	47.6279069767	0.53488372093
46.0	0.1833332875	0.0106187380191	0.00444336472922	0	1510332251.4830306	47.6279069767	0.53488372093
45.0	0.1833332875	0.00979687255078	0.00373690352447	0	1510332251.986815	47.6279069767	0.558139534884
43.5	0.1833332875	0.0108564549033	0.00431422071049	0	1510332252.7646792	47.2615384615	0.530831571529
41.5	0.1833332875	0.0118792746648	0.00455604895641	0	1510332253.5336967	47.6279069767	0.527131782946
40.5	0.1833332875	0.0126973257572	0.00421876672199	0	1510332254.387029	47.2615384615	0.523079633545
39.5	0.1833332875	0.0117228111949	0.00490118231152	0	1510332254.8910758	47.2615384615	0.530831571529
38.0	0.1833332875	0.01255501887	0.00470865555657	0	1510332255.6554365	47.2615384615	0.523079633545
36.0	0.1833332875	0.0137248615148	0.00497129523815	0	1510332256.412138	47.6279069767	0.527131782946
35.5	0.1833332875	0.0137587038253	0.00545457902539	0	1510332256.927097	47.6279069767	0.511627906977
34.0	0.1833332875	0.0160413603632	0.00497271468243	0	1510332257.694946	47.6279069767	0.540697674419
32.5	0.179166621875	0.0160289825917	0.00603474150885	0	1510332258.4637754	47.6279069767	0.53488372093
31.5	0.1833332875	0.0163626561657	0.00538957207206	0	1510332258.9708958	47.6279069767	0.511627906977
30.0	0.1833332875	0.0174427397688	0.0059936593017	0	1510332259.7413523	47.6279069767	0.558139534884
28.5	0.1833332875	0.0175913237005	0.00558697797519	0	1510332260.501545	47.6279069767	0.511627906977
27.5	0.1833332875	0.0181907839874	0.00561094013572	0	1510332261.0065184	47.6279069767	0.519379844961
26.0	0.1833332875	0.0406169866445	0.0125340102923	0	1510332261.835446	47.2615384615	0.51532769556
25.0	0.1833332875	0.023700474267	0.00709715837514	0	1510332262.5963485	47.6279069767	0.519379844961
23.0	0.1833332875	0.0278358773948	0.00824560966313	0	1510332263.3862073	47.6279069767	0.527131782946
22.0	0.1833332875	0.029611354281	0.00973433959047	0	1510332263.8910346	47.2615384615	0.523079633545
20.5	0.1833332875	0.0370373056666	0.0102515493752	0	1510332264.660095	47.2615384615	0.523079633545
19.5	0.1833332875	0.0418414761343	0.0125167217881	0	1510332265.4249034	47.2615384615	0.51532769556
18.5	0.1833332875	0.0386760713734	0.0135181274317	0	1510332265.929409	47.6279069767	0.53488372093
17.0	0.1833332875	0.048517295563	0.0125859476083	0	1510332266.6864567	47.6279069767	0.511627906977
15.5	0.1833332875	0.0487734972104	0.0130254223691	0	1510332267.4505086	47.2615384615	0.51532769556
14.5	0.1833332875	0.0494626540714	0.0142490963593	0	1510332267.959595	47.6279069767	0.53488372093
13.0	0.1833332875	0.0509793786265	0.0132157630725	0	1510332268.7824035	47.6279069767	0.511627906977
11.5	0.1833332875	0.0437148923413	0.0121417253537	0	1510332269.543259	47.3526011561	0.54334038055
10.0	0.1833332875	0.0137102630793	0.0049160849724	0	1510332270.3900306	47.2615384615	0.523079633545
9.0	0.1833332875	0.0111699651947	0.0047837577673	0	1510332270.8950713	47.2615384615	0.523079633545
7.5	0.1833332875	0.00327881070491	0.00257607852505	0	1510332271.6519365	47.2615384615	0.523079633545
6.0	0.1833332875	0.000690275937875	0.00163814622314	0	1510332272.4197495	47.2615384615	0.523079633545
5.5	0.1833332875	0.000303621372674	0.00172831585374	0	1510332272.926775	47.6279069767	0.527131782946
3.5	0.1833332875	0.00110594210047	0.00222415787201	0	1510332273.6895368	47.6279069767	0.527131782946
2.0	0.1833332875	0.00212042690812	0.00247107475386	0	1510332274.4598641	47.2615384615	0.51532769556
1.0	0.1833332875	0.00355142361357	0.00263536547624	0	1510332274.965517	47.6279069767	0.519379844961
0.0	0.1833332875	0.0241316364792	0.00697865416541	0	1510332275.744083	47.6279069767	0.53488372093
359.0	0.1833332875	0.0677894597404	0.0176585376728	0	1510332276.5186672	47.9064327485	0.549695459579
357.5	0.1833332875	0.0614594236581	0.0180872732106	0	1510332277.0241127	47.6279069767	0.552325581395
356.0	0.1833332875	0.081323648054	0.02490629097	0	1510332277.8130555	47.6279069767	0.558139534884
354.5	0.1833332875	0.0762683319059	0.0177204004573	0	1510332278.5787995	47.6279069767	0.511627906977
353.5	0.1833332875	0.0998644208122	0.0258052501153	0	1510332279.3836997	47.2615384615	0.51532769556
352.5	0.1833332875	0.108083706472	0.0287547699009	0	1510332279.8958018	47.2615384615	0.51532769556
350.5	0.1833332875	0.108708956416	0.0273370506189	0	1510332280.6525395	47.6279069767	0.519379844961
349.0	0.1833332875	0.0830356935268	0.0205583035852	0	1510332281.4355493	47.2615384615	0.51532769556
348.0	0.1833332875	0.0747244274851	0.0228322835962	0	1510332281.9484081	47.6279069767	0.53488372093
347.0	0.1833332875	0.0741826327757	0.0175567269517	0	1510332282.7196834	47.6279069767	0.53488372093
345.5	0.1833332875	0.0362953598698	0.0105511497073	0	1510332283.4956312	47.9064327485	0.549695459579
344.0	0.1833332875	0.0392328555687	0.0127478038149	0	1510332284.0029712	47.9064327485	0.549695459579
342.5	0.1833332875	0.0272731484633	0.00845072940747	0	1510332284.7639244	47.9064327485	0.549695459579
341.5	0.1833332875	0.0203067613051	0.00722235387461	0	1510332285.5367417	48.1882352941	0.552879291251
339.5	0.1833332875	0.0148919953639	0.00510735194924	0	1510332286.3898513	47.9064327485	0.555509413068
338.5	0.1833332875	0.0156344560891	0.00581124289244	0	1510332286.8996198	48.4733727811	0.544435215947
337.0	0.1833332875	0.0125307660981	0.0050321294144	0	1510332287.6641183	48.4733727811	0.550249169435
