
#$Filter:op18*op18*op18
#$	0	1	 1
#$	1	op06	 0.251188643150958
#$	2	op09	0.015848931924611138
#$	3	op18*op18*op18	3.9810717055349725e-06
#$	4	ns12	1e-7
#$	5	0	 1e-22
#$POWER:47.5, mW
#$WAVELENGTH:532,nm
#$OBJECT:SiNW21, on wires	=	=	=	=	=	=	=	=
angle	ref	signal	signal_std	filter	Time	freq	duty_cycle
0.0	0.1833332875	0.000914764728574	0.00135118075122	3	1510328390.9713833	48.4733727811	0.550249169435
360.0	0.187499953125	0.000942570989428	0.00114614943447	3	1510328391.7126484	48.1882352941	0.552879291251
359.5	0.187499953125	0.000911794184251	0.00116030094044	3	1510328392.4945812	48.1882352941	0.547065337763
359.5	0.187499953125	0.00107685332132	0.00120723722357	3	1510328392.976038	47.9064327485	0.543881506091
359.0	0.187499953125	0.000901018324876	0.00120034109342	3	1510328393.7450335	48.1882352941	0.547065337763
359.0	0.187499953125	0.000865085253814	0.00110663931227	3	1510328394.5243444	47.9064327485	0.549695459579
358.5	0.187499953125	0.000964957023718	0.00130068687835	3	1510328394.9813097	47.9064327485	0.549695459579

#$Filter:op18*op18*op18
#$	0	1	 1
#$	1	op06	 0.251188643150958
#$	2	op09	0.015848931924611138
#$	3	op18*op18*op18	3.9810717055349725e-06
#$	4	ns12	1e-7
#$	5	0	 1e-22
#$POWER:47.5, mW
#$WAVELENGTH:532,nm
#$OBJECT:SiNW21, on wires	=	=	=	=	=	=	=	=
angle	ref	signal	signal_std	filter	Time	freq	duty_cycle
358.0	0.187499953125	0.00142939818595	0.00136993532209	3	1510328398.412626	48.1882352941	0.541251384275
357.5	0.1833332875	0.00115717792853	0.00118739256987	3	1510328398.807221	47.9064327485	0.543881506091
357.0	0.1833332875	0.00121094699071	0.00125417591478	3	1510328399.693444	47.9064327485	0.549695459579
357.0	0.187499953125	0.000764780382907	0.00116430423545	3	1510328400.4753675	47.9064327485	0.549695459579
356.5	0.187499953125	0.00108824087964	0.00124654084691	3	1510328401.4137514	47.9064327485	0.543881506091
356.0	0.187499953125	0.00122494271371	0.00126951260287	3	1510328402.421004	47.9064327485	0.549695459579

#$Filter:op09
#$	0	1	 1
#$	1	op06	 0.251188643150958
#$	2	op09	0.015848931924611138
#$	3	op18*op18*op18	3.9810717055349725e-06
#$	4	ns12	1e-7
#$	5	0	 1e-22
#$POWER:47.5, mW
#$WAVELENGTH:532,nm
#$OBJECT:SiNW21, on wires	=	=	=	=	=	=	=	=
angle	ref	signal	signal_std	filter	Time	freq	duty_cycle
0.0	0.187499953125	0.000995227671421	0.00124218290112	2	1510328443.4107676	47.6279069767	0.546511627907
0.0	0.1833332875	0.00106932309449	0.00150150893149	2	1510328444.4079044	47.9064327485	0.549695459579
360.0	0.187499953125	0.00109313362985	0.00129273805516	2	1510328445.4161606	47.9064327485	0.549695459579
359.5	0.187499953125	0.00132209368657	0.00133660260416	2	1510328446.4052227	47.9064327485	0.549695459579
359.0	0.187499953125	0.00383335371334	0.00201616440895	2	1510328447.4102852	47.6279069767	0.540697674419
358.5	0.187499953125	0.0117386651565	0.00370348526104	2	1510328448.477831	47.9064327485	0.543881506091
358.0	0.179166621875	0.0240026471332	0.00675007707521	2	1510328449.4829996	47.9064327485	0.543881506091

#$Filter:op09
#$	0	1	 1
#$	1	op06	 0.251188643150958
#$	2	op09	0.015848931924611138
#$	3	op18*op18*op18	3.9810717055349725e-06
#$	4	ns12	1e-7
#$	5	0	 1e-22
#$POWER:47.5, mW
#$WAVELENGTH:532,nm
#$OBJECT:SiNW21, on wires	=	=	=	=	=	=	=	=
angle	ref	signal	signal_std	filter	Time	freq	duty_cycle
357.5	0.1833332875	0.0450104929491	0.0126744865035	2	1510328456.4798503	47.9064327485	0.555509413068
357.0	0.187499953125	0.0127502036834	0.0968603857606	2	1510328456.9608576	47.6279069767	0.552325581395
357.0	0.187499953125	0.229856400153	0.0635376566525	2	1510328457.7257257	47.6279069767	0.558139534884
356.5	0.1833332875	0.244529677402	0.0557396451579	2	1510328458.479383	47.6279069767	0.540697674419
356.0	0.187499953125	0.254979280985	0.0635953082591	2	1510328458.9541264	47.6279069767	0.546511627907

#$Filter:op09
#$	0	1	 1
#$	1	op06	 0.251188643150958
#$	2	op09	0.015848931924611138
#$	3	op18*op18*op18	3.9810717055349725e-06
#$	4	ns12	1e-7
#$	5	0	 1e-22
#$POWER:47.5, mW
#$WAVELENGTH:532,nm
#$OBJECT:SiNW21, on wires	=	=	=	=	=	=	=	=
angle	ref	signal	signal_std	filter	Time	freq	duty_cycle
355.5	0.1833332875	0.220924213027	0.0550471295403	2	1510328460.918159	47.6279069767	0.53488372093
355.5	0.1833332875	0.222723312017	0.0615006762424	2	1510328461.6780195	47.6279069767	0.558139534884
355.0	0.1833332875	0.23686942084	0.0557530512635	2	1510328462.4459054	47.6279069767	0.511627906977
354.5	0.187499953125	0.239155617632	0.0631105116323	2	1510328462.913736	47.6279069767	0.540697674419
354.0	0.187499953125	0.234734314538	0.0525118578276	2	1510328463.6785562	47.6279069767	0.540697674419
354.0	0.187499953125	0.227361232333	0.0540735966338	2	1510328464.448655	47.6279069767	0.546511627907
353.5	0.1833332875	0.240092192737	0.0587440515701	2	1510328464.9166603	47.9064327485	0.538067552602
353.5	0.1833332875	0.208696310429	0.0429942228419	2	1510328465.6859744	47.6279069767	0.53488372093
353.0	0.1833332875	0.219718136876	0.0551154194422	2	1510328466.4512858	47.6279069767	0.519379844961
353.0	0.1833332875	0.217512116298	0.0576382888003	2	1510328466.911247	47.2615384615	0.523079633545
352.5	0.187499953125	0.225670046675	0.0584549676692	2	1510328467.6751962	47.2615384615	0.530831571529
352.0	0.1833332875	0.231906454628	0.0577117028047	2	1510328468.4309702	47.6279069767	0.527131782946
352.0	0.1833332875	0.225388849215	0.0602014435501	2	1510328468.9129112	47.2615384615	0.523079633545
351.5	0.187499953125	0.224102084831	0.0550612662831	2	1510328469.6809435	47.6279069767	0.527131782946
351.0	0.1833332875	0.21928348613	0.0584508812037	2	1510328470.4466832	47.6279069767	0.53488372093
350.5	0.1833332875	0.212543081171	0.056209008981	2	1510328470.9156897	47.2615384615	0.523079633545
350.5	0.187499953125	0.202859843243	0.0496249141695	2	1510328471.6716611	47.2615384615	0.530831571529
350.0	0.1833332875	0.226197476693	0.0539767177523	2	1510328472.4401538	47.2615384615	0.51532769556
350.0	0.187499953125	0.207435422331	0.0515024056345	2	1510328472.9202979	47.2615384615	0.523079633545
349.5	0.1833332875	0.214693670289	0.0503664057101	2	1510328473.6870973	47.2615384615	0.523079633545
349.0	0.1833332875	0.220483192302	0.0559239381856	2	1510328474.444074	47.6279069767	0.527131782946
349.0	0.187499953125	0.202941440448	0.0605524483386	2	1510328474.913914	47.2615384615	0.51532769556
348.5	0.187499953125	0.211835695833	0.0456981121613	2	1510328475.6801019	47.6279069767	0.53488372093
348.0	0.1833332875	0.212780190347	0.0481800764851	2	1510328476.4488862	47.3526011561	0.537526427061
348.0	0.187499953125	0.219729015432	0.0554644620905	2	1510328476.9174094	47.6279069767	0.519379844961
347.5	0.187499953125	0.221301893193	0.0640591262922	2	1510328477.6836705	47.6279069767	0.53488372093
347.0	0.187499953125	0.19764732832	0.0458433590331	2	1510328478.4394274	47.6279069767	0.511627906977
347.0	0.187499953125	0.200375809013	0.0532867773509	2	1510328478.919561	47.2615384615	0.523079633545
346.5	0.187499953125	0.194857780995	0.0449745547366	2	1510328479.6789818	47.6279069767	0.511627906977
346.0	0.1833332875	0.206762906499	0.0535211019831	2	1510328480.457872	47.2615384615	0.523079633545
346.0	0.187499953125	0.208587075574	0.0552254705142	2	1510328480.91506	47.2615384615	0.523079633545
345.5	0.1833332875	0.203258752707	0.0504800145323	2	1510328481.680993	47.2615384615	0.523079633545
345.0	0.187499953125	0.200064740935	0.0538285140022	2	1510328482.449868	47.2615384615	0.523079633545
345.0	0.1833332875	0.199704274243	0.0519831777673	2	1510328482.9167678	47.6279069767	0.53488372093
344.5	0.187499953125	0.196391835853	0.0466288928338	2	1510328483.6863701	47.6279069767	0.511627906977
344.0	0.187499953125	0.185910567768	0.0452356719094	2	1510328484.450679	47.2615384615	0.523079633545
344.0	0.187499953125	0.195351841918	0.0502843846055	2	1510328484.911046	47.6279069767	0.527131782946
343.5	0.1833332875	0.203318776701	0.0502251711333	2	1510328485.7010248	47.2615384615	0.523079633545
343.0	0.187499953125	0.188790469009	0.0468882588653	2	1510328486.4813762	47.2615384615	0.51532769556
343.0	0.187499953125	0.191161416795	0.0467966619812	2	1510328486.9142811	47.2615384615	0.530831571529
342.5	0.187499953125	0.208967804289	0.0503808206523	2	1510328487.6817763	47.2615384615	0.523079633545
342.0	0.1833332875	0.199566026539	0.0500566569737	2	1510328488.459069	47.2615384615	0.523079633545
342.0	0.187499953125	0.203086963438	0.0520222987531	2	1510328488.9169846	47.2615384615	0.523079633545
341.5	0.1833332875	0.184319648937	0.0469682307825	2	1510328489.6848872	47.2615384615	0.523079633545
341.0	0.187499953125	0.195689476888	0.0495637503063	2	1510328490.454774	47.2615384615	0.523079633545
341.0	0.187499953125	0.184279199348	0.0501829540705	2	1510328490.9205508	47.6279069767	0.527131782946
340.5	0.1833332875	0.187703784607	0.0457939844627	2	1510328491.686601	47.6279069767	0.519379844961
340.5	0.187499953125	0.195890530551	0.0460838689377	2	1510328492.444281	47.2615384615	0.523079633545
340.0	0.1833332875	0.18989215941	0.048404985938	2	1510328492.914848	47.2615384615	0.523079633545
339.5	0.187499953125	0.200442225755	0.0480513461088	2	1510328493.6942575	47.2615384615	0.523079633545
339.0	0.187499953125	0.189865898912	0.0478438561135	2	1510328494.4611673	47.2615384615	0.523079633545
339.0	0.1833332875	0.191847941234	0.0479842140096	2	1510328494.9190912	47.2615384615	0.523079633545
338.5	0.187499953125	0.18565915863	0.0445374785744	2	1510328495.7219677	47.2615384615	0.523079633545
338.0	0.187499953125	0.179894412809	0.0448827543782	2	1510328496.4903066	47.2615384615	0.523079633545
338.0	0.1833332875	0.179280222543	0.0419178210731	2	1510328496.9202187	46.9007633588	0.519027484144
337.0	0.1833332875	0.179866951267	0.0449762908807	2	1510328497.6895366	47.3526011561	0.520216701903
336.5	0.1833332875	0.182486699076	0.0452290381933	2	1510328498.457546	47.2615384615	0.530831571529
336.5	0.1833332875	0.189390708955	0.0494220363962	2	1510328498.9150445	47.0804597701	0.52299154334
336.0	0.187499953125	0.185924323267	0.0492740931935	2	1510328499.6802099	46.9007633588	0.526779422128
335.5	0.1833332875	0.184476449607	0.0411468958299	2	1510328500.4500263	47.0804597701	0.517177589852
335.0	0.187499953125	0.178705187417	0.0472684288902	2	1510328500.9110293	47.2615384615	0.523079633545
334.5	0.187499953125	0.177020764068	0.0463767889312	2	1510328501.6760004	47.2615384615	0.523079633545
334.0	0.1833332875	0.174722345275	0.044754161559	2	1510328502.4437153	46.9007633588	0.526779422128
333.5	0.187499953125	0.183915557799	0.0466690955069	2	1510328502.9108803	46.9007633588	0.519027484144
333.0	0.187499953125	0.180219345175	0.0431360259861	2	1510328503.6766255	46.9007633588	0.519027484144
332.5	0.187499953125	0.182420716503	0.0415560497354	2	1510328504.4455163	47.0804597701	0.517177589852
332.5	0.187499953125	0.173760157439	0.0426738994376	2	1510328504.9140074	47.0804597701	0.517177589852
332.0	0.187499953125	0.184492656325	0.0438405127359	2	1510328505.6710296	46.9007633588	0.519027484144
331.0	0.187499953125	0.185785320106	0.0502326156503	2	1510328506.4452064	47.0804597701	0.528805496829
331.0	0.1833332875	0.163955541244	0.0446729753143	2	1510328506.9172502	47.0804597701	0.52299154334
330.5	0.1833332875	0.174731098774	0.0451687955656	2	1510328507.683055	46.9007633588	0.526779422128
330.0	0.187499953125	0.16357332093	0.0382694671019	2	1510328508.4509025	47.0804597701	0.517177589852
329.5	0.187499953125	0.160692435486	0.045978920622	2	1510328508.9120412	47.0804597701	0.528805496829
329.0	0.187499953125	0.162489259155	0.0402035368069	2	1510328509.679874	47.3526011561	0.520216701903
328.5	0.187499953125	0.165313584122	0.0422822174443	2	1510328510.4587383	47.0804597701	0.52299154334
328.5	0.187499953125	0.172929128436	0.0451363965291	2	1510328510.9175243	47.2615384615	0.530831571529
327.5	0.187499953125	0.15955753314	0.0406149836693	2	1510328511.6814296	47.6279069767	0.519379844961
327.0	0.187499953125	0.158450840739	0.0401284387452	2	1510328512.4498725	47.2615384615	0.530831571529
327.0	0.1833332875	0.161891783697	0.0448482922357	2	1510328512.9188097	47.2615384615	0.523079633545
326.5	0.1833332875	0.166641615002	0.0423065591295	2	1510328513.6862369	47.2615384615	0.530831571529
326.0	0.187499953125	0.150963951377	0.0407520909611	2	1510328514.452946	47.2615384615	0.523079633545
325.5	0.187499953125	0.167717044905	0.0431374359553	2	1510328514.920948	47.2615384615	0.523079633545
325.0	0.187499953125	0.157056533365	0.0399569002491	2	1510328515.6858103	47.2615384615	0.530831571529
324.5	0.187499953125	0.159985204101	0.0396479057238	2	1510328516.4416997	47.2615384615	0.523079633545
324.0	0.187499953125	0.158013713849	0.0400462860925	2	1510328516.914647	47.0804597701	0.517177589852
323.5	0.187499953125	0.157212845851	0.0403311698281	2	1510328517.6800997	47.2615384615	0.523079633545
323.0	0.187499953125	0.164494506695	0.0415515100035	2	1510328518.4495156	47.2615384615	0.523079633545
322.5	0.187499953125	0.159850406593	0.0391072822431	2	1510328518.9173555	46.9007633588	0.519027484144
322.0	0.187499953125	0.171038372607	0.042571556079	2	1510328519.6858988	46.9007633588	0.526779422128
321.5	0.187499953125	0.155264567026	0.0402239738184	2	1510328520.453116	47.0804597701	0.528805496829
321.5	0.187499953125	0.142644096337	0.037753329714	2	1510328520.9111018	47.0804597701	0.52299154334
321.0	0.187499953125	0.14622720434	0.0386100170415	2	1510328521.6879346	47.0804597701	0.528805496829
320.5	0.187499953125	0.150959593887	0.0374070643042	2	1510328522.4587934	47.0804597701	0.52299154334
320.0	0.187499953125	0.140593577532	0.039740449068	2	1510328522.9122899	47.0804597701	0.52299154334
319.5	0.187499953125	0.140439672703	0.0352131862817	2	1510328523.6816344	47.0804597701	0.517177589852
319.0	0.187499953125	0.154317447176	0.0359483806209	2	1510328524.4485083	47.0804597701	0.517177589852
318.5	0.1833332875	0.143193491613	0.038771650257	2	1510328524.9141307	47.0804597701	0.528805496829
318.0	0.187499953125	0.156874426593	0.0365523511414	2	1510328525.6852882	47.0804597701	0.517177589852
317.5	0.187499953125	0.137087952555	0.0380564172551	2	1510328526.4541924	47.0804597701	0.528805496829
317.0	0.187499953125	0.152603503266	0.0407190353303	2	1510328526.910685	47.0804597701	0.528805496829
316.5	0.1833332875	0.14380774525	0.0350126099235	2	1510328527.678125	47.0804597701	0.52299154334
316.0	0.187499953125	0.127782331	0.0330707431933	2	1510328528.445883	46.9007633588	0.526779422128
316.0	0.187499953125	0.128376958147	0.0308747422161	2	1510328528.9160042	47.0804597701	0.517177589852
315.0	0.187499953125	0.132041070111	0.0316755710129	2	1510328529.681379	47.2615384615	0.523079633545
315.0	0.187499953125	0.133243608349	0.0280708775233	2	1510328530.4494467	47.6279069767	0.53488372093
314.5	0.1833332875	0.13183712705	0.0307371931186	2	1510328530.9176483	47.6279069767	0.540697674419
314.0	0.187499953125	0.136939614813	0.0289241806252	2	1510328531.6854281	47.6279069767	0.53488372093
313.5	0.179166621875	0.126620100075	0.0370457868672	2	1510328532.4533632	47.6279069767	0.558139534884
313.0	0.1833332875	0.129516698226	0.0281867687342	2	1510328532.9211514	47.6279069767	0.53488372093
312.5	0.187499953125	0.132917521474	0.0293413097099	2	1510328533.6852195	47.6279069767	0.53488372093
312.0	0.187499953125	0.12622853233	0.0313517935725	2	1510328534.4350152	47.6279069767	0.511627906977
312.0	0.187499953125	0.123788234359	0.0324175724111	2	1510328534.9148474	47.2615384615	0.523079633545
311.5	0.187499953125	0.119692847228	0.0301739402928	2	1510328535.670779	47.2615384615	0.530831571529
310.5	0.187499953125	0.121174689594	0.0327326659886	2	1510328536.4337823	47.2615384615	0.523079633545
310.0	0.187499953125	0.113841758254	0.0301227635053	2	1510328536.9174752	47.2615384615	0.523079633545
310.0	0.187499953125	0.121711154046	0.031216632622	2	1510328537.6735616	47.2615384615	0.523079633545
309.5	0.187499953125	0.125806541177	0.0317660132546	2	1510328538.430343	47.2615384615	0.523079633545
309.0	0.187499953125	0.122340155489	0.0301286440022	2	1510328538.9113195	47.2615384615	0.523079633545
308.5	0.1833332875	0.113087564798	0.0310700713172	2	1510328539.6673408	47.2615384615	0.523079633545
308.0	0.1833332875	0.109508776144	0.0281137648347	2	1510328540.4320807	47.0804597701	0.52299154334
307.5	0.187499953125	0.112609686911	0.0309195365279	2	1510328540.914108	47.0804597701	0.528805496829

#$Filter:op06
#$	0	1	 1
#$	1	op06	 0.251188643150958
#$	2	op09	0.015848931924611138
#$	3	op18*op18*op18	3.9810717055349725e-06
#$	4	ns12	1e-7
#$	5	0	 1e-22
#$POWER:47.5, mW
#$WAVELENGTH:532,nm
#$OBJECT:SiNW21, on wires	=	=	=	=	=	=	=	=
angle	ref	signal	signal_std	filter	Time	freq	duty_cycle
307.0	0.1833332875	1.49473794713	0.339035615321	1	1510328554.4589055	47.9064327485	0.543881506091
306.5	0.187499953125	1.54468565571	0.350097888624	1	1510328554.954979	47.9064327485	0.538067552602
306.0	0.1833332875	1.46157192805	0.351496811271	1	1510328555.7204447	47.9064327485	0.543881506091
305.5	0.187499953125	1.3333668319	0.321882183088	1	1510328556.4917228	47.9064327485	0.549695459579
305.0	0.187499953125	1.34290502162	0.31345975975	1	1510328556.9571126	47.9064327485	0.543881506091
304.5	0.187499953125	1.27513091201	0.296679835792	1	1510328557.7264392	47.9064327485	0.543881506091

#$Filter:op06
#$	0	1	 1
#$	1	op06	 0.251188643150958
#$	2	op09	0.015848931924611138
#$	3	op18*op18*op18	3.9810717055349725e-06
#$	4	ns12	1e-7
#$	5	0	 1e-22
#$POWER:47.5, mW
#$WAVELENGTH:532,nm
#$OBJECT:SiNW21, on wires	=	=	=	=	=	=	=	=
angle	ref	signal	signal_std	filter	Time	freq	duty_cycle
303.5	0.187499953125	1.36578135371	0.32971449693	1	1510328561.5424206	47.6279069767	0.546511627907
303.0	0.187499953125	1.33485187426	0.32284027313	1	1510328562.0467808	47.6279069767	0.546511627907
303.0	0.187499953125	1.23709192719	0.296439258455	1	1510328562.8106468	47.6279069767	0.546511627907
301.5	0.187499953125	1.24800942454	0.338094527709	1	1510328563.5805387	47.6279069767	0.558139534884
301.5	0.187499953125	1.28420326095	0.285255981318	1	1510328564.0474617	47.6279069767	0.511627906977
301.0	0.1833332875	1.24430810817	0.342506081525	1	1510328564.8182793	47.6279069767	0.558139534884
300.5	0.187499953125	1.25173846229	0.255271880372	1	1510328565.5828133	47.6279069767	0.53488372093
300.0	0.187499953125	1.16908116329	0.256946193474	1	1510328566.0432162	47.6279069767	0.540697674419
299.5	0.187499953125	1.22101155886	0.271236702579	1	1510328566.810058	47.9064327485	0.538067552602
299.0	0.187499953125	1.18712042972	0.283547622	1	1510328567.5769293	47.6279069767	0.546511627907
298.5	0.1833332875	1.13452372912	0.277305760346	1	1510328568.046751	47.9064327485	0.538067552602
298.0	0.187499953125	1.1726943644	0.237741294731	1	1510328568.8137298	47.6279069767	0.53488372093
297.5	0.1833332875	1.10813082209	0.274937538716	1	1510328569.57967	47.6279069767	0.552325581395
297.5	0.1833332875	1.0222308698	0.2583766737	1	1510328570.0495014	47.9064327485	0.543881506091
297.0	0.1833332875	1.04085087939	0.251748701956	1	1510328570.8165474	47.6279069767	0.546511627907
296.5	0.187499953125	1.03831673388	0.215601424723	1	1510328571.5882716	47.6279069767	0.53488372093
296.0	0.187499953125	1.07456459354	0.223562266173	1	1510328572.0501432	47.6279069767	0.53488372093
295.5	0.187499953125	0.936373735784	0.189748858048	1	1510328572.8221178	47.6279069767	0.53488372093
294.0	0.1833332875	0.979091391882	0.257413608238	1	1510328573.5896294	47.6279069767	0.558139534884
294.0	0.187499953125	0.867116948463	0.243577316918	1	1510328574.047873	47.9064327485	0.549695459579
293.5	0.187499953125	1.00259412257	0.239195055646	1	1510328574.813855	47.9064327485	0.549695459579
293.0	0.1833332875	0.933517500456	0.238597384583	1	1510328575.5799112	47.9064327485	0.549695459579
292.5	0.1833332875	0.942901920869	0.222693851791	1	1510328576.0486577	47.9064327485	0.543881506091
292.0	0.187499953125	0.919767608911	0.212260421198	1	1510328576.8172617	47.9064327485	0.543881506091
291.5	0.1833332875	0.917451120292	0.24593914068	1	1510328577.584401	48.1882352941	0.552879291251
291.0	0.187499953125	0.853968803602	0.23640334508	1	1510328578.0429158	48.1882352941	0.552879291251
291.0	0.179166621875	0.82295202483	0.197388527883	1	1510328578.808242	48.4733727811	0.550249169435
290.0	0.1833332875	0.827061759046	0.213233999822	1	1510328579.5780845	48.1882352941	0.552879291251
290.0	0.1833332875	0.744021956322	0.205507513127	1	1510328580.047694	48.1882352941	0.552879291251
289.0	0.187499953125	0.761065623236	0.1997442732	1	1510328580.8140152	48.1882352941	0.552879291251
289.0	0.187499953125	0.769702442902	0.190017944011	1	1510328581.5817773	48.1882352941	0.552879291251
288.5	0.1833332875	0.715682434599	0.199291824146	1	1510328582.0467615	48.1882352941	0.547065337763
288.0	0.187499953125	0.767883446675	0.203523377072	1	1510328582.8176024	48.1882352941	0.552879291251
287.5	0.187499953125	0.676515144261	0.169893775495	1	1510328583.582404	48.1882352941	0.547065337763
287.0	0.187499953125	0.64146391542	0.1714643898	1	1510328584.0434804	48.1882352941	0.552879291251
286.5	0.187499953125	0.652573366268	0.140763282453	1	1510328584.809318	48.1882352941	0.541251384275
286.0	0.187499953125	0.661879600093	0.158687106733	1	1510328585.577192	47.9064327485	0.543881506091
285.5	0.187499953125	0.643640657913	0.153690582842	1	1510328586.0476472	47.9064327485	0.543881506091
285.0	0.187499953125	0.619951768089	0.155173999667	1	1510328586.8095891	47.9064327485	0.549695459579
284.5	0.1833332875	0.567211396659	0.141943284771	1	1510328587.5820327	48.1882352941	0.552879291251
284.0	0.1833332875	0.586935394577	0.160798149731	1	1510328588.0488436	48.1882352941	0.552879291251
283.5	0.187499953125	0.575241402083	0.129465721938	1	1510328588.8166015	48.1882352941	0.541251384275
283.0	0.1833332875	0.526805709193	0.141393003715	1	1510328589.5855803	48.1882352941	0.552879291251
283.0	0.187499953125	0.492011985259	0.124233113952	1	1510328590.052515	48.1882352941	0.547065337763
282.5	0.187499953125	0.480286809483	0.116522760068	1	1510328590.8334253	47.9064327485	0.543881506091
281.5	0.179166621875	0.470023030642	0.120643971775	1	1510328591.6113634	48.1882352941	0.552879291251
281.5	0.187499953125	0.429576103432	0.109026981327	1	1510328592.0491948	48.1882352941	0.552879291251
281.0	0.1833332875	0.46326021182	0.120884989536	1	1510328592.8120909	48.1882352941	0.552879291251
280.5	0.1833332875	0.400851039388	0.102434466829	1	1510328593.6408753	48.1882352941	0.552879291251
280.0	0.1833332875	0.12934566798	0.0506441846556	1	1510328594.0588977	48.1882352941	0.52934662237
280.0	0.187499953125	0.344982819737	0.090940810917	1	1510328594.8187976	48.1882352941	0.552879291251
279.5	0.187499953125	0.311994936246	0.0816282616725	1	1510328595.5862114	48.1882352941	0.552879291251
279.0	0.187499953125	0.287378658966	0.0819300454867	1	1510328596.0425072	48.4733727811	0.556201550388
278.5	0.1833332875	0.311069010552	0.0807509940028	1	1510328596.7981865	48.1882352941	0.552879291251
278.0	0.1833332875	0.247976882593	0.0695090176682	1	1510328597.5634842	48.1882352941	0.558831672204
277.5	0.187499953125	0.25198711649	0.0678888724547	1	1510328598.0492842	48.4733727811	0.550249169435
277.5	0.187499953125	0.225183704388	0.0591050367439	1	1510328598.8273735	48.4733727811	0.550249169435
276.5	0.187499953125	0.199352749252	0.0493097582679	1	1510328599.5940716	48.7619047619	0.547619047619
276.5	0.187499953125	0.189558065711	0.0503836238058	1	1510328600.0506861	48.7619047619	0.547619047619
276.5	0.187499953125	0.161230328419	0.0427651247466	1	1510328600.892863	48.7619047619	0.547619047619
276.0	0.1833332875	0.148922784739	0.0338119818567	1	1510328601.653772	49.0538922156	0.514953542393
275.5	0.187499953125	0.125943014796	0.0340064104286	1	1510328602.065582	49.152	0.552071234998
275.0	0.187499953125	0.103474693072	0.0257034919095	1	1510328602.823549	49.152	0.543941153697
274.5	0.187499953125	0.0899609619035	0.0265090412859	1	1510328603.5796132	48.7619047619	0.559523809524
274.0	0.187499953125	0.0844536589093	0.022177518553	1	1510328604.049498	48.7619047619	0.547619047619
273.5	0.187499953125	0.0728067544214	0.0239205308325	1	1510328604.8249843	48.7619047619	0.571428571429
273.0	0.187499953125	0.0566539917543	0.0154122835561	1	1510328605.6422734	48.4733727811	0.550249169435
273.0	0.187499953125	0.0259633353676	0.00703999409887	1	1510328606.0606606	48.7619047619	0.547619047619

#$Filter:1
#$	0	1	 1
#$	1	op06	 0.251188643150958
#$	2	op09	0.015848931924611138
#$	3	op18*op18*op18	3.9810717055349725e-06
#$	4	ns12	1e-7
#$	5	0	 1e-22
#$POWER:47.5, mW
#$WAVELENGTH:532,nm
#$OBJECT:SiNW21, on wires	=	=	=	=	=	=	=	=
angle	ref	signal	signal_std	filter	Time	freq	duty_cycle
271.5	0.1833332875	0.0819906333091	0.0206441955366	0	1510328614.4148865	48.4733727811	0.550249169435
271.0	0.1833332875	0.0390513435135	0.0119440570832	0	1510328615.4202344	48.4733727811	0.556201550388
270.5	0.187499953125	0.00688083075959	0.00337960606747	0	1510328616.4073923	48.4733727811	0.550249169435
269.5	0.187499953125	0.00233418526471	0.00138344097667	0	1510328617.464469	48.7619047619	0.547619047619
269.0	0.187499953125	0.00232509177451	0.00142923610535	0	1510328618.479326	48.7619047619	0.547619047619
268.5	0.187499953125	0.00437015022886	0.00232210988571	0	1510328619.407291	48.7619047619	0.547619047619
267.5	0.187499953125	0.00463434098407	0.00255916969735	0	1510328620.4150429	48.7619047619	0.547619047619
267.0	0.187499953125	0.00424821913426	0.00275424395597	0	1510328621.4107487	48.4733727811	0.556201550388
266.5	0.1833332875	0.00442022516898	0.00261177185113	0	1510328622.4076006	48.1882352941	0.558831672204
265.5	0.1833332875	0.00377524942605	0.00256361798797	0	1510328623.4615903	48.4733727811	0.550249169435
264.5	0.187499953125	0.00441380313209	0.00302514888127	0	1510328624.4668589	48.1882352941	0.523532668882
264.0	0.187499953125	0.00422221040565	0.00263053443078	0	1510328625.4067304	48.4733727811	0.520764119601
263.5	0.187499953125	0.00470703229903	0.00285140719294	0	1510328626.4135578	48.1882352941	0.552879291251
263.0	0.1833332875	0.00494560377669	0.0033222571359	0	1510328627.4109666	48.4733727811	0.550249169435
262.0	0.1833332875	0.00438004897896	0.00261117945911	0	1510328628.4054346	48.4733727811	0.550249169435
261.5	0.1833332875	0.00490813623735	0.00287171364474	0	1510328629.403471	48.4733727811	0.550249169435
261.0	0.1833332875	0.00520907989431	0.00299165255735	0	1510328630.4090872	48.4733727811	0.550249169435
260.0	0.179166621875	0.00433264231049	0.00251792839619	0	1510328631.416806	48.4733727811	0.550249169435
259.0	0.187499953125	0.00496331784749	0.00288902768081	0	1510328632.410081	48.4733727811	0.550249169435
258.5	0.179166621875	0.0050454138405	0.00277148222652	0	1510328633.4189503	48.4733727811	0.550249169435
258.0	0.1833332875	0.00455491339119	0.00273879548445	0	1510328634.4179168	48.4733727811	0.556201550388
257.0	0.1833332875	0.00543240131311	0.00304067578842	0	1510328635.4097598	48.7619047619	0.547619047619
256.5	0.187499953125	0.00466767786121	0.0027853075692	0	1510328636.4173656	48.7619047619	0.547619047619
256.0	0.187499953125	0.00503816654381	0.00272616630755	0	1510328637.4170198	48.7619047619	0.547619047619
255.0	0.187499953125	0.00468140690012	0.00291409594279	0	1510328638.4030664	48.7619047619	0.547619047619
254.5	0.187499953125	0.00479234037623	0.00224724097349	0	1510328639.4181986	48.7619047619	0.547619047619
254.0	0.187499953125	0.00554171856342	0.00271466341174	0	1510328640.4188826	48.7619047619	0.547619047619
253.0	0.187499953125	0.00576189824694	0.00267412592834	0	1510328641.4134045	48.7619047619	0.547619047619
252.0	0.187499953125	0.00628246827119	0.00317700690207	0	1510328642.4197698	48.7619047619	0.547619047619
251.5	0.187499953125	0.00599736317302	0.00270680036904	0	1510328643.4184523	48.4733727811	0.556201550388
251.0	0.187499953125	0.00611264881548	0.00345624536861	0	1510328644.41544	48.7619047619	0.571428571429
250.0	0.187499953125	0.00665361073173	0.00308549678879	0	1510328645.4203265	49.0538922156	0.556910569106
249.5	0.1833332875	0.00674216355662	0.00333466294829	0	1510328646.4278643	49.0538922156	0.556910569106
249.0	0.1833332875	0.00634294030116	0.00353855505308	0	1510328647.4219596	48.7619047619	0.547619047619
248.0	0.187499953125	0.00753336706253	0.00345608241939	0	1510328648.4187896	48.7619047619	0.553571428571
247.0	0.1833332875	0.00759936750037	0.00357899244964	0	1510328649.4075713	48.1882352941	0.558831672204
246.5	0.187499953125	0.00767296311533	0.0037476428233	0	1510328650.415049	48.4733727811	0.550249169435
245.5	0.187499953125	0.00833293951221	0.00358628399659	0	1510328651.421225	48.1882352941	0.552879291251
244.5	0.1833332875	0.0100852960862	0.00436022732379	0	1510328652.4170473	48.1882352941	0.552879291251
243.5	0.1833332875	0.0107700091147	0.00454885481238	0	1510328653.4140158	48.1882352941	0.547065337763
243.0	0.1833332875	0.0115562374807	0.00473025359026	0	1510328654.4108584	48.1882352941	0.552879291251
242.0	0.187499953125	0.0120862861522	0.00410205606171	0	1510328655.4157703	47.9064327485	0.549695459579
241.0	0.187499953125	0.0152667518813	0.00604288176884	0	1510328656.4032178	48.1882352941	0.552879291251
240.0	0.1833332875	0.014608988513	0.00469393096498	0	1510328657.4114265	47.9064327485	0.543881506091
239.5	0.179166621875	0.016615788352	0.00587985145039	0	1510328658.4141474	47.9064327485	0.543881506091
238.5	0.1833332875	0.0180225051959	0.00590989872222	0	1510328659.4025574	48.1882352941	0.552879291251
237.5	0.187499953125	0.01949668316	0.005978576954	0	1510328660.4117897	48.1882352941	0.552879291251
236.5	0.1833332875	0.021448352297	0.00684746748467	0	1510328661.4776757	47.9064327485	0.543881506091
235.5	0.187499953125	0.0222822593867	0.00685094680943	0	1510328662.4103866	47.9064327485	0.543881506091
235.0	0.1833332875	0.0228328646622	0.00643004460964	0	1510328663.410947	47.9064327485	0.549695459579
234.0	0.187499953125	0.0269176570882	0.00759416737057	0	1510328664.4172218	47.9064327485	0.543881506091
233.0	0.187499953125	0.027803305015	0.00826877318031	0	1510328665.4100585	47.9064327485	0.543881506091
232.5	0.1833332875	0.0301416591313	0.00779454651519	0	1510328666.4109173	47.9064327485	0.549695459579
231.5	0.187499953125	0.0299110680208	0.00849194271466	0	1510328667.4176695	47.9064327485	0.549695459579
230.5	0.187499953125	0.029906616455	0.0088854445974	0	1510328668.4107492	47.9064327485	0.549695459579
229.5	0.187499953125	0.0299196892311	0.00814573559748	0	1510328669.4184742	47.9064327485	0.543881506091
229.0	0.187499953125	0.0324859605395	0.00954645973517	0	1510328670.4075007	47.9064327485	0.543881506091
228.0	0.187499953125	0.0341335028626	0.00986333787436	0	1510328671.4141493	47.9064327485	0.543881506091
227.0	0.187499953125	0.0347605039991	0.00996744922465	0	1510328672.4200106	48.1882352941	0.547065337763
226.0	0.187499953125	0.038278017496	0.0116684942381	0	1510328673.4079068	47.9064327485	0.543881506091
225.0	0.1833332875	0.0386605826872	0.00987902567593	0	1510328674.4144135	47.9064327485	0.538067552602
224.5	0.1833332875	0.0435250247313	0.012479868215	0	1510328675.420244	47.9064327485	0.543881506091
223.5	0.187499953125	0.0423724216932	0.0113168455032	0	1510328676.4139695	47.9064327485	0.543881506091
222.5	0.1833332875	0.0427873259464	0.0119614706529	0	1510328677.414372	48.1882352941	0.552879291251
222.0	0.1833332875	0.0462502381093	0.013144959599	0	1510328678.4112778	48.1882352941	0.552879291251
220.5	0.1833332875	0.0493071457929	0.013658080475	0	1510328679.4760792	48.1882352941	0.552879291251
220.0	0.1833332875	0.051592009894	0.0151422922473	0	1510328680.4039884	48.4733727811	0.550249169435
219.0	0.187499953125	0.056541367631	0.0148077074484	0	1510328681.4106364	48.1882352941	0.547065337763
218.0	0.187499953125	0.0576391598184	0.0162173133103	0	1510328682.4161592	48.1882352941	0.552879291251
217.5	0.179166621875	0.063074699331	0.0177132741314	0	1510328683.4035094	48.4733727811	0.550249169435
216.5	0.187499953125	0.0581601706451	0.0156134837306	0	1510328684.4093065	48.1882352941	0.552879291251
215.5	0.1833332875	0.0712144574575	0.0202657246491	0	1510328685.41816	48.1882352941	0.552879291251
214.5	0.1833332875	0.0648172953291	0.0181722003592	0	1510328686.4039774	48.1882352941	0.552879291251
214.0	0.187499953125	0.0682086724065	0.0194427045367	0	1510328687.410295	48.1882352941	0.552879291251
213.0	0.187499953125	0.0711237909276	0.0201520411768	0	1510328688.4165094	48.1882352941	0.552879291251
212.0	0.1833332875	0.0753977019483	0.0214824443344	0	1510328689.4094408	48.4733727811	0.550249169435
211.5	0.1833332875	0.0807057665039	0.0221915030399	0	1510328690.4114442	47.9064327485	0.555509413068
210.0	0.187499953125	0.0968588845662	0.0241914518053	0	1510328691.417212	47.9064327485	0.538067552602
209.5	0.187499953125	0.0958037913444	0.0240282785433	0	1510328692.41399	47.9064327485	0.543881506091
208.5	0.187499953125	0.106121198541	0.030088413268	0	1510328693.411783	47.9064327485	0.549695459579
207.5	0.187499953125	0.0823728607627	0.0251636826672	0	1510328694.407584	48.1882352941	0.552879291251
207.0	0.1833332875	0.0932196736648	0.0273796197065	0	1510328695.4142053	48.4733727811	0.556201550388
206.0	0.1833332875	0.0925520512785	0.0257505296385	0	1510328696.42248	47.9064327485	0.555509413068
205.0	0.1833332875	0.110258163319	0.0295020911942	0	1510328697.4069016	48.1882352941	0.547065337763
204.0	0.1833332875	0.305947929211	0.0809388670896	0	1510328698.4710681	48.1882352941	0.552879291251
203.5	0.187499953125	0.0483504416018	0.0137101757956	0	1510328699.4778786	48.1882352941	0.552879291251
202.5	0.1833332875	0.140375321032	0.0335711369215	0	1510328700.46975	48.4733727811	0.550249169435
201.5	0.187499953125	0.118308962404	0.0285800731147	0	1510328701.413737	48.1882352941	0.517718715393
200.5	0.187499953125	0.118265250352	0.0329904237618	0	1510328702.4224503	48.1882352941	0.552879291251
200.0	0.187499953125	0.12876191728	0.0330963348406	0	1510328703.42831	48.1882352941	0.547065337763
199.0	0.1833332875	0.135483050175	0.0357685860859	0	1510328704.4112225	48.1882352941	0.552879291251
198.0	0.187499953125	0.122185154639	0.0322458499643	0	1510328705.410557	48.1882352941	0.552879291251
197.5	0.187499953125	0.134604489141	0.0332645782421	0	1510328706.414914	48.4733727811	0.550249169435
196.5	0.179166621875	0.14504165894	0.0394843588289	0	1510328707.4037554	48.1882352941	0.552879291251
195.5	0.187499953125	0.137766936111	0.0368767618541	0	1510328708.4116056	48.1882352941	0.552879291251
194.5	0.1833332875	0.0961447409211	0.0258930744559	0	1510328709.4149609	48.4733727811	0.550249169435
194.0	0.1833332875	0.0549034763026	0.0156515738151	0	1510328710.4059727	48.1882352941	0.552879291251
193.0	0.187499953125	0.0532697366115	0.0140056233122	0	1510328711.4110985	48.1882352941	0.541251384275
192.0	0.187499953125	0.053488080847	0.0158660033631	0	1510328712.4170206	48.1882352941	0.552879291251
191.5	0.187499953125	0.0528083913563	0.0149486948001	0	1510328713.4108276	48.1882352941	0.552879291251
190.5	0.187499953125	0.0508675086506	0.0150506433771	0	1510328714.4116127	48.1882352941	0.552879291251
189.5	0.179166621875	0.0523598515824	0.0152544295031	0	1510328715.4074085	48.1882352941	0.552879291251
188.5	0.1833332875	0.0545231345174	0.0157271143566	0	1510328716.4154127	48.4733727811	0.550249169435
188.0	0.1833332875	0.0544109550582	0.0155792695624	0	1510328717.420737	48.4733727811	0.550249169435
187.0	0.187499953125	0.0542412613685	0.0149858722605	0	1510328718.4069355	48.1882352941	0.552879291251
186.0	0.1833332875	0.0545597078689	0.0158406292321	0	1510328719.4149902	48.1882352941	0.552879291251
185.0	0.1833332875	0.0555532268524	0.0144580060323	0	1510328720.4237702	48.1882352941	0.552879291251
184.0	0.187499953125	0.0560071085053	0.0153292589614	0	1510328721.4077566	48.1882352941	0.552879291251
183.5	0.187499953125	0.0580313245235	0.0173800988617	0	1510328722.415611	47.9064327485	0.549695459579
182.5	0.187499953125	0.0564344588259	0.0163259646237	0	1510328723.4112868	48.1882352941	0.552879291251
181.5	0.187499953125	0.0567519445015	0.0161403931021	0	1510328724.4101624	48.1882352941	0.547065337763
181.0	0.179166621875	0.0587433155088	0.0170451807362	0	1510328725.4100728	48.1882352941	0.552879291251
180.0	0.187499953125	0.055720860064	0.0166946276513	0	1510328726.41078	48.1882352941	0.552879291251
179.0	0.1833332875	0.0557441099956	0.0154602875168	0	1510328727.4177642	48.4733727811	0.550249169435
178.0	0.179166621875	0.0566443946708	0.0162990251922	0	1510328728.4106123	48.4733727811	0.550249169435
177.5	0.187499953125	0.0554269804452	0.0158764582329	0	1510328729.4109108	48.1882352941	0.552879291251
176.5	0.187499953125	0.0567448219961	0.0157479060211	0	1510328730.4171922	48.1882352941	0.547065337763
175.5	0.1833332875	0.0552551500039	0.0151353029029	0	1510328731.401188	48.1882352941	0.552879291251
175.0	0.1833332875	0.0507156212242	0.0148433336007	0	1510328732.4138958	48.1882352941	0.552879291251
174.0	0.1833332875	0.0517794268526	0.0151762782547	0	1510328733.407865	48.4733727811	0.550249169435
173.0	0.1833332875	0.0505655144241	0.0148804546863	0	1510328734.4141722	48.4733727811	0.556201550388
172.0	0.187499953125	0.0470470896875	0.0133072135341	0	1510328735.4193692	48.7619047619	0.547619047619
171.0	0.187499953125	0.0462399302308	0.0141765857309	0	1510328736.4063046	48.7619047619	0.559523809524
170.5	0.179166621875	0.0446894475171	0.0142690733317	0	1510328737.4149926	48.4733727811	0.550249169435
169.5	0.187499953125	0.0437827078434	0.012758564915	0	1510328738.4249942	48.4733727811	0.550249169435
168.5	0.187499953125	0.0416716420037	0.012833733838	0	1510328739.408018	48.4733727811	0.556201550388
168.0	0.187499953125	0.0417085654446	0.0126736608909	0	1510328740.410699	48.4733727811	0.556201550388
167.0	0.179166621875	0.038617052483	0.0111182989444	0	1510328741.4666111	48.4733727811	0.550249169435
166.0	0.179166621875	0.0389753942621	0.0121269848725	0	1510328742.4075856	48.4733727811	0.550249169435
165.5	0.1833332875	0.0393516283387	0.0127549614071	0	1510328743.4149137	48.1882352941	0.552879291251
164.0	0.1833332875	0.0387115287837	0.0115257102406	0	1510328744.4260643	48.1882352941	0.552879291251
163.5	0.1833332875	0.0391024284855	0.0112580291937	0	1510328745.4139338	48.4733727811	0.550249169435
162.5	0.1833332875	0.059479756383	0.016351864687	0	1510328746.4036794	48.4733727811	0.550249169435
161.5	0.1833332875	0.374132919287	0.0491285035254	0	1510328747.4815714	48.4733727811	0.550249169435
161.0	0.1833332875	0.367949694337	0.0730177609558	0	1510328748.475014	48.4733727811	0.556201550388
160.0	0.187499953125	0.469517332763	0.122208753217	0	1510328749.4104047	48.1882352941	0.552879291251
159.0	0.1833332875	0.434376139765	0.114771331012	0	1510328750.4113493	48.1882352941	0.558831672204
158.0	0.1833332875	0.423418697564	0.110503943107	0	1510328751.4170046	48.4733727811	0.550249169435
157.0	0.179166621875	0.529051862039	0.134721195379	0	1510328752.410979	48.1882352941	0.552879291251
156.5	0.1833332875	1.03018851564	0.261416603618	0	1510328753.4858031	48.4733727811	0.550249169435
155.5	0.187499953125	0.460857434643	0.117189392259	0	1510328754.4124238	48.4733727811	0.556201550388
154.5	0.1833332875	0.542219237665	0.138292827817	0	1510328755.4064057	48.4733727811	0.556201550388
154.0	0.187499953125	0.441367411026	0.115343426944	0	1510328756.4109433	48.4733727811	0.556201550388
153.0	0.187499953125	0.486286203215	0.131456945836	0	1510328757.413953	48.7619047619	0.553571428571
152.0	0.187499953125	0.424170543781	0.108426542577	0	1510328758.4109085	48.7619047619	0.547619047619
151.5	0.179166621875	0.453370969278	0.1170504822	0	1510328759.4118586	48.4733727811	0.550249169435
150.5	0.187499953125	0.342503475628	0.0873485191668	0	1510328760.407813	48.4733727811	0.556201550388
149.5	0.187499953125	0.592185131863	0.155130148226	0	1510328761.41505	48.7619047619	0.547619047619
149.0	0.187499953125	0.460715997353	0.112672766153	0	1510328762.4110246	48.7619047619	0.547619047619
148.0	0.1833332875	0.504040644446	0.123604341923	0	1510328763.4073718	48.7619047619	0.553588309969
147.0	0.187499953125	0.389866791765	0.108130113549	0	1510328764.4150188	48.4733727811	0.56215393134
146.0	0.187499953125	0.616703498948	0.167813466726	0	1510328765.4080544	48.7619047619	0.547619047619
145.5	0.187499953125	0.388519875557	0.0956462591036	0	1510328766.4077675	48.4733727811	0.550249169435
144.5	0.187499953125	0.305118157339	0.0804997514821	0	1510328767.4131472	48.7619047619	0.553571428571
143.5	0.187499953125	0.423021349203	0.103193824815	0	1510328768.410442	48.7619047619	0.547619047619
142.5	0.187499953125	0.405222833167	0.108729284103	0	1510328769.4159324	48.4733727811	0.556201550388
142.0	0.1833332875	0.398656595493	0.102828209287	0	1510328770.4026842	48.4733727811	0.550249169435
141.0	0.187499953125	0.4952669702	0.130447941584	0	1510328771.410644	48.4733727811	0.550249169435
140.0	0.1833332875	0.38522594785	0.0999672240297	0	1510328772.4178097	48.4733727811	0.550249169435
139.5	0.187499953125	0.343591794444	0.0900199020758	0	1510328773.405541	48.4733727811	0.550249169435
138.5	0.179166621875	0.310974230894	0.0775535537294	0	1510328774.4116135	48.4733727811	0.550249169435
137.5	0.187499953125	0.27409162944	0.0674199171996	0	1510328775.4169252	48.4733727811	0.550249169435
137.0	0.179166621875	0.30383798026	0.0765792275731	0	1510328776.4112725	48.4733727811	0.550249169435
136.0	0.187499953125	0.349870282903	0.0911402975045	0	1510328777.4116852	48.4733727811	0.556201550388
135.0	0.179166621875	0.362269455353	0.0941319821259	0	1510328778.408053	48.4733727811	0.550249169435
134.5	0.187499953125	0.282598932199	0.0746005510938	0	1510328779.4148743	48.4733727811	0.550249169435
133.5	0.187499953125	0.323518437639	0.08445897948	0	1510328780.4207146	48.1882352941	0.552879291251
132.5	0.187499953125	0.308408042556	0.0790754002693	0	1510328781.4070206	47.9064327485	0.549695459579
131.5	0.187499953125	0.240947595788	0.0611329104962	0	1510328782.415378	48.1882352941	0.52934662237
131.0	0.1833332875	0.279514887386	0.0695899025489	0	1510328783.4206903	48.1882352941	0.552879291251
130.0	0.187499953125	0.278915172436	0.0737131473882	0	1510328784.4076934	48.1882352941	0.552879291251
129.0	0.187499953125	0.201940120455	0.0532381427798	0	1510328785.4137125	48.4733727811	0.550249169435
128.5	0.1833332875	0.247984980739	0.0664842286471	0	1510328786.4106843	48.1882352941	0.552879291251
127.5	0.187499953125	0.289034828026	0.077853512204	0	1510328787.415706	48.1882352941	0.552879291251
126.5	0.187499953125	0.247149135891	0.0628331890991	0	1510328788.4030824	48.4733727811	0.550249169435
125.5	0.187499953125	0.219924976315	0.0545724907515	0	1510328789.4113116	48.4733727811	0.550249169435
125.0	0.187499953125	0.207819027367	0.0545993416639	0	1510328790.4181747	48.4733727811	0.550249169435
124.0	0.187499953125	0.151650288885	0.0408957568934	0	1510328791.4039404	48.7619047619	0.547619047619
123.0	0.187499953125	0.0685808233106	0.0184744251468	0	1510328792.483975	48.4733727811	0.556201550388
122.5	0.1833332875	0.130477175358	0.035745895178	0	1510328793.4176435	48.4733727811	0.556201550388
121.5	0.187499953125	0.100421563664	0.0272671974937	0	1510328794.4030428	48.1882352941	0.552879291251
120.5	0.1833332875	0.0912992695338	0.0248301447383	0	1510328795.4115102	48.1882352941	0.552879291251
120.0	0.1833332875	0.0932642216982	0.0250251432272	0	1510328796.4072278	47.9064327485	0.549695459579
119.0	0.187499953125	0.0930975550732	0.024726893142	0	1510328797.4147024	48.1882352941	0.552879291251
118.0	0.187499953125	0.0920343743967	0.0246611060724	0	1510328798.4188619	47.9064327485	0.543881506091
117.0	0.187499953125	0.069466239604	0.020225216046	0	1510328799.4078586	48.4733727811	0.550249169435
116.5	0.1833332875	0.0259291245718	0.00753366988935	0	1510328800.4866679	48.1882352941	0.552879291251
115.5	0.187499953125	0.0435395190296	0.0127336323007	0	1510328801.413409	48.1882352941	0.552879291251
114.5	0.187499953125	0.0284431908949	0.00908060074939	0	1510328802.4069498	47.9064327485	0.549695459579
113.5	0.187499953125	0.00883482685112	0.00266109229351	0	1510328803.4921992	48.1882352941	0.552879291251
113.0	0.179166621875	0.015813070292	0.00511408544188	0	1510328804.484656	48.1882352941	0.552879291251
112.0	0.187499953125	0.0119882766925	0.00478330538068	0	1510328805.4078405	48.1882352941	0.552879291251
111.0	0.1833332875	0.00971712720035	0.00420451993573	0	1510328806.4133291	47.9064327485	0.549695459579
110.5	0.187499953125	0.007461999559	0.00401402626034	0	1510328807.4104002	48.1882352941	0.547065337763
109.5	0.187499953125	0.00725011232318	0.00400701907573	0	1510328808.4742281	48.1882352941	0.552879291251
109.0	0.1833332875	0.00765450307213	0.00347432824602	0	1510328809.4137564	47.9064327485	0.549695459579
108.0	0.1833332875	0.0076600586263	0.00335983193121	0	1510328810.4106095	47.9064327485	0.549695459579
107.0	0.187499953125	0.00758259526493	0.00420660921049	0	1510328811.414779	47.9064327485	0.543881506091
106.0	0.1833332875	0.00644704018294	0.00333436725153	0	1510328812.4038317	47.9064327485	0.543881506091
105.5	0.187499953125	0.00699700021388	0.00354709099431	0	1510328813.411659	47.9064327485	0.543881506091
104.5	0.179166621875	0.00676078890809	0.00294155698082	0	1510328814.4170036	48.1882352941	0.552879291251
104.0	0.1833332875	0.00645861661896	0.00361856043222	0	1510328815.4034781	48.1882352941	0.552879291251
103.0	0.1833332875	0.00694974897481	0.00326329010461	0	1510328816.4101257	48.1882352941	0.552879291251
102.0	0.187499953125	0.00728165772374	0.00360431671675	0	1510328817.4181051	48.1882352941	0.552879291251
101.0	0.187499953125	0.00689273331955	0.00326741390694	0	1510328818.4096897	47.9064327485	0.549695459579
100.5	0.187499953125	0.00666573907431	0.00285346134177	0	1510328819.4118614	48.1882352941	0.547065337763
99.5	0.187499953125	0.00602208375385	0.00335243867446	0	1510328820.4162364	48.1882352941	0.552879291251
98.5	0.187499953125	0.00680795769972	0.00308594205638	0	1510328821.410503	48.1882352941	0.547065337763
98.0	0.187499953125	0.00652131247224	0.00334515953189	0	1510328822.4107783	47.9064327485	0.549695459579
97.0	0.1833332875	0.00653577115808	0.00305386189756	0	1510328823.406977	48.1882352941	0.552879291251
96.0	0.179166621875	0.00676204735922	0.0038904948215	0	1510328824.415044	48.1882352941	0.541251384275
95.5	0.1833332875	0.00709079238685	0.00402988825118	0	1510328825.418761	48.1882352941	0.552879291251
94.5	0.179166621875	0.00674818284186	0.00324501966416	0	1510328826.4075882	48.1882352941	0.552879291251
93.5	0.187499953125	0.00606791158843	0.00326723729317	0	1510328827.4145741	48.1882352941	0.552879291251
93.0	0.179166621875	0.00618501243537	0.00306868693571	0	1510328828.4203396	48.1882352941	0.552879291251
92.0	0.1833332875	0.00810846612902	0.00373493055826	0	1510328829.407231	48.1882352941	0.552879291251
91.0	0.1833332875	0.0163133234055	0.0053483141457	0	1510328830.4135776	48.1882352941	0.552879291251
90.0	0.1833332875	0.035687277403	0.0068087942699	0	1510328831.4648578	48.1882352941	0.552879291251
89.5	0.1833332875	0.0725930577793	0.0152169585189	0	1510328832.4078836	48.1882352941	0.52934662237
88.5	0.1833332875	0.148168980052	0.0209566427349	0	1510328833.4845285	48.4733727811	0.550249169435
87.5	0.1833332875	0.147176545088	0.02753181342	0	1510328834.4833677	48.7619047619	0.547619047619
87.0	0.1833332875	0.337532278767	0.082485971633	0	1510328835.4072123	48.4733727811	0.550249169435
86.0	0.1833332875	0.737766189179	0.139876184563	0	1510328836.4867768	48.4733727811	0.550249169435
85.0	0.1833332875	0.550120779734	0.137232918392	0	1510328837.4201577	48.4733727811	0.550249169435
84.5	0.179166621875	0.67717314071	0.167800315247	0	1510328838.4168127	48.4733727811	0.550249169435
83.5	0.187499953125	1.43756721202	0.34069409354	0	1510328839.4875014	48.4733727811	0.550249169435

#$Filter:1
#$	0	1	 1
#$	1	op06	 0.251188643150958
#$	2	op09	0.015848931924611138
#$	3	op18*op18*op18	3.9810717055349725e-06
#$	4	ns12	1e-7
#$	5	0	 1e-22
#$POWER:47.5, mW
#$WAVELENGTH:532,nm
#$OBJECT:SiNW21, on wires	=	=	=	=	=	=	=	=
angle	ref	signal	signal_std	filter	Time	freq	duty_cycle
82.5	0.187499953125	0.904621556644	0.232600141737	0	1510328849.9240983	48.1882352941	0.552879291251
82.0	0.187499953125	1.04811583484	0.261648604954	0	1510328850.7027876	47.9064327485	0.549695459579
81.5	0.187499953125	1.15881386757	0.278528114814	0	1510328851.4619446	48.1882352941	0.547065337763
81.0	0.1833332875	1.07814431736	0.276416072745	0	1510328851.9188907	48.1882352941	0.552879291251
80.0	0.187499953125	1.27808776471	0.335457283027	0	1510328852.6776388	48.1882352941	0.552879291251
79.5	0.179166621875	1.24962161306	0.327932288774	0	1510328853.440532	48.1882352941	0.552879291251
79.0	0.187499953125	1.40815135736	0.358242194078	0	1510328853.9196	48.1882352941	0.552879291251
78.5	0.1833332875	1.54175175131	0.389759541044	0	1510328854.6891742	48.1882352941	0.552879291251
78.0	0.1833332875	1.72574743181	0.428009534132	0	1510328855.4672885	48.1882352941	0.552879291251
77.5	0.187499953125	1.7891731899	0.424880989297	0	1510328855.9148207	48.1882352941	0.547065337763
77.0	0.187499953125	1.81005986386	0.419967988908	0	1510328856.6930523	47.9064327485	0.543881506091
76.5	0.187499953125	1.81798387599	0.443365516789	0	1510328857.4521153	48.1882352941	0.552879291251
76.0	0.179166621875	1.82308358981	0.459803371101	0	1510328857.9137926	48.1882352941	0.552879291251
75.5	0.187499953125	2.1013313835	0.533675071511	0	1510328858.6852298	48.1882352941	0.552879291251
74.5	0.187499953125	2.05439585118	0.543941184544	0	1510328859.4535854	48.1882352941	0.552879291251
74.0	0.1833332875	2.00844323008	0.511539206363	0	1510328859.9184098	48.1882352941	0.552879291251
73.5	0.187499953125	2.21250300813	0.561151500204	0	1510328860.689546	48.4733727811	0.550249169435
73.0	0.187499953125	2.35298905394	0.619378009207	0	1510328861.458252	48.1882352941	0.552879291251
72.5	0.1833332875	2.54316175737	0.637362953148	0	1510328861.9132395	48.1882352941	0.552879291251
72.0	0.1833332875	2.424751862	0.644572802884	0	1510328862.6932137	48.4733727811	0.556201550388
71.5	0.187499953125	2.6682460658	0.718088990846	0	1510328863.4621143	48.1882352941	0.558831672204
71.0	0.1833332875	2.69221154386	0.685919259652	0	1510328863.9190247	48.4733727811	0.544435215947
70.5	0.187499953125	2.78905557054	0.691195566708	0	1510328864.697924	48.1882352941	0.552879291251
69.5	0.187499953125	3.07032822859	0.80291620974	0	1510328865.4628074	48.1882352941	0.552879291251
69.0	0.187499953125	2.81476471682	0.668535238123	0	1510328865.917168	47.9064327485	0.543881506091
68.5	0.1833332875	2.85789458467	0.695588955006	0	1510328866.6865096	47.9064327485	0.543881506091
68.0	0.1833332875	3.20438771685	0.829839616188	0	1510328867.4543643	47.9064327485	0.549695459579
67.5	0.1833332875	3.07756871072	0.810340148777	0	1510328867.9240537	47.9064327485	0.555509413068
67.0	0.1833332875	3.2119813866	0.747759753918	0	1510328868.6937528	47.9064327485	0.543881506091
66.5	0.1833332875	3.25348921512	0.789830286204	0	1510328869.4606442	48.1882352941	0.547065337763
66.0	0.187499953125	3.2464641366	0.743071189806	0	1510328869.9181118	47.9064327485	0.543881506091
65.0	0.1833332875	3.43065797424	0.826178690569	0	1510328870.6879616	47.9064327485	0.549695459579
64.5	0.187499953125	3.32963235847	0.79461754506	0	1510328871.4537652	47.9064327485	0.543881506091
64.0	0.187499953125	3.33455757092	0.799733029364	0	1510328871.9198754	47.9064327485	0.549695459579
63.5	0.187499953125	3.52380203813	0.801217411876	0	1510328872.67926	47.9064327485	0.543881506091
63.0	0.187499953125	3.81874050998	0.865342212675	0	1510328873.4570258	47.9064327485	0.543881506091
62.5	0.1833332875	3.58958243594	0.890139789073	0	1510328873.9144735	48.1882352941	0.547065337763
62.0	0.187499953125	3.77179261572	0.871831474932	0	1510328874.6812074	48.1882352941	0.547065337763
61.5	0.1833332875	3.92499901875	0.955052675151	0	1510328875.4488397	47.9064327485	0.549695459579
61.0	0.1833332875	3.83952895465	0.932981457893	0	1510328875.9167798	47.9064327485	0.543881506091
60.0	0.1833332875	3.79833950626	0.911411324236	0	1510328876.685864	47.9064327485	0.549695459579
59.5	0.1833332875	4.13403742803	0.993660717693	0	1510328877.4518416	47.9064327485	0.543881506091
59.0	0.187499953125	4.01802633702	1.02184059017	0	1510328877.9137805	47.9064327485	0.543881506091
58.5	0.1833332875	3.9428658234	0.954963167842	0	1510328878.6797361	47.9064327485	0.549695459579
58.0	0.1833332875	4.18615279962	1.01861887053	0	1510328879.4546638	48.1882352941	0.547065337763
57.5	0.179166621875	4.42541556031	1.07248541759	0	1510328879.9141753	48.1882352941	0.547065337763
57.0	0.187499953125	4.22645549609	1.03233534439	0	1510328880.6930432	47.9064327485	0.549695459579
56.5	0.187499953125	4.22544766159	1.03001844489	0	1510328881.4779954	48.1882352941	0.547065337763
56.0	0.1833332875	4.28803452034	0.9836005346	0	1510328881.9172952	47.9064327485	0.543881506091
55.0	0.187499953125	4.53416467711	1.18664429378	0	1510328882.684954	48.1882352941	0.552879291251
54.5	0.1833332875	4.47250644336	1.1629652754	0	1510328883.463975	48.1882352941	0.552879291251
54.5	0.1833332875	4.54717478913	1.15803800009	0	1510328883.920872	48.1882352941	0.552879291251
54.5	0.1833332875	4.57825384119	1.14511458033	0	1510328884.6897345	48.1882352941	0.552879291251
54.5	0.1833332875	5.01988834617	1.23969266913	0	1510328885.4577324	48.1882352941	0.547065337763
54.5	0.1833332875	4.78070844358	1.29440682318	0	1510328885.9241538	48.1882352941	0.552879291251
54.5	0.1833332875	5.23233054579	1.20412812685	0	1510328886.6934555	47.9064327485	0.543881506091
54.0	0.1833332875	4.91484283338	1.27002450682	0	1510328887.478379	48.1882352941	0.552879291251
54.0	0.187499953125	4.97162232031	1.25657481555	0	1510328887.9182272	48.1882352941	0.541251384275
53.0	0.187499953125	4.95555075541	1.2133012765	0	1510328888.6841767	47.9064327485	0.549695459579
52.5	0.187499953125	5.17242392057	1.26630523508	0	1510328889.4536102	48.1882352941	0.547065337763
52.0	0.1833332875	5.59128065346	1.39694619856	0	1510328889.9200861	48.1882352941	0.552879291251
51.5	0.1833332875	5.05395528922	1.24307635145	0	1510328890.692972	47.9064327485	0.549695459579
51.0	0.1833332875	5.32457616971	1.23458914212	0	1510328891.4567266	47.9064327485	0.543881506091
50.5	0.1833332875	5.48128780347	1.41322962638	0	1510328891.9157329	48.1882352941	0.547065337763
50.0	0.1833332875	5.04024802769	1.21930447498	0	1510328892.6805353	48.1882352941	0.547065337763
49.5	0.1833332875	5.4477779852	1.41063679593	0	1510328893.4575388	48.1882352941	0.552879291251
49.0	0.1833332875	5.5952209467	1.32086871313	0	1510328893.9162292	48.1882352941	0.541251384275
48.0	0.1833332875	5.48676144882	1.34941150494	0	1510328894.6852353	48.1882352941	0.547065337763
47.5	0.1833332875	5.67285711058	1.47387493303	0	1510328895.452223	48.1882352941	0.552879291251
47.0	0.187499953125	5.16982907335	1.65818299101	0	1510328895.917035	47.9064327485	0.549695459579
46.5	0.1833332875	6.00044721784	1.41554915342	0	1510328896.6880283	47.9064327485	0.549695459579
46.0	0.1833332875	5.721661675	1.36706726161	0	1510328897.457803	47.9064327485	0.543881506091
45.5	0.1833332875	5.61070728678	1.45473671338	0	1510328897.9136426	48.1882352941	0.547065337763
45.0	0.1833332875	5.7621543009	1.31263335571	0	1510328898.6805196	47.9064327485	0.543881506091
44.0	0.187499953125	6.02476519462	1.36864707979	0	1510328899.4486253	47.9064327485	0.543881506091
44.0	0.187499953125	6.10956729587	1.46535923436	0	1510328899.9150074	47.9064327485	0.543881506091
43.0	0.179166621875	6.39661058362	1.46125964139	0	1510328900.6842654	47.9064327485	0.543881506091
42.5	0.187499953125	6.41523539403	1.48228673118	0	1510328901.5201309	48.1882352941	0.547065337763
41.5	0.1833332875	5.85005551754	1.41763588045	0	1510328902.421966	47.9064327485	0.549695459579
41.0	0.1833332875	6.45150835863	1.76494935053	0	1510328902.9159381	48.1882352941	0.547065337763
40.5	0.179166621875	5.82905178704	1.51672979155	0	1510328903.6975622	48.1882352941	0.552879291251
40.0	0.1833332875	6.41688586017	1.60835696452	0	1510328904.4758148	48.1882352941	0.547065337763
39.5	0.1833332875	6.79985420371	1.80971475314	0	1510328904.9202461	48.1882352941	0.552879291251
39.0	0.1833332875	6.62063978751	1.73395150995	0	1510328905.6875045	47.9064327485	0.555509413068
38.0	0.187499953125	6.59102399327	1.63224607384	0	1510328906.4439917	48.1882352941	0.547065337763
38.0	0.1833332875	6.29108184592	1.55860371759	0	1510328906.9212487	48.1882352941	0.547065337763
37.0	0.1833332875	6.47945706959	1.63370586665	0	1510328907.6892624	48.1882352941	0.552879291251
36.5	0.1833332875	6.3992006794	1.63413060487	0	1510328908.4492867	48.1882352941	0.552879291251
36.0	0.1833332875	6.16073920056	1.67397847601	0	1510328908.9182067	48.4733727811	0.550249169435
35.5	0.179166621875	6.07204976404	1.53801296427	0	1510328909.6969783	48.4733727811	0.550249169435
35.0	0.179166621875	6.58379465035	1.6708079847	0	1510328910.4629624	48.1882352941	0.552879291251
34.5	0.179166621875	6.83222051417	1.75506278334	0	1510328910.9198043	48.1882352941	0.552879291251
34.0	0.1833332875	7.32177879634	1.85574823022	0	1510328911.690544	48.1882352941	0.552879291251
33.0	0.1833332875	7.1664013423	1.81370427489	0	1510328912.4555628	48.1882352941	0.552879291251
32.5	0.187499953125	6.83348810613	1.73557763198	0	1510328912.9191737	48.1882352941	0.547065337763
32.0	0.1833332875	7.18182868887	1.82105176788	0	1510328913.6800697	48.1882352941	0.552879291251
31.5	0.187499953125	7.12889422917	1.80767108869	0	1510328914.4481635	48.1882352941	0.552879291251
31.0	0.1833332875	6.65836015877	1.97070623194	0	1510328914.913146	48.1882352941	0.552879291251
30.5	0.1833332875	7.0816623282	1.85413523621	0	1510328915.6731262	48.1882352941	0.552879291251
30.0	0.179166621875	7.61374146243	2.00382976413	0	1510328916.431056	48.1882352941	0.552879291251
29.5	0.1833332875	7.29448535587	2.03858197346	0	1510328916.9128606	48.1882352941	0.552879291251
29.0	0.187499953125	7.24176457132	1.76998915258	0	1510328917.6807263	48.1882352941	0.552879291251
28.0	0.187499953125	7.21019336951	1.85832079699	0	1510328918.4447606	48.1882352941	0.552879291251
27.5	0.1833332875	7.50149385112	1.84381978386	0	1510328918.9196231	47.9064327485	0.549695459579
27.0	0.187499953125	7.24034007026	1.75091116229	0	1510328919.6894403	47.9064327485	0.549695459579
26.5	0.1833332875	7.90580998936	1.93453329015	0	1510328920.447986	48.1882352941	0.547065337763
26.0	0.1833332875	7.50849527387	1.81406337962	0	1510328920.9178166	48.1882352941	0.547065337763
25.5	0.1833332875	7.6824195543	1.73506476512	0	1510328921.6848357	47.9064327485	0.543881506091
25.0	0.1833332875	7.58565020328	1.71416312891	0	1510328922.4529154	47.9064327485	0.543881506091
24.5	0.187499953125	7.68430444059	1.77697489776	0	1510328922.91695	47.9064327485	0.543881506091
24.0	0.1833332875	8.31755510736	1.8672446935	0	1510328923.6968703	47.9064327485	0.543881506091
23.0	0.1833332875	8.1520336397	1.83867403643	0	1510328924.4655764	47.9064327485	0.543881506091
22.5	0.1833332875	8.0812340694	2.08439688982	0	1510328924.9222145	47.9064327485	0.549695459579
22.0	0.1833332875	7.83256319493	1.76131684279	0	1510328925.6905205	47.9064327485	0.543881506091
21.5	0.1833332875	8.04563901423	1.91731520227	0	1510328926.4605331	47.9064327485	0.549695459579
21.0	0.1833332875	8.18363571442	1.880957387	0	1510328926.917084	47.9064327485	0.543881506091
20.5	0.1833332875	8.29404717605	2.09372880484	0	1510328927.6842358	47.9064327485	0.549695459579
20.0	0.1833332875	8.18741971256	1.84874334456	0	1510328928.4520638	47.9064327485	0.543881506091
19.5	0.1833332875	8.08080994561	2.10238116339	0	1510328928.9181697	47.9064327485	0.549695459579
19.0	0.1833332875	8.13180708386	1.91782896559	0	1510328929.6881504	47.9064327485	0.543881506091
18.0	0.1833332875	8.48698860319	1.96533018539	0	1510328930.4558609	48.1882352941	0.547065337763
17.5	0.1833332875	8.56943993116	2.06329829216	0	1510328930.9137583	48.1882352941	0.547065337763
17.0	0.179166621875	8.72702061027	2.14758760907	0	1510328931.6787384	48.1882352941	0.552879291251
16.5	0.1833332875	8.41874789531	1.89264680388	0	1510328932.438657	48.1882352941	0.517718715393
16.0	0.187499953125	8.81414309561	2.16173376006	0	1510328932.91653	48.1882352941	0.552879291251
15.5	0.187499953125	9.00002624002	2.18116838671	0	1510328933.6853096	47.9064327485	0.549695459579
14.5	0.1833332875	8.64992813227	1.96389169093	0	1510328934.450212	47.9064327485	0.543881506091
14.5	0.1833332875	9.288003376	2.27388412041	0	1510328934.9132054	48.1882352941	0.547065337763
13.5	0.187499953125	9.18510454133	2.28555125897	0	1510328935.6741033	48.1882352941	0.552879291251
13.0	0.187499953125	9.32668055213	2.22747100759	0	1510328936.4440565	48.4733727811	0.550249169435
12.5	0.1833332875	9.63300849171	2.60119311864	0	1510328936.922675	48.1882352941	0.552879291251
12.0	0.1833332875	9.90196333647	2.44145915076	0	1510328937.693565	48.1882352941	0.552879291251
11.5	0.1833332875	9.19137474946	2.39221282307	0	1510328938.4597669	48.1882352941	0.552879291251
11.0	0.1833332875	8.7149224917	2.27987888613	0	1510328938.9170823	48.1882352941	0.552879291251
10.5	0.1833332875	8.05917177438	1.99025868306	0	1510328939.6815102	48.1882352941	0.547065337763
9.5	0.1833332875	0.0765086015625	0.0196837720314	0	1510328940.5122561	48.1882352941	0.547065337763
9.0	0.187499953125	0.062499984375	0.0240562552022	0	1510328940.920241	47.9064327485	0.520487264673
8.5	0.187499953125	0.00264830442267	0.00693970306982	0	1510328941.7580824	48.1882352941	0.552879291251
8.0	0.1833332875	0.00664483655143	0.00713241695868	0	1510328942.5919812	48.1882352941	0.552879291251
7.0	0.1833332875	0.00496849818514	0.00362177820856	0	1510328943.4178145	48.1882352941	0.517718715393
6.5	0.187499953125	0.00530802241322	0.00359337600369	0	1510328943.9844408	48.1882352941	0.552879291251
6.0	0.362499909375	0.000681048538057	0.00280885222372	0	1510328944.7492142	48.1882352941	0.564784053156
5.0	0.1833332875	0.00109935869952	0.00137443131561	0	1510328945.60242	48.4733727811	0.550249169435
4.5	0.179166621875	0.00265751185412	0.00235560658387	0	1510328946.4823613	48.4733727811	0.550249169435
4.0	0.1833332875	0.00119203054301	0.000955297474509	0	1510328946.916274	48.4733727811	0.550249169435
3.5	0.1833332875	0.00398742360767	0.00293680336855	0	1510328947.740263	48.4733727811	0.550249169435
3.0	0.179166621875	0.00470371445981	0.00289358978497	0	1510328948.5161843	48.4733727811	0.520764119601
2.5	0.187499953125	0.00643567751934	0.00369344141129	0	1510328948.997991	48.4733727811	0.550249169435
1.5	0.1833332875	0.0343314194798	0.00668235305438	0	1510328949.773011	48.4733727811	0.556201550388
1.0	0.1833332875	0.0491130240254	0.0	0	1510328950.6018624	48.4733727811	0.550249169435
0.5	0.1833332875	0.0	0.0	0	1510328951.4787362	48.7619047619	0.547619047619
0.0	0.1833332875	0.162803635263	0.0885105139926	0	1510328951.9205627	48.4733727811	0.520764119601

#$Filter:1
#$	0	1	 1
#$	1	op06	 0.251188643150958
#$	2	op09	0.015848931924611138
#$	3	op18*op18*op18	3.9810717055349725e-06
#$	4	ns12	1e-7
#$	5	0	 1e-22
#$POWER:47.5, mW
#$WAVELENGTH:532,nm
#$OBJECT:SiNW21, on wires	=	=	=	=	=	=	=	=
angle	ref	signal	signal_std	filter	Time	freq	duty_cycle
359.0	0.179166621875	8.27157912869	3.21241079324	0	1510328960.925152	48.1882352941	0.552879291251
358.5	0.1833332875	9.15643975596	2.15274818878	0	1510328961.704077	48.1882352941	0.547065337763
358.0	0.187499953125	9.47795347097	2.3280312119	0	1510328962.4749074	48.1882352941	0.552879291251
357.5	0.1833332875	9.1295712353	2.16807327065	0	1510328962.9180002	48.1882352941	0.547065337763
357.0	0.187499953125	8.79415734562	2.19483125335	0	1510328963.6857173	48.4733727811	0.550249169435
356.5	0.1833332875	8.73358043769	2.1953902383	0	1510328964.4546633	48.4733727811	0.550249169435
356.0	0.1833332875	8.89636101137	2.11079972436	0	1510328964.92114	48.1882352941	0.547065337763
355.5	0.1833332875	9.05101059715	2.15621328979	0	1510328965.6903505	48.4733727811	0.544435215947
354.5	0.187499953125	8.97844247486	2.11751272872	0	1510328966.4690251	48.4733727811	0.544435215947
354.5	0.187499953125	8.58135469227	2.14052764547	0	1510328966.9154198	48.1882352941	0.552879291251
353.5	0.1833332875	8.20769025577	2.02997025196	0	1510328967.6951983	48.1882352941	0.552879291251
353.0	0.1833332875	8.41962040222	2.11232123032	0	1510328968.461025	48.1882352941	0.552879291251
352.5	0.1833332875	8.53744444683	2.13506824759	0	1510328968.9148602	48.1882352941	0.552879291251
352.0	0.179166621875	7.90583963171	2.06714745236	0	1510328969.695882	48.1882352941	0.552879291251
351.0	0.1833332875	8.75669296752	2.16573211922	0	1510328970.4534183	48.1882352941	0.552879291251
351.0	0.179166621875	8.91903267053	2.35160141289	0	1510328970.912227	48.1882352941	0.552879291251
