
#$Filter:1
#$	0	1	 1
#$	1	op06	0.251188643150958
#$	2	op09*op09	0.015848931924611138
#$	3	op18*op18*op18	3.9810717055349725e-06
#$	4	ns12	1e-7
#$	5	0	 1e-22
#$POWER:20.4, mW
#$WAVELENGTH:1064,nm
#$OBJECT:air, bscat	=
angle	ref	signal	signal_std	filter	Time	freq	duty_cycle
0.0	0.09166664375	3.42809718632e-05	0.000207284213025	0	1510746697.4891877	78.2675159236	0.452279202279
360.0	0.09166664375	3.42809718632e-05	0.000207284213025	0	1510746698.2330065	78.2675159236	0.452279202279
359.5	0.0937499765625	3.0851056117e-06	0.000224992189146	0	1510746699.0039365	77.9130434783	0.445665445665
359.5	0.0895833109375	2.21846307654e-05	0.000273754157299	0	1510746699.4938738	77.7721518987	0.44301994302
359.0	0.0895833109375	2.21846307654e-05	0.000273754157299	0	1510746700.2512345	77.7721518987	0.44301994302
358.5	0.09166664375	3.62972417848e-05	0.00027847040324	0	1510746701.0165355	78.7692307692	0.446241154306
358.0	0.09166664375	4.18402673177e-05	0.000203900637333	0	1510746701.4984767	78.2675159236	0.445275403609
357.5	0.09166664375	4.18402673177e-05	0.000203900637333	0	1510746702.2775083	78.2675159236	0.445275403609
357.0	0.0937499765625	4.43771147561e-06	0.000265859927967	0	1510746703.0452192	78.2675159236	0.445868945869
357.0	0.0895833109375	7.10077668052e-07	0.000251913112629	0	1510746703.4911325	79.2044198895	0.43491532622
356.5	0.0895833109375	7.10077668052e-07	0.000251913112629	0	1510746704.2801561	79.2044198895	0.43491532622
356.0	0.09166664375	4.56359535033e-05	0.000267588367699	0	1510746705.0400038	77.7721518987	0.44943019943
355.5	0.0937499765625	1.38047103535e-05	0.00026300939531	0	1510746705.493761	78.2675159236	0.452279202279
355.0	0.0937499765625	2.90110652613e-05	0.000259374737254	0	1510746706.2637002	77.7721518987	0.44943019943
354.5	0.095833309375	0.000206481429861	0.000215567332894	0	1510746707.0438502	77.7721518987	0.44943019943
354.5	0.09166664375	0.000209100824918	0.000216299620913	0	1510746707.496083	78.2675159236	0.445868945869
354.0	0.09166664375	0.000112894708618	0.000263168793628	0	1510746708.326434	78.2675159236	0.445868945869
353.5	0.087499978125	0.000121052158289	0.000220665534065	0	1510746709.116468	78.7692307692	0.44474969475
353.0	0.09166664375	0.000103951642399	0.000194674550203	0	1510746709.9937508	78.2675159236	0.445868945869
352.5	0.0937499765625	8.18731543335e-05	0.000290817906152	0	1510746710.496174	77.7721518987	0.437503237503
352.0	0.0979166421875	0.000164184356117	0.000273111813848	0	1510746711.2771077	77.4918918919	0.443223443223
352.0	0.095833309375	0.000144385014111	0.000257756551338	0	1510746712.057411	77.9130434783	0.445665445665
351.5	0.0937499765625	0.000106644710181	0.000255373096273	0	1510746712.5007467	77.7721518987	0.44943019943
351.0	0.0937499765625	0.000106644710181	0.000255373096273	0	1510746713.3058064	77.7721518987	0.44943019943
350.5	0.0937499765625	0.000152146104018	0.000289131171207	0	1510746714.111682	77.0752688172	0.45177045177
350.0	0.0979166421875	0.00010244284279	0.000211082233561	0	1510746714.994532	77.7721518987	0.442497625831
349.5	0.0979166421875	0.00010244284279	0.000211082233561	0	1510746715.490919	77.7721518987	0.442497625831
348.5	0.0937499765625	0.000113135113355	0.000299006635406	0	1510746716.295236	76.8	0.450142450142
348.0	0.09166664375	8.25449765293e-05	0.000241780683079	0	1510746717.097241	76.6631016043	0.449328449328
347.5	0.09166664375	0.000104961641801	0.000245906074141	0	1510746717.527037	76.6631016043	0.449328449328
347.0	0.0895833109375	0.000135938688754	0.000311937823569	0	1510746718.321928	76.8	0.456315289649
346.0	0.0895833109375	7.17651482661e-05	0.000222297805338	0	1510746719.139914	76.8	0.456315289649
345.0	0.0937499765625	0.000185506219027	0.000189618406818	0	1510746719.999351	76.8	0.456315289649
344.5	0.095833309375	9.70631976814e-05	0.000207883849105	0	1510746720.4935887	76.8	0.456315289649
343.5	0.09166664375	7.43304613404e-05	0.000227433397719	0	1510746721.2871606	77.2830188679	0.452991452991
342.5	0.0937499765625	8.6969874428e-05	0.000251280280703	0	1510746722.087261	77.2830188679	0.452991452991
341.5	0.095833309375	4.20221438376e-05	0.000215666583626	0	1510746722.518407	76.8	0.443732193732
340.5	0.0937499765625	8.62471557875e-05	0.000220934193212	0	1510746723.3281863	77.2830188679	0.446581196581
339.5	0.0937499765625	5.03869843073e-05	0.000220990781283	0	1510746724.1279917	77.7721518987	0.44943019943
338.5	0.0937499765625	5.90571703903e-05	0.000229037967185	0	1510746724.9961061	77.4918918919	0.443223443223
337.5	0.0937499765625	5.34783607836e-05	0.000252000244787	0	1510746725.494573	77.2830188679	0.452991452991
336.0	0.0937499765625	6.97936640474e-05	0.000265090127291	0	1510746726.2895918	77.2830188679	0.440170940171
335.0	0.0937499765625	6.05395914573e-05	0.000232807521221	0	1510746727.0916677	77.7721518987	0.45584045584
334.5	0.0937499765625	6.74901370838e-06	0.000219392030338	0	1510746727.5275955	77.7721518987	0.44943019943
333.5	0.0937499765625	1.26705621345e-06	0.000213999080668	0	1510746728.3312917	77.7721518987	0.44943019943
332.5	0.0937499765625	5.5450195145e-05	0.000206370458205	0	1510746729.133301	77.2830188679	0.452991452991
331.0	0.0937499765625	2.53840424755e-06	0.00022434108894	0	1510746729.9952564	77.2830188679	0.452991452991
330.5	0.095833309375	3.78952507743e-05	0.000299180470263	0	1510746730.4979632	77.2830188679	0.452991452991
329.5	0.0937499765625	3.5150334855e-05	0.000295659912237	0	1510746731.294068	76.8	0.462250712251
328.5	0.0937499765625	5.25603210183e-05	0.000224115935394	0	1510746732.097668	77.2830188679	0.452991452991
328.0	0.0937499765625	5.32135111741e-05	0.000225557043247	0	1510746732.5439198	76.8	0.450142450142
327.0	0.0937499765625	1.13062059193e-05	0.000245599457013	0	1510746733.3598077	76.8	0.450142450142
326.0	0.099999975	1.08375393782e-05	0.000252996064972	0	1510746734.1505103	76.8	0.450142450142
325.0	0.09166664375	6.53522173389e-05	0.000274264224705	0	1510746734.990942	76.3229813665	0.4534662868
324.5	0.0937499765625	1.68350126263e-06	0.000250072264982	0	1510746735.4952693	77.2830188679	0.44329864982
323.5	0.0937499765625	8.93286384251e-07	0.000273502950168	0	1510746736.2802348	76.3229813665	0.4534662868
322.5	0.09166664375	1.5212986568e-05	0.000212833944825	0	1510746737.0650477	76.3229813665	0.4534662868
322.0	0.09166664375	2.01759816268e-05	0.000200626617712	0	1510746737.4949913	76.6631016043	0.454619454619
321.0	0.0895833109375	3.91242257717e-06	0.000201961102321	0	1510746738.278446	76.8	0.462488129155
320.5	0.09166664375	1.39200645472e-05	0.000226343812429	0	1510746739.0686564	76.3229813665	0.459639126306
320.0	0.09166664375	4.48023942977e-06	0.000249043792523	0	1510746739.4985423	76.6631016043	0.454619454619
319.0	0.0895833109375	1.00525333527e-05	0.000220259379722	0	1510746740.275539	76.6631016043	0.45991045991
318.0	0.0937499765625	4.06095195506e-06	0.000210531159743	0	1510746741.0624692	77.2830188679	0.444335035733
317.5	0.09166664375	1.4297129264e-05	0.000210574105019	0	1510746741.4943714	76.6631016043	0.449328449328
317.0	0.09166664375	1.4297129264e-05	0.000210574105019	0	1510746742.2824073	76.6631016043	0.449328449328
315.5	0.0937499765625	5.71541386268e-07	0.000209587732622	0	1510746743.067292	77.2830188679	0.452991452991
315.5	0.09166664375	4.9166654375e-05	0.000232846035251	0	1510746743.4989254	76.3229813665	0.447293447293
314.5	0.09166664375	4.9166654375e-05	0.000232846035251	0	1510746744.2630978	76.3229813665	0.447293447293
313.5	0.09166664375	5.4188781621e-05	0.000212059217385	0	1510746745.0444953	76.2553191489	0.452177452177
313.0	0.0895833109375	7.09183496173e-06	0.000281921991129	0	1510746745.4908845	77.4918918919	0.452726017943
312.0	0.0895833109375	7.09183496173e-06	0.000281921991129	0	1510746746.281785	77.4918918919	0.452726017943
311.0	0.0895833109375	1.50726375166e-05	0.000215190269438	0	1510746747.0715976	76.2553191489	0.452177452177
310.5	0.09166664375	1.17953401884e-05	0.000226146325912	0	1510746747.4955318	76.8	0.450142450142
310.0	0.09166664375	1.17953401884e-05	0.000226146325912	0	1510746748.2860465	76.8	0.450142450142
309.0	0.0895833109375	4.73639337372e-06	0.000274800604963	0	1510746749.0764072	76.8	0.456315289649
308.5	0.095833309375	4.56443184858e-05	0.000213895907293	0	1510746749.5110617	76.8	0.456315289649
307.5	0.095833309375	4.56443184858e-05	0.000213895907293	0	1510746750.3006115	76.8	0.456315289649
306.5	0.0895833109375	1.49479129297e-05	0.000301451198563	0	1510746751.0939329	76.6631016043	0.449328449328
306.0	0.095833309375	9.85498119638e-06	0.00022222047124	0	1510746751.5239074	76.3229813665	0.447039072039
305.0	0.095833309375	9.85498119638e-06	0.00022222047124	0	1510746752.3038595	76.3229813665	0.447039072039
304.5	0.0895833109375	3.0546002291e-06	0.000193530740444	0	1510746753.0846276	76.3229813665	0.447293447293
304.0	0.09166664375	1.40993230745e-05	0.000235946345483	0	1510746753.5196173	76.3229813665	0.459639126306
303.0	0.09166664375	4.58898867957e-06	0.000265785473662	0	1510746754.3084073	75.8518518519	0.450617283951
302.0	0.0895833109375	2.1303284797e-05	0.000276053999984	0	1510746755.089009	76.3229813665	0.4534662868
301.5	0.0895833109375	2.1303284797e-05	0.000276053999984	0	1510746755.5212858	76.3229813665	0.4534662868
301.0	0.09166664375	2.32956656676e-05	0.000251499613556	0	1510746756.3141243	76.3229813665	0.4534662868
300.0	0.09166664375	1.57025543027e-05	0.000198463785827	0	1510746757.107011	75.8518518519	0.4506003256
299.5	0.0937499765625	1.20530064114e-05	0.000229128663042	0	1510746757.5376325	76.3229813665	0.4534662868
298.5	0.0895833109375	7.58271869256e-06	0.000220376240147	0	1510746758.3299663	76.6631016043	0.449328449328
297.5	0.0895833109375	1.71894339447e-05	0.000198670121402	0	1510746759.1146052	76.3229813665	0.447293447293
296.5	0.0895833109375	1.18041207603e-05	0.000214468798019	0	1510746759.9875288	76.6631016043	0.454619454619
296.0	0.0895833109375	1.18041207603e-05	0.000214468798019	0	1510746760.4997084	76.6631016043	0.454619454619
295.0	0.0895833109375	1.27412248849e-05	0.000196354069742	0	1510746761.2782693	76.6631016043	0.443615907902
294.0	0.09166664375	1.55723866793e-05	0.000241943644647	0	1510746762.0592813	75.8518518519	0.456790123457
293.5	0.0895833109375	1.41639128507e-05	0.000227715254628	0	1510746762.5011904	76.3229813665	0.447039072039
292.5	0.0895833109375	2.65051848516e-06	0.000253456922836	0	1510746763.2851048	75.8518518519	0.444444444444
292.0	0.09166664375	1.61213929821e-05	0.000223131205097	0	1510746764.0648444	76.3229813665	0.458536833537
291.0	0.0895833109375	2.66231729559e-05	0.000226652224399	0	1510746764.494768	75.8518518519	0.444444444444
290.5	0.0895833109375	1.20642836614e-05	0.000234104321633	0	1510746765.2753358	75.8518518519	0.444444444444
289.5	0.0895833109375	7.0245060648e-06	0.000179353236495	0	1510746766.059875	75.8518518519	0.444444444444
289.0	0.09166664375	7.96874800781e-06	0.000260274418686	0	1510746766.4917638	75.8518518519	0.444444444444
288.0	0.09166664375	9.61872262572e-06	0.000205584305183	0	1510746767.2733598	76.3229813665	0.437600644122
287.0	0.0895833109375	3.40241896612e-05	0.000268672365698	0	1510746768.0583394	75.8518518519	0.449720914007
287.0	0.0895833109375	3.40241896612e-05	0.000268672365698	0	1510746768.494839	75.8518518519	0.449720914007
285.5	0.09166664375	1.90947618458e-05	0.000224460749063	0	1510746769.2603528	75.8518518519	0.4506003256
285.0	0.0937499765625	3.75644235986e-05	0.000218798204093	0	1510746770.0401173	76.3229813665	0.4534662868
284.0	0.09166664375	2.37113342783e-06	0.000204015198971	0	1510746770.498655	75.3865030675	0.46626984127
283.5	0.0895833109375	5.64625709184e-06	0.000205316595148	0	1510746771.2878118	75.3865030675	0.453907203907
282.5	0.0895833109375	1.13860515753e-05	0.000273676392361	0	1510746772.067922	75.3865030675	0.453907203907
282.0	0.0895833109375	1.41215600435e-05	0.00020316946	0	1510746772.4907875	75.8518518519	0.444444444444
281.0	0.0895833109375	1.41215600435e-05	0.00020316946	0	1510746773.2711112	75.8518518519	0.444444444444
280.5	0.09166664375	3.20992351812e-05	0.000225309870311	0	1510746774.0623157	75.4526315789	0.47373393802
280.0	0.09166664375	3.20992351812e-05	0.000225309870311	0	1510746774.494368	75.4526315789	0.47373393802
279.0	0.09166664375	9.96527528646e-06	0.000219984816533	0	1510746775.2902458	75.8518518519	0.444444444444
278.0	0.0895833109375	1.54029838164e-05	0.000238383826174	0	1510746776.0681822	75.3865030675	0.472442680776
277.5	0.0895833109375	6.85147163068e-06	0.000240002954323	0	1510746776.4991698	75.4526315789	0.479024943311
276.5	0.0895833109375	3.62057013029e-06	0.00024830278722	0	1510746777.2870808	75.8518518519	0.470884935171
275.5	0.0937499765625	1.79529626835e-05	0.000240655313083	0	1510746778.0579545	75.3865030675	0.460097001764
275.0	0.09166664375	3.10308714224e-05	0.000287414158173	0	1510746778.501858	75.8518518519	0.444444444444
274.5	0.09166664375	3.10308714224e-05	0.000287414158173	0	1510746779.285358	75.8518518519	0.444444444444
273.5	0.09166664375	2.27535583278e-05	0.000221447880387	0	1510746780.074509	75.8518518519	0.444444444444
273.0	0.0937499765625	1.02224973576e-05	0.000230091382628	0	1510746780.5055637	75.3865030675	0.447751322751
272.0	0.0937499765625	2.859348794e-06	0.000208074059571	0	1510746781.2872357	75.3865030675	0.447751322751
271.0	0.09166664375	4.07986009115e-05	0.000277428910874	0	1510746782.0749505	75.8518518519	0.444444444444
270.5	0.09166664375	3.89996810355e-05	0.000293961448118	0	1510746782.4967039	75.8518518519	0.450617283951
270.0	0.09166664375	4.75589106692e-05	0.000195906496482	0	1510746783.2900288	75.4526315789	0.457860922147
268.5	0.09166664375	2.21088380102e-05	0.000284644541832	0	1510746784.0799603	75.3865030675	0.447751322751
268.5	0.0895833109375	3.45117758838e-05	0.000213281239488	0	1510746784.5025446	75.3865030675	0.453924162257
267.0	0.0937499765625	1.92654591012e-05	0.000212489734214	0	1510746785.2668178	74.9268292683	0.451058201058
266.5	0.095833309375	9.7669106757e-06	0.000229874992816	0	1510746786.0505986	75.057591623	0.450084307227
266.0	0.0937499765625	3.86904665179e-05	0.000203833858358	0	1510746786.493085	74.6666666667	0.447845804989
265.0	0.0937499765625	3.86904665179e-05	0.000203833858358	0	1510746787.2855468	74.6666666667	0.447845804989
264.0	0.09166664375	1.96952469143e-05	0.000192525501759	0	1510746788.0772986	74.6666666667	0.45313681028
263.5	0.09166664375	2.1000376575e-05	0.0002153467274	0	1510746788.51035	74.9268292683	0.451058201058
262.5	0.09166664375	1.76905769645e-05	0.000226687699844	0	1510746789.2911258	74.2797927461	0.445578231293
262.0	0.0937499765625	5.44802269298e-05	0.000296676833426	0	1510746790.0821075	74.4727272727	0.454365079365
261.5	0.095833309375	4.68640233717e-05	0.000291300590389	0	1510746790.5146093	74.4727272727	0.454365079365
260.5	0.095833309375	3.78289379112e-05	0.000254908348474	0	1510746791.2948177	74.4727272727	0.454365079365
259.5	0.095833309375	3.78289379112e-05	0.000254908348474	0	1510746792.0757606	74.4727272727	0.454365079365
259.0	0.095833309375	3.78289379112e-05	0.000254908348474	0	1510746792.5036764	74.4727272727	0.454365079365
258.0	0.095833309375	3.78289379112e-05	0.000254908348474	0	1510746793.2836893	74.4727272727	0.454365079365
257.0	0.095833309375	3.78289379112e-05	0.000254908348474	0	1510746794.0564885	74.4727272727	0.454365079365
256.5	0.095833309375	3.78289379112e-05	0.000254908348474	0	1510746794.4868486	74.4727272727	0.454365079365
256.0	0.09166664375	1.16624549968e-05	0.000233131923293	0	1510746795.2781844	74.4727272727	0.454365079365
255.0	0.09166664375	4.05211811641e-05	0.000207954148486	0	1510746796.058186	74.9268292683	0.445105820106
254.5	0.09166664375	4.05211811641e-05	0.000207954148486	0	1510746796.4905405	74.9268292683	0.445105820106
253.5	0.0937499765625	2.46598577806e-05	0.000202302283665	0	1510746797.2807937	74.6666666667	0.447845804989
252.5	0.0895833109375	2.05976379482e-05	0.000343127886782	0	1510746798.063743	74.6666666667	0.452947845805
252.0	0.0937499765625	1.07366151953e-07	0.000269728216521	0	1510746798.493259	74.4727272727	0.448412698413
251.0	0.09166664375	2.52525189394e-07	0.000212867276357	0	1510746799.2851799	74.4727272727	0.454365079365
250.0	0.09166664375	2.57652996811e-05	0.000215300124221	0	1510746800.0786042	74.9268292683	0.457231040564
250.0	0.09166664375	2.57652996811e-05	0.000215300124221	0	1510746800.5089383	74.9268292683	0.457231040564
248.5	0.095833309375	3.06294158292e-05	0.000251463051345	0	1510746801.2751641	74.6666666667	0.452947845805
248.0	0.09166664375	1.15306093622e-05	0.000243656972639	0	1510746802.0580575	74.6666666667	0.452947845805
247.5	0.09166664375	6.44196911719e-06	0.000242765902168	0	1510746802.5011358	74.6666666667	0.452947845805
246.5	0.09166664375	2.91563522244e-05	0.000232336898032	0	1510746803.2941167	74.6666666667	0.452947845805
245.5	0.09166664375	5.90986246811e-05	0.000286796600535	0	1510746804.0827544	74.4727272727	0.448412698413
245.0	0.09166664375	1.18302446054e-05	0.00020138852041	0	1510746804.5066726	74.9268292683	0.445105820106
244.0	0.0937499765625	8.88991738173e-06	0.000201189846958	0	1510746805.297238	75.057591623	0.450113378685
243.5	0.09166664375	1.86573593538e-07	0.00019435783294	0	1510746806.0875955	75.057591623	0.450113378685
243.0	0.09166664375	1.86573593538e-07	0.00019435783294	0	1510746806.5100434	75.057591623	0.450113378685
242.0	0.09166664375	2.27272670455e-05	0.000270241939403	0	1510746807.3023698	75.057591623	0.455404383976
241.0	0.09166664375	1.2205384154e-05	0.000253355753723	0	1510746808.0909843	75.057591623	0.455404383976
240.5	0.0937499765625	2.97618973214e-06	0.000199527964186	0	1510746808.5151782	75.3865030675	0.447751322751
239.5	0.09166664375	3.04158346676e-06	0.000181953160298	0	1510746809.3061974	74.6666666667	0.452947845805
238.5	0.0937499765625	2.82645977448e-05	0.000186889688293	0	1510746810.0968344	74.4727272727	0.454137018792
238.0	0.0937499765625	2.82645977448e-05	0.000186889688293	0	1510746810.5257094	74.4727272727	0.454137018792
237.0	0.0937499765625	2.77004672039e-06	0.0002476292446	0	1510746811.315946	75.3865030675	0.453924162257
236.0	0.09166664375	2.61543946158e-06	0.000237666966229	0	1510746812.100508	74.9268292683	0.451058201058
235.5	0.09166664375	9.49116783266e-07	0.000232013888537	0	1510746812.532597	75.057591623	0.450113378685
235.0	0.09166664375	2.92766023146e-05	0.000200274910311	0	1510746813.3254313	75.3865030675	0.447751322751
234.0	0.09166664375	3.63498844053e-05	0.000230179965039	0	1510746814.1173184	75.057591623	0.450113378685
233.0	0.0937499765625	4.69427839184e-05	0.000190527796325	0	1510746814.9950762	75.3865030675	0.453924162257
232.0	0.0937499765625	7.05855632485e-05	0.000250329901393	0	1510746815.4949477	75.3865030675	0.453924162257
231.5	0.0937499765625	2.61973410766e-05	0.000248867926506	0	1510746816.2869914	75.3865030675	0.447717406051
230.0	0.0895833109375	5.12544495358e-06	0.000258914746712	0	1510746817.0688775	75.8518518519	0.444444444444
230.0	0.09166664375	4.62962847222e-06	0.000255870731916	0	1510746817.5028987	75.3865030675	0.460097001764
229.0	0.09166664375	3.36700252525e-06	0.000229064459609	0	1510746818.2713716	75.3865030675	0.460097001764
228.0	0.09166664375	1.0826802763e-05	0.000225231354377	0	1510746819.0615897	75.057591623	0.450113378685
227.5	0.09166664375	3.87584937117e-05	0.000179609526507	0	1510746819.4943752	74.9268292683	0.451058201058
226.5	0.09166664375	1.83623127408e-05	0.000188452532998	0	1510746820.2972834	74.9268292683	0.457231040564
225.5	0.095833309375	2.12584980867e-06	0.000224805576729	0	1510746821.0882132	75.8518518519	0.4506003256
224.5	0.09166664375	1.18145713609e-05	0.000217506331226	0	1510746821.9906888	75.4526315789	0.447249840107
224.0	0.09166664375	1.33380638511e-05	0.000246417540696	0	1510746822.494036	75.3865030675	0.453924162257
223.0	0.09166664375	4.23384247895e-05	0.000282073595102	0	1510746823.276009	75.3865030675	0.447751322751
222.0	0.09166664375	4.23384247895e-05	0.000282073595102	0	1510746824.0628085	75.3865030675	0.447751322751
221.5	0.09166664375	4.23384247895e-05	0.000282073595102	0	1510746824.4978697	75.3865030675	0.447751322751
221.0	0.09166664375	4.23384247895e-05	0.000282073595102	0	1510746825.279699	75.3865030675	0.447751322751
219.5	0.09166664375	4.23384247895e-05	0.000282073595102	0	1510746826.0690632	75.3865030675	0.447751322751
219.5	0.09166664375	4.23384247895e-05	0.000282073595102	0	1510746826.5003793	75.3865030675	0.447751322751
218.0	0.09166664375	4.23384247895e-05	0.000282073595102	0	1510746827.2593374	75.3865030675	0.447751322751
217.5	0.0895833109375	9.20138658854e-07	0.000225837488319	0	1510746828.0492027	76.3229813665	0.447293447293
217.0	0.095833309375	3.00680196939e-05	0.000234781163344	0	1510746828.4941452	76.3229813665	0.471984805318
216.0	0.095833309375	3.00680196939e-05	0.000234781163344	0	1510746829.28398	76.3229813665	0.471984805318
215.0	0.09166664375	6.30024579661e-06	0.000258531656538	0	1510746830.0648966	76.3229813665	0.459639126306
214.5	0.09166664375	6.30024579661e-06	0.000258531656538	0	1510746830.496406	76.3229813665	0.459639126306
214.0	0.09166664375	7.3824966083e-06	0.000260559818428	0	1510746831.2757869	75.4526315789	0.452569916856
213.0	0.09166664375	1.38973080276e-07	0.000203114608965	0	1510746832.0667036	75.3865030675	0.447751322751
212.5	0.09166664375	2.18608866579e-05	0.000213340506445	0	1510746832.4997172	75.3865030675	0.447751322751
211.5	0.09166664375	4.91794533058e-06	0.000172631570607	0	1510746833.2815351	76.2553191489	0.457439386011
210.5	0.09166664375	8.40891702097e-06	0.00020892594082	0	1510746834.0742874	76.3229813665	0.459622167956
210.0	0.09166664375	1.15050991645e-05	0.000191094388171	0	1510746834.5063252	75.8518518519	0.456790123457
209.0	0.0895833109375	2.66892411998e-05	0.000338817904842	0	1510746835.2851055	78.7692307692	0.42624967625
208.0	0.0895833109375	2.67945652968e-05	0.000233969095654	0	1510746836.0909703	76.3229813665	0.447293447293
207.5	0.087499978125	1.22699094908e-05	0.000206852927376	0	1510746836.5229099	76.3229813665	0.447293447293
206.5	0.087499978125	1.22699094908e-05	0.000206852927376	0	1510746837.3097863	76.3229813665	0.447293447293
206.0	0.0937499765625	2.13691848413e-05	0.00017266647762	0	1510746838.0903432	76.8	0.450142450142
205.0	0.0937499765625	2.13691848413e-05	0.00017266647762	0	1510746838.5135074	76.8	0.450142450142
204.5	0.09166664375	3.48243376991e-05	0.000245762394993	0	1510746839.3060496	76.8	0.450142450142
203.5	0.0895833109375	1.96687588342e-05	0.000186883565089	0	1510746840.094394	76.6631016043	0.449328449328
203.0	0.09166664375	5.48266029756e-05	0.000239141929942	0	1510746840.517849	76.8	0.456315289649
202.0	0.0937499765625	1.33204008753e-05	0.000279107762581	0	1510746841.3112087	76.8	0.456315289649
201.0	0.0895833109375	5.52083195313e-06	0.000212783365168	0	1510746842.1020653	77.0752688172	0.451566951567
200.5	0.0895833109375	5.52083195313e-06	0.000212783365168	0	1510746842.5347393	77.0752688172	0.451566951567
199.5	0.0937499765625	6.29604607455e-06	0.00022415972195	0	1510746843.326006	76.8	0.443732193732
199.0	0.0937499765625	1.56033985447e-05	0.000191890804095	0	1510746844.1177511	76.8	0.443732193732
199.0	0.0895833109375	1.32894703618e-05	0.000214613953468	None	1510746849.9676876	76.3229813665	0.440803825804

#$Filter:1
#$	0	1	 1
#$	1	op06	0.251188643150958
#$	2	op09*op09	0.015848931924611138
#$	3	op18*op18*op18	3.9810717055349725e-06
#$	4	ns12	1e-7
#$	5	0	 1e-22
#$POWER:20.4, mW
#$WAVELENGTH:1064,nm
#$OBJECT:air, bscat	=
angle	ref	signal	signal_std	filter	Time	freq	duty_cycle
199.0	0.0895833109375	2.4879718866e-05	0.000305294764306	None	1510746866.0966654	76.2553191489	0.452177452177
199.0	0.0895833109375	8.61110895833e-06	0.000280433621797	None	1510746871.971753	75.8518518519	0.465608465608
199.0	0.0895833109375	3.17613713226e-05	0.000271074863979	None	1510746877.8524377	75.8518518519	0.444444444444
199.0	0.09166664375	1.35763854948e-05	0.000294411561018	None	1510746883.7352161	76.3229813665	0.447293447293
199.0	0.09166664375	7.07287946761e-05	0.000351681079895	None	1510746889.6137512	77.0752688172	0.450044927824
199.0	0.0895833109375	6.28225649395e-05	0.000350075195225	None	1510746895.4960458	76.8	0.441888341544
199.0	0.0937499765625	1.47959146684e-05	0.000251867958028	None	1510746901.3761172	74.6666666667	0.458238851096
199.0	0.09166664375	1.43097607323e-05	0.000305019930062	None	1510746907.2650928	74.4727272727	0.448412698413
199.0	0.095833309375	2.31332273209e-05	0.000280062729028	None	1510746913.1451068	74.6666666667	0.442043944014
199.0	0.09166664375	5.62410911499e-05	0.000304020006018	None	1510746919.021727	75.057591623	0.450113378685
199.0	0.0937499765625	5.86296227646e-05	0.000313149849304	None	1510746924.8966484	75.4526315789	0.436176521891
199.0	0.0979166421875	2.89163493188e-05	0.000295805591921	None	1510746930.7743647	74.0240963855	0.45171957672
199.0	0.0937499765625	2.1406188705e-05	0.00034363019091	None	1510746936.6554785	73.8969072165	0.445073536207
199.0	0.0937499765625	3.12993806174e-05	0.000235731343396	None	1510746942.531838	74.2797927461	0.44536019536

#$Filter:op09*op09
#$	0	1	 1
#$	1	op06	0.251188643150958
#$	2	op09*op09	0.015848931924611138
#$	3	op18*op18*op18	3.9810717055349725e-06
#$	4	ns12	1e-7
#$	5	0	 1e-22
#$POWER:20.4, mW
#$WAVELENGTH:1064,nm
#$OBJECT:air, bscat	=
angle	ref	signal	signal_std	filter	Time	freq	duty_cycle
199.0	0.095833309375	3.40972136979e-05	0.000240001025067	2	1510746978.7202563	74.0240963855	0.44574438971
199.0	0.0937499765625	3.49236964055e-07	0.000261994123377	2	1510746979.2241662	73.5179487179	0.446145124717
198.5	0.0937499765625	1.20062233943e-05	0.000256994264106	2	1510746979.9891653	73.8969072165	0.453514739229
198.5	0.0937499765625	4.86798558168e-05	0.000263331838415	2	1510746980.7669945	73.1428571429	0.454081632653
198.5	0.095833309375	1.69845318363e-05	0.000261099372999	2	1510746981.2277114	73.5179487179	0.446125576667
198.5	0.095833309375	2.02577268943e-05	0.000302998824138	2	1510746981.995877	73.5179487179	0.446125576667
198.5	0.0937499765625	3.2535452859e-06	0.00024237641138	2	1510746982.7597713	73.8969072165	0.448223733938
198.5	0.0937499765625	4.53298497786e-05	0.000227800416174	2	1510746983.220458	73.1428571429	0.448940495739
198.0	0.0937499765625	4.53298497786e-05	0.000227800416174	2	1510746983.9854364	73.1428571429	0.448940495739
198.0	0.095833309375	5.64650396472e-05	0.000352633603983	2	1510746984.7651768	73.5179487179	0.451416581958
198.0	0.0937499765625	4.26136257102e-05	0.000253331981192	2	1510746985.2272062	74.2797927461	0.449433106576
198.0	0.0937499765625	4.26136257102e-05	0.000253331981192	2	1510746985.9912148	74.2797927461	0.449433106576
198.0	0.0937499765625	6.81778533741e-07	0.000268904689343	2	1510746986.7450953	73.1428571429	0.454081632653
198.0	0.09166664375	2.21708971146e-05	0.00023718784313	2	1510746987.228609	73.8969072165	0.458203263622
197.5	0.09166664375	2.21708971146e-05	0.00023718784313	2	1510746987.9939406	73.8969072165	0.458203263622
197.5	0.0937499765625	4.38788550097e-05	0.000224951713284	2	1510746988.7746792	74.2797927461	0.450462236177
197.5	0.0937499765625	1.57668071144e-05	0.000235013074645	2	1510746989.2377534	73.8969072165	0.453514739229
197.5	0.0979166421875	3.26797303922e-06	0.0003074043673	2	1510746990.0105941	74.0240963855	0.457671957672
197.0	0.0937499765625	5.24826257682e-05	0.000266665297914	2	1510746990.770494	73.8969072165	0.453514739229
197.0	0.0937499765625	4.50994205433e-05	0.000268039757295	2	1510746991.2241979	73.5179487179	0.446145124717
197.0	0.0937499765625	5.00578578559e-05	0.00026240419933	2	1510746991.9811828	73.5179487179	0.446145124717
197.0	0.0937499765625	4.11104055199e-06	0.000250926016887	2	1510746992.7450495	73.5808383234	0.455026455026
197.0	0.095833309375	2.04467302835e-05	0.000292498739788	2	1510746993.2268794	73.8969072165	0.448393150364
196.5	0.095833309375	2.04467302835e-05	0.000292498739788	2	1510746993.9860291	73.8969072165	0.448393150364
196.5	0.0937499765625	8.75325471632e-05	0.000261568657925	2	1510746994.7657628	73.5179487179	0.451247165533
196.5	0.095833309375	1.6183645569e-05	0.000263384354652	2	1510746995.2318504	73.5808383234	0.449074074074
196.5	0.095833309375	1.6183645569e-05	0.000263384354652	2	1510746995.9892702	73.5808383234	0.449074074074
196.5	0.09166664375	1.87945063314e-05	0.000242289881921	2	1510746996.7523277	73.5179487179	0.453815211661
196.0	0.0937499765625	4.64613947294e-05	0.00025128408013	2	1510746997.2324958	73.1428571429	0.464278112267
196.0	0.0937499765625	8.34864987362e-06	0.000229599817994	2	1510746998.013984	73.5179487179	0.461451247166
196.0	0.0937499765625	1.20288314552e-06	0.000238842209213	2	1510746998.7852695	74.0240963855	0.445767195767
196.0	0.0937499765625	1.20288314552e-06	0.000238842209213	2	1510746999.2266464	74.0240963855	0.445767195767
196.0	0.0937499765625	4.28992948307e-05	0.000242118410816	2	1510746999.9969544	73.5179487179	0.451247165533
195.5	0.0937499765625	9.59152693049e-06	0.000243751856667	2	1510747000.7619965	72.404040404	0.4591470997
195.5	0.0937499765625	5.99956894684e-05	0.000257248666923	2	1510747001.221903	74.4727272727	0.440897065897
195.5	0.0937499765625	5.99956894684e-05	0.000257248666923	2	1510747001.9872289	74.4727272727	0.440897065897
195.5	0.0937499765625	4.32311340647e-05	0.00023257852596	2	1510747002.7452593	74.0240963855	0.445261953883
195.5	0.0937499765625	7.61287278631e-07	0.000332545529748	2	1510747003.231655	73.5179487179	0.456349206349
195.0	0.0937499765625	7.61287278631e-07	0.000332545529748	2	1510747004.010065	73.5179487179	0.456349206349
195.0	0.09166664375	1.20700184176e-05	0.000238860257661	2	1510747004.794228	74.2797927461	0.455951729351
195.0	0.0937499765625	1.40263991337e-06	0.000332751201767	2	1510747005.2291546	74.0240963855	0.457671957672
195.0	0.0937499765625	1.40263991337e-06	0.000332751201767	2	1510747006.0081146	74.0240963855	0.457671957672
194.5	0.0979166421875	1.86529980358e-05	0.000223088245745	2	1510747006.7649603	74.0240963855	0.45171957672
194.5	0.09166664375	4.97283979089e-05	0.000245112636289	2	1510747007.2219648	74.4727272727	0.454365079365
194.5	0.09166664375	2.69489041403e-05	0.000283940842154	2	1510747007.985871	74.4727272727	0.439694564695
194.5	0.09166664375	2.69489041403e-05	0.000283940842154	2	1510747008.7544916	74.4727272727	0.439694564695
194.5	0.0937499765625	2.23063917298e-05	0.00028765958044	2	1510747009.2246473	74.0240963855	0.45171957672
194.0	0.0937499765625	2.23063917298e-05	0.00028765958044	2	1510747009.983387	74.0240963855	0.45171957672
194.0	0.099999975	2.75855470525e-06	0.000340328758032	2	1510747010.7734425	74.4727272727	0.448412698413
194.0	0.09166664375	1.21885491414e-05	0.000245862931095	2	1510747011.233372	74.2797927461	0.455782312925
194.0	0.09166664375	4.3859638158e-08	0.000215491954228	2	1510747011.9961069	75.057591623	0.455389848247
194.0	0.0937499765625	4.96372537228e-06	0.000208926338962	2	1510747012.7631156	74.2797927461	0.450680272109
193.5	0.09166664375	4.93118346643e-05	0.000269021974181	2	1510747013.2317648	75.8518518519	0.449120738776
193.5	0.09166664375	4.93118346643e-05	0.000269021974181	2	1510747014.012859	75.8518518519	0.449120738776
193.5	0.09166664375	3.74149566327e-05	0.000272789524572	2	1510747014.7696989	75.057591623	0.450113378685
193.5	0.095833309375	2.88414262703e-05	0.000289165589649	2	1510747015.2246025	75.4526315789	0.447467876039
193.5	0.095833309375	0.000105415851337	0.000282084809918	2	1510747015.9956648	75.4526315789	0.447467876039
193.0	0.09166664375	1.3468010101e-05	0.000235708965095	2	1510747016.7831287	75.4526315789	0.452351880923
193.0	0.095833309375	2.11201449077e-05	0.000280077591741	2	1510747017.227035	74.9268292683	0.445309320309
193.0	0.09166664375	2.55101977041e-06	0.000250085246168	2	1510747017.997226	75.057591623	0.442672902494
193.0	0.09166664375	2.1713730571e-05	0.000283789206511	2	1510747018.7630928	75.057591623	0.455404383976
193.0	0.09166664375	1.41840205791e-05	0.000265397342941	2	1510747019.2306044	74.6666666667	0.447845804989
192.5	0.09166664375	1.41840205791e-05	0.000265397342941	2	1510747019.9890718	74.6666666667	0.447845804989
192.5	0.0937499765625	1.79272695206e-05	0.000252576723832	2	1510747020.780498	75.4526315789	0.445483749055
192.5	0.09166664375	6.85970092902e-06	0.000226456415721	2	1510747021.2328632	75.8518518519	0.442308000641

#$Filter:1
#$	0	1	 1
#$	1	op06	0.251188643150958
#$	2	op09*op09	0.015848931924611138
#$	3	op18*op18*op18	3.9810717055349725e-06
#$	4	ns12	1e-7
#$	5	0	 1e-22
#$POWER:20.4, mW
#$WAVELENGTH:1064,nm
#$OBJECT:air, bscat	=
angle	ref	signal	signal_std	filter	Time	freq	duty_cycle
192.5	0.095833309375	5.77457789164e-05	0.000287240811131	0	1510747048.8112202	77.7721518987	0.44881969882
192.0	0.095833309375	5.77457789164e-05	0.000287240811131	0	1510747049.3193653	77.7721518987	0.44881969882
192.0	0.0979166421875	7.30445841952e-05	0.000218677544222	0	1510747050.1084187	80.0893854749	0.412112363494
192.0	0.087499978125	4.41540293655e-05	0.000215951892184	0	1510747050.8713171	79.6444444444	0.442668442668
192.0	0.0937499765625	5.21808380186e-05	0.000305339523251	0	1510747051.3191142	77.9130434783	0.438041819292
192.0	0.0937499765625	4.28521692418e-05	0.000264628863287	0	1510747052.0781226	77.9130434783	0.45115995116
191.5	0.095833309375	2.52301482869e-06	0.000234533853073	0	1510747052.8417923	77.9130434783	0.45115995116
191.5	0.0937499765625	9.9202102859e-06	0.000241389188566	0	1510747053.3119023	78.2675159236	0.444724257224
191.5	0.0937499765625	9.9202102859e-06	0.000241389188566	0	1510747054.069811	78.2675159236	0.444724257224
191.5	0.095833309375	3.46327233006e-05	0.000246741580683	0	1510747054.8361683	77.7721518987	0.455603038936
191.5	0.095833309375	1.89585075742e-05	0.000285501474174	0	1510747055.3146532	77.7721518987	0.455603038936
191.0	0.0937499765625	8.38390081044e-07	0.000246406748271	0	1510747056.072129	77.4918918919	0.443223443223
191.0	0.0937499765625	1.76535043586e-05	0.000199253134183	0	1510747056.8531923	77.7721518987	0.44943019943
191.0	0.0937499765625	3.10973434469e-05	0.000241181753451	0	1510747057.3183396	77.4918918919	0.448717948718
191.0	0.0937499765625	3.10973434469e-05	0.000241181753451	0	1510747058.0761395	77.4918918919	0.448717948718
191.0	0.0937499765625	2.57709300259e-05	0.000242365885093	0	1510747058.8409703	77.2830188679	0.452991452991
190.5	0.09166664375	2.77201773691e-05	0.000300442042938	0	1510747059.31386	77.0752688172	0.451566951567
190.5	0.0937499765625	1.56249960938e-05	0.000269980561311	0	1510747060.0913866	77.4918918919	0.454212454212
190.5	0.0937499765625	1.56249960938e-05	0.000269980561311	0	1510747060.8597558	77.4918918919	0.454212454212
190.5	0.0937499765625	1.43739751647e-05	0.000298648569923	0	1510747061.3125837	77.7721518987	0.45584045584
190.5	0.0895833109375	3.53333953617e-05	0.000304282495053	0	1510747062.0824945	77.7721518987	0.44301994302
190.0	0.0895833109375	5.69727748724e-05	0.000268274160092	0	1510747062.8510842	79.6444444444	0.437173937174
190.0	0.0895833109375	3.84857249169e-05	0.000222667306628	0	1510747063.3090158	78.7692307692	0.439255189255
190.0	0.0895833109375	3.84857249169e-05	0.000222667306628	0	1510747064.0743086	78.7692307692	0.439255189255
190.0	0.0895833109375	1.65274298615e-05	0.000315327738716	0	1510747064.8441222	79.2044198895	0.446621011838
189.5	0.0937499765625	4.107756111e-05	0.00028541606876	0	1510747065.3127174	77.4918918919	0.448717948718
189.5	0.09166664375	6.73053391388e-05	0.000235490928335	0	1510747066.1014702	79.6444444444	0.442623913928
189.5	0.095833309375	1.70567333245e-05	0.000347958364914	0	1510747066.8578002	77.7721518987	0.435464997965
189.5	0.0979166421875	1.08082679746e-05	0.000347339536285	0	1510747067.316559	77.2830188679	0.446581196581
189.5	0.0979166421875	1.82509800416e-05	0.000190309390874	0	1510747068.0831606	77.2830188679	0.446581196581
189.0	0.0895833109375	3.39930470573e-05	0.000226346157758	0	1510747068.8415308	78.7692307692	0.426978818283
189.0	0.0937499765625	3.5222002979e-05	0.000250780871812	0	1510747069.3094862	77.2830188679	0.452991452991
189.0	0.0937499765625	3.5222002979e-05	0.000250780871812	0	1510747070.0768042	77.2830188679	0.452991452991
189.0	0.0937499765625	2.10937447266e-05	0.000259291122899	0	1510747070.8411427	77.2830188679	0.459164292498
189.0	0.0979166421875	1.1064174678e-05	0.000297528077089	0	1510747071.3122125	77.2830188679	0.446581196581
188.5	0.0979166421875	1.1064174678e-05	0.000297528077089	0	1510747072.0770319	77.2830188679	0.446581196581
188.5	0.0937499765625	5.71062424656e-05	0.000318726468717	0	1510747072.8608494	77.2830188679	0.452991452991
188.5	0.09166664375	2.31481423611e-05	0.000249362142607	0	1510747073.3159778	79.6444444444	0.447184113333
188.5	0.09166664375	2.31481423611e-05	0.000249362142607	0	1510747074.0806081	79.6444444444	0.447184113333
188.5	0.095833309375	4.65554384982e-05	0.000312191368524	0	1510747074.839721	77.2830188679	0.440170940171
188.0	0.095833309375	4.37882032634e-05	0.000257719643736	0	1510747075.318496	77.2830188679	0.440170940171
188.0	0.0937499765625	8.44298034539e-06	0.000230208373706	0	1510747076.1130667	77.7721518987	0.44943019943
188.0	0.0937499765625	3.22914438614e-05	0.000268832852042	0	1510747076.8793495	77.7721518987	0.45210653544
188.0	0.0895833109375	6.45389909574e-06	0.000305924213242	0	1510747077.3120928	79.2044198895	0.427960927961
188.0	0.0895833109375	7.37233858245e-05	0.000294987647432	0	1510747078.0802124	79.2044198895	0.427960927961
187.5	0.0895833109375	1.78571383929e-05	0.000256391235835	0	1510747078.8369925	79.2044198895	0.434707514708
187.5	0.09166664375	1.64035046711e-05	0.000365970245383	0	1510747079.3138745	77.0752688172	0.446275946276
187.5	0.0895833109375	2.23651904871e-05	0.000364132401378	0	1510747080.0844553	77.0752688172	0.45177045177
187.0	0.0895833109375	2.08588591644e-05	0.000271588630667	0	1510747080.8518252	77.0752688172	0.45177045177
187.0	0.0895833109375	3.48011276634e-05	0.000251692641668	0	1510747081.3184543	77.0752688172	0.45177045177
187.0	0.0895833109375	3.48011276634e-05	0.000251692641668	0	1510747082.0773327	77.0752688172	0.45177045177
187.0	0.09166664375	1.68613173335e-05	0.000222708220814	0	1510747082.8413255	79.6444444444	0.41928120189
187.0	0.09166664375	2.06835105491e-05	0.000249289479114	0	1510747083.3133423	75.4526315789	0.442176870748
187.0	0.09166664375	2.06835105491e-05	0.000249289479114	0	1510747084.085028	75.4526315789	0.442176870748
186.5	0.09166664375	3.52999129198e-07	0.000301595876119	0	1510747084.8496253	75.8518518519	0.449720914007
186.5	0.0937499765625	6.87868094026e-06	0.000203496588188	0	1510747085.3148556	75.4526315789	0.458049886621
186.5	0.0937499765625	1.25438565132e-05	0.0003521993504	0	1510747086.0829654	75.3865030675	0.46626984127
186.5	0.09166664375	7.20685001118e-05	0.000339156668702	0	1510747086.848843	76.2553191489	0.456024307748
186.5	0.0937499765625	7.22703900957e-05	0.000320453970588	0	1510747087.309353	75.8518518519	0.465782894354
186.5	0.0937499765625	2.22789059949e-06	0.000293197101539	0	1510747088.0744298	75.8518518519	0.465782894354
186.0	0.09166664375	4.63830631378e-05	0.000308427542456	0	1510747088.8445647	75.8518518519	0.449735449735
186.0	0.09166664375	1.94444395833e-06	0.000211663150614	0	1510747089.3134916	75.8518518519	0.444444444444
186.0	0.09166664375	1.94444395833e-06	0.000211663150614	0	1510747090.0781186	75.8518518519	0.444444444444
186.0	0.0895833109375	1.30208300781e-06	0.000308507587847	0	1510747090.8371031	75.8518518519	0.444444444444
186.0	0.095833309375	6.67126058709e-05	0.000264393397394	0	1510747091.3160872	75.8518518519	0.444444444444
185.5	0.095833309375	6.67126058709e-05	0.000264393397394	0	1510747092.0699763	75.8518518519	0.444444444444
185.5	0.09166664375	2.12584980867e-06	0.00024702484545	0	1510747092.8488176	75.8518518519	0.455011919298
185.5	0.09166664375	2.45203260578e-05	0.000236847836114	0	1510747093.3088677	75.8518518519	0.444444444444
185.5	0.09166664375	2.45203260578e-05	0.000236847836114	0	1510747094.0736117	75.8518518519	0.444444444444
185.0	0.0895833109375	1.37717345556e-05	0.000227483010778	0	1510747094.8435526	75.8518518519	0.469101885769
185.0	0.09166664375	5.91885816941e-05	0.000275548311116	0	1510747095.3124106	74.9268292683	0.469348659004
185.0	0.0937499765625	1.9264808263e-06	0.000269098511434	0	1510747096.0783277	75.4526315789	0.447278911565
185.0	0.0937499765625	1.9264808263e-06	0.000269098511434	0	1510747096.8339465	75.4526315789	0.447278911565
185.0	0.0895833109375	2.78608177771e-05	0.000311179354188	0	1510747097.3160806	75.8518518519	0.469135802469
184.5	0.0895833109375	2.78608177771e-05	0.000311179354188	0	1510747098.0861783	75.8518518519	0.469135802469
184.5	0.09166664375	4.88779425863e-05	0.000214547074602	0	1510747098.878033	76.3229813665	0.4534662868
184.5	0.09166664375	4.88779425863e-05	0.000214547074602	0	1510747099.3188267	76.3229813665	0.4534662868
184.5	0.0895833109375	3.91871997405e-05	0.000320376498519	0	1510747100.0757773	76.2553191489	0.457468457468
184.5	0.09166664375	6.14514422829e-07	0.000297809722793	0	1510747100.8424795	76.8	0.447852195697
184.0	0.0937499765625	5.12941790956e-06	0.000248583829811	0	1510747101.311477	76.2553191489	0.446682946683
184.0	0.09166664375	2.23922846514e-05	0.000284282002947	0	1510747102.1044662	76.2553191489	0.457468457468
184.0	0.09166664375	2.17180252171e-05	0.000238521864286	0	1510747102.8613966	76.2553191489	0.457468457468
184.0	0.0937499765625	4.40289971567e-05	0.00026773210723	0	1510747103.308236	76.6631016043	0.449124949125
184.0	0.0937499765625	4.40289971567e-05	0.00026773210723	0	1510747104.075211	76.6631016043	0.449124949125
183.5	0.09166664375	1.41494809987e-05	0.000244538391236	0	1510747104.837754	76.2553191489	0.452177452177
183.5	0.0895833109375	1.57312885842e-05	0.00026671715193	0	1510747105.3199563	76.8	0.462488129155
183.5	0.09166664375	6.85763717448e-06	0.000260338103061	0	1510747106.078398	76.8	0.449145299145
183.5	0.0937499765625	2.34149425999e-05	0.000257056930605	0	1510747106.834689	75.8518518519	0.462962962963
183.5	0.09166664375	4.89588748771e-05	0.000285139842596	0	1510747107.3147461	75.4526315789	0.457831850689
183.0	0.09166664375	4.89588748771e-05	0.000285139842596	0	1510747108.0820873	75.4526315789	0.457831850689
183.0	0.0895833109375	2.6751379791e-06	0.000281093231985	0	1510747108.874361	76.2553191489	0.452177452177
183.0	0.0895833109375	1.59147318248e-05	0.000276837595487	0	1510747109.315476	76.6631016043	0.454619454619
183.0	0.0895833109375	1.59147318248e-05	0.000276837595487	0	1510747110.0831668	76.6631016043	0.454619454619
183.0	0.0895833109375	3.28282746212e-05	0.000314005705984	0	1510747110.8450432	79.2044198895	0.433455433455
183.0	0.0895833109375	9.59595719697e-05	0.000248593061178	0	1510747111.3095706	79.6444444444	0.435897435897
182.5	0.0895833109375	9.59595719697e-05	0.000248593061178	0	1510747112.074903	79.6444444444	0.435897435897
182.5	0.095833309375	3.24174325561e-05	0.000280364310498	0	1510747112.8558202	77.4918918919	0.448717948718
182.5	0.09166664375	5.87923765685e-06	0.0002794836708	0	1510747113.3197823	77.7721518987	0.455603038936
182.5	0.09166664375	5.87923765685e-06	0.0002794836708	0	1510747114.092111	77.7721518987	0.455603038936
182.0	0.0937499765625	5.75846037148e-05	0.000246975332138	0	1510747114.858488	77.7721518987	0.44301994302
182.0	0.0895833109375	0.000152343711914	0.00027152203473	0	1510747115.317502	78.2675159236	0.452279202279
182.0	0.0937499765625	0.0015049584494	0.000216900877442	0	1510747116.0861325	77.7721518987	0.44301994302
182.0	0.0895833109375	0.00253316263202	0.000277884594876	0	1510747116.850165	78.2675159236	0.458689458689

#$Filter:op06
#$	0	1	 1
#$	1	op06	0.251188643150958
#$	2	op09*op09	0.015848931924611138
#$	3	op18*op18*op18	3.9810717055349725e-06
#$	4	ns12	1e-7
#$	5	0	 1e-22
#$POWER:20.4, mW
#$WAVELENGTH:1064,nm
#$OBJECT:air, bscat	=
angle	ref	signal	signal_std	filter	Time	freq	duty_cycle
181.5	0.0895833109375	0.000151074076088	0.000229313355773	1	1510747134.7220218	78.7692307692	0.440195271717
181.5	0.0895833109375	0.000154463342481	0.000215007347718	1	1510747135.1622334	78.3387978142	0.442612942613
181.5	0.0895833109375	0.00123867388341	0.000281634857372	1	1510747135.9222596	78.3387978142	0.442612942613

#$Filter:op06
#$	0	1	 1
#$	1	op06	0.251188643150958
#$	2	op09*op09	0.015848931924611138
#$	3	op18*op18*op18	3.9810717055349725e-06
#$	4	ns12	1e-7
#$	5	0	 1e-22
#$POWER:20.4, mW
#$WAVELENGTH:1064,nm
#$OBJECT:air, bscat	=
angle	ref	signal	signal_std	filter	Time	freq	duty_cycle
181.0	0.0937499765625	0.00316780112263	0.000305994446033	1	1510747152.732624	78.7692307692	0.455128205128
181.0	0.0895833109375	0.00254076607446	0.000301198282505	1	1510747153.7291312	78.7692307692	0.435897435897
181.0	0.0895833109375	0.00215849046094	0.000210481045847	1	1510747154.7264974	78.7692307692	0.428571428571
181.0	0.0854166453125	0.00209608791135	0.000356737614275	1	1510747155.721798	78.7692307692	0.455128205128
180.5	0.0895833109375	0.00242546371426	0.000277325698875	1	1510747156.7302334	78.7692307692	0.442222222222
180.5	0.0895833109375	0.00298447168869	0.000768361644933	1	1510747157.7256315	75.3865030675	0.461174196174
180.5	0.0895833109375	0.00427865791603	0.000309593776669	1	1510747158.7214673	79.6444444444	0.444371184371
180.0	0.087499978125	0.00551649167643	0.000285065659335	1	1510747159.7183306	79.7922077922	0.441538461538
180.0	0.0895833109375	0.00801548339132	0.000263613642959	1	1510747160.7334516	81.92	0.435604395604
180.0	0.087499978125	0.0121178681219	0.00031743319206	1	1510747161.734012	79.2774193548	0.451538461538

#$Filter:op09*op09
#$	0	1	 1
#$	1	op06	0.251188643150958
#$	2	op09*op09	0.015848931924611138
#$	3	op18*op18*op18	3.9810717055349725e-06
#$	4	ns12	1e-7
#$	5	0	 1e-22
#$POWER:20.4, mW
#$WAVELENGTH:1064,nm
#$OBJECT:air, bscat	=
angle	ref	signal	signal_std	filter	Time	freq	duty_cycle
179.5	0.0854166453125	0.00304295000543	0.000280790397885	2	1510747174.2342975	78.7692307692	0.461538461538
179.5	0.0895833109375	0.0139668314167	0.000691073471109	2	1510747175.0163193	78.7692307692	0.439487179487
179.5	0.087499978125	0.0462627435364	0.0	2	1510747175.7870653	79.7922077922	0.452962962963
179.0	0.0895833109375	0.0411825103931	0.00590668314407	2	1510747176.2302487	78.3387978142	0.459096459096

#$Filter:op09*op09
#$	0	1	 1
#$	1	op06	0.251188643150958
#$	2	op09*op09	0.015848931924611138
#$	3	op18*op18*op18	3.9810717055349725e-06
#$	4	ns12	1e-7
#$	5	0	 1e-22
#$POWER:20.4, mW
#$WAVELENGTH:1064,nm
#$OBJECT:air, bscat	=
angle	ref	signal	signal_std	filter	Time	freq	duty_cycle
179.0	0.09166664375	0.111791209166	0.00100049929445	2	1510747188.3491442	78.7692307692	0.448717948718
179.0	0.0895833109375	0.108611023651	0.000969367121516	2	1510747189.1302621	78.2675159236	0.426638176638
179.0	0.09166664375	0.0957429845756	0.000788864090003	2	1510747189.8850164	78.3387978142	0.453601953602
179.0	0.0895833109375	0.0708914296456	0.000735221509802	2	1510747190.343058	78.2675159236	0.439458689459
178.5	0.0895833109375	0.0708914296456	0.000735221509802	2	1510747191.1055999	78.2675159236	0.439458689459

#$Filter:op06
#$	0	1	 1
#$	1	op06	0.251188643150958
#$	2	op09*op09	0.015848931924611138
#$	3	op18*op18*op18	3.9810717055349725e-06
#$	4	ns12	1e-7
#$	5	0	 1e-22
#$POWER:20.4, mW
#$WAVELENGTH:1064,nm
#$OBJECT:air, bscat	=
angle	ref	signal	signal_std	filter	Time	freq	duty_cycle
178.5	0.0895833109375	0.0251522918219	0.000400418661191	1	1510747213.2355423	76.3229813665	0.453211911545
178.5	0.0895833109375	0.0251522918219	0.000400418661191	1	1510747213.9853287	76.3229813665	0.453211911545
178.0	0.09166664375	0.0150540375083	0.000355077068584	1	1510747214.7472568	76.3229813665	0.447293447293
178.0	0.09166664375	0.0128484556028	0.000333035308085	1	1510747215.2298145	76.8	0.450142450142
178.0	0.09166664375	0.0128484556028	0.000333035308085	1	1510747215.9941576	76.8	0.450142450142
178.0	0.09166664375	0.0107069039514	0.000371847997153	1	1510747216.7519758	77.0752688172	0.446838346838

#$Filter:1
#$	0	1	 1
#$	1	op06	0.251188643150958
#$	2	op09*op09	0.015848931924611138
#$	3	op18*op18*op18	3.9810717055349725e-06
#$	4	ns12	1e-7
#$	5	0	 1e-22
#$POWER:20.4, mW
#$WAVELENGTH:1064,nm
#$OBJECT:air, bscat	=
angle	ref	signal	signal_std	filter	Time	freq	duty_cycle
178.0	0.0979166421875	0.00706382041085	0.000234238391711	0	1510747240.2360063	76.8	0.450142450142
177.5	0.0979166421875	0.00706382041085	0.000234238391711	0	1510747240.9943967	76.8	0.450142450142
177.5	0.09166664375	0.00466303162688	0.000264267615603	0	1510747241.7848167	76.8	0.437321937322
177.5	0.095833309375	0.00244781393053	0.00026525021404	0	1510747242.238787	76.8	0.450142450142
177.5	0.0937499765625	0.00232044742214	0.00030084418391	0	1510747243.0049698	77.0752688172	0.446275946276
177.0	0.09166664375	0.00210910600193	0.000286557998717	0	1510747243.7615674	79.2044198895	0.429420820725
177.0	0.0937499765625	0.00209106643033	0.000254621726612	0	1510747244.2347538	77.7721518987	0.44943019943
177.0	0.0937499765625	0.00209106643033	0.000254621726612	0	1510747245.00119	77.7721518987	0.44943019943
177.0	0.095833309375	0.00243618769606	0.000256920886317	0	1510747245.7701983	77.7721518987	0.442991452991
177.0	0.0895833109375	0.00424557191006	0.000304118781563	0	1510747246.2351313	77.7721518987	0.45584045584
177.0	0.09166664375	0.00411227420655	0.000286208807342	0	1510747247.0033007	78.2675159236	0.439458689459
176.5	0.087499978125	0.00268622381824	0.000254789994963	0	1510747247.7622154	78.2675159236	0.458689458689
176.5	0.095833309375	0.000956405927831	0.000239201958203	0	1510747248.2300344	78.2675159236	0.451685660019
176.5	0.095833309375	0.000956405927831	0.000239201958203	0	1510747248.9931288	78.2675159236	0.451685660019
176.5	0.0937499765625	8.27777570833e-05	0.000243154680878	0	1510747249.7648997	77.7721518987	0.44943019943
176.5	0.0937499765625	7.26009919508e-05	0.000310331908132	0	1510747250.2336836	78.2675159236	0.452279202279
176.0	0.0937499765625	7.26009919508e-05	0.000310331908132	0	1510747250.9976978	78.2675159236	0.452279202279

#$Filter:1
#$	0	1	 1
#$	1	op06	0.251188643150958
#$	2	op09*op09	0.015848931924611138
#$	3	op18*op18*op18	3.9810717055349725e-06
#$	4	ns12	1e-7
#$	5	0	 1e-22
#$POWER:20.4, mW
#$WAVELENGTH:1064,nm
#$OBJECT:air, bscat	=
angle	ref	signal	signal_std	filter	Time	freq	duty_cycle
176.0	0.0854166453125	6.11349650242e-06	0.000184521804074	0	1510747258.7385154	82.3908045977	0.428498168498
176.0	0.09166664375	2.89855e-05	0.000247373292399	0	1510747259.2433324	81.92	0.438321678322
176.0	0.0854166453125	3.0877968471e-05	0.000242956268213	0	1510747260.0013258	82.3908045977	0.435208125208
175.5	0.0854166453125	3.0877968471e-05	0.000242956268213	0	1510747260.7613862	82.3908045977	0.435208125208
175.5	0.0895833109375	2.61815186963e-06	0.00018855940282	0	1510747261.2381625	82.3908045977	0.424862953139
175.5	0.0854166453125	5.49319590561e-06	0.000232208540698	0	1510747262.0090268	79.6444444444	0.455384615385
175.5	0.0854166453125	3.40901275319e-05	0.000314305538353	0	1510747262.7747107	79.6444444444	0.455384615385
175.0	0.087499978125	7.08134140523e-05	0.000285060052095	0	1510747263.238859	82.3908045977	0.419856665074
175.0	0.087499978125	7.08134140523e-05	0.000285060052095	0	1510747264.032863	82.3908045977	0.419856665074
175.0	0.087499978125	6.3573867268e-05	0.000282100349149	0	1510747264.8025968	79.2044198895	0.452967032967
175.0	0.087499978125	1.19444414583e-05	0.000213338162755	0	1510747265.2345197	81.92	0.43706959707
175.0	0.087499978125	1.19444414583e-05	0.000213338162755	0	1510747265.9992821	81.92	0.43706959707
174.5	0.0854166453125	2.62922328313e-05	0.000219489474113	0	1510747266.7558773	82.3316582915	0.428637820513
174.5	0.087499978125	1.98484798864e-05	0.000286242347068	0	1510747267.2582273	80.5393258427	0.46043956044
174.5	0.0854166453125	2.34098580931e-05	0.000274202982938	0	1510747268.040181	80.5393258427	0.443736263736
174.5	0.0895833109375	0.000119717712006	0.000293946669139	0	1510747268.8198545	81.92	0.438321678322
174.5	0.0854166453125	0.000125890452313	0.000289590355724	0	1510747269.24104	82.3908045977	0.435464535465
174.0	0.0854166453125	3.01656844664e-05	0.000404980041878	0	1510747270.0079043	82.3908045977	0.435464535465
173.5	0.09166664375	4.81148538057e-06	0.000243610352695	0	1510747270.8234487	81.4545454545	0.442274247492
173.5	0.0895833109375	2.17848343281e-05	0.000265637422261	0	1510747271.2462397	81.4545454545	0.442274247492
172.5	0.09166664375	1.96670748877e-05	0.0002186262648	0	1510747272.0115724	81.4545454545	0.448791208791
171.5	0.0854166453125	2.54763887881e-06	0.000200078299653	0	1510747272.7905443	81.92	0.439945054945
171.0	0.087499978125	4.56428507478e-07	0.000196489153737	0	1510747273.237332	81.4545454545	0.448772893773
170.5	0.087499978125	4.56428507478e-07	0.000196489153737	0	1510747274.0172348	81.4545454545	0.448772893773
169.5	0.087499978125	2.24323774328e-06	0.000188353506981	0	1510747274.7961135	81.92	0.421838161838
169.0	0.0895833109375	6.89318108174e-06	0.000200876946779	0	1510747275.2409296	81.4545454545	0.431285236503
168.0	0.0895833109375	2.26335158353e-05	0.000298201796473	0	1510747276.0329332	81.4545454545	0.431285236503
167.0	0.087499978125	1.31071498298e-05	0.000187910569678	0	1510747276.822793	81.4545454545	0.442820512821
166.5	0.0895833109375	4.99520335478e-05	0.000247791510157	0	1510747277.2456353	81.4545454545	0.44304029304
166.0	0.0854166453125	4.25263164692e-05	0.000219464584857	0	1510747278.0376122	82.3908045977	0.436120401338
164.5	0.0895833109375	9.83870721774e-06	0.000254411021061	0	1510747278.825513	81.92	0.43903751421
164.5	0.0854166453125	2.70497605129e-05	0.000230036988784	0	1510747279.259589	82.8670520231	0.432240802676
163.5	0.087499978125	3.61332534157e-05	0.000230124523835	0	1510747280.0304246	82.3908045977	0.426813186813
162.5	0.087499978125	5.99182822362e-06	0.000251016327001	0	1510747280.829209	79.2774193548	0.451538461538
162.0	0.0895833109375	5.86033235917e-06	0.000261447723202	0	1510747281.2582464	81.92	0.424395604396
161.0	0.0895833109375	5.86033235917e-06	0.000261447723202	0	1510747282.046009	81.92	0.424395604396
160.5	0.0854166453125	5.56316574152e-05	0.000263089829742	0	1510747282.8254495	82.3908045977	0.435244755245
159.5	0.0895833109375	7.2585298896e-05	0.000272590136011	0	1510747283.2563865	81.92	0.444911610129
159.0	0.0895833109375	5.84535701068e-05	0.00023503697115	0	1510747284.0383897	81.92	0.444911610129
158.0	0.087499978125	2.77118842801e-05	0.000231868171113	0	1510747284.8291476	81.92	0.451122790253
157.5	0.0895833109375	2.3870333194e-05	0.000236774901958	0	1510747285.2615206	81.92	0.445457875458
156.5	0.087499978125	4.26469959744e-05	0.000225443076104	0	1510747286.0424109	81.4545454545	0.448772893773
155.5	0.09166664375	6.83166211703e-05	0.000229380224185	0	1510747286.822407	81.4545454545	0.448791208791
155.5	0.0895833109375	3.42982370395e-05	0.000239640875194	0	1510747287.252234	81.4545454545	0.442820512821
154.5	0.0895833109375	3.42982370395e-05	0.000239640875194	0	1510747288.0170982	81.4545454545	0.442820512821
153.5	0.0895833109375	9.67109687301e-05	0.000216302123316	0	1510747288.812191	81.4545454545	0.442820512821
153.0	0.09166664375	3.64112407178e-06	0.000272729329337	0	1510747289.235024	81.4545454545	0.437326007326
152.0	0.0895833109375	5.73546651218e-05	0.000229676844188	0	1510747290.021801	80.9943502825	0.440402930403
151.5	0.0854166453125	6.01950204122e-05	0.000282351168514	0	1510747290.805234	82.3908045977	0.439706959707
150.5	0.0854166453125	5.32436799997e-05	0.000284950164449	0	1510747291.238634	82.3908045977	0.428217338217
150.0	0.0854166453125	6.97898776772e-05	0.00030019648966	0	1510747292.026487	82.3908045977	0.428217338217
149.0	0.0895833109375	3.37719213816e-05	0.000202072543698	0	1510747292.82151	81.92	0.43706959707
148.5	0.0854166453125	4.43491718849e-05	0.000230616200614	0	1510747293.2509403	82.8670520231	0.428200173418
147.5	0.09166664375	8.53743055628e-06	0.000203119444144	0	1510747294.0453255	81.4545454545	0.442274247492
146.5	0.087499978125	1.25143245453e-05	0.000247342231906	0	1510747294.824014	82.3908045977	0.441578276796
146.5	0.087499978125	1.25143245453e-05	0.000247342231906	0	1510747295.2561882	82.3908045977	0.441578276796
145.0	0.0854166453125	5.29062082467e-05	0.000234845731026	0	1510747296.0248146	81.92	0.445457875458
144.5	0.0854166453125	1.17031410728e-05	0.000201067156812	0	1510747296.8146641	81.92	0.450625895843
143.5	0.0895833109375	4.93230651383e-05	0.000220476905059	0	1510747297.740567	81.4545454545	0.448791208791
143.0	0.09166664375	3.4626841125e-05	0.000198497037444	0	1510747298.2340963	81.4545454545	0.44304029304
142.0	0.087499978125	2.97979723485e-05	0.00022639414892	0	1510747299.0255377	79.2774193548	0.45150997151
141.0	0.09166664375	4.16140468355e-05	0.000226540414807	0	1510747299.811292	79.2774193548	0.450944919278
140.5	0.087499978125	8.70685809265e-06	0.000193960972564	0	1510747300.2371364	79.2774193548	0.45150997151
140.0	0.087499978125	8.70685809265e-06	0.000193960972564	0	1510747301.0292535	79.2774193548	0.45150997151
139.0	0.0895833109375	1.19136166361e-05	0.000273924636346	0	1510747301.8199317	82.3908045977	0.428241758242
138.5	0.0895833109375	3.78431892029e-07	0.000211882940861	0	1510747302.241791	81.4545454545	0.448736263736
137.5	0.0895833109375	3.78431892029e-07	0.000211882940861	0	1510747303.0298443	81.4545454545	0.448736263736
136.5	0.09166664375	2.33480736518e-05	0.000197236955423	0	1510747303.8138125	81.4545454545	0.443076923077
136.0	0.087499978125	1.64912239474e-05	0.000226942177716	0	1510747304.2463038	81.92	0.439743589744
135.5	0.0833333125	1.1968226798e-05	0.000246257005775	0	1510747305.034394	81.92	0.44
134.5	0.0854166453125	5.1171282522e-05	0.000207240168132	0	1510747305.814512	82.3908045977	0.471172161172
134.0	0.0854166453125	5.1171282522e-05	0.000207240168132	0	1510747306.237393	82.3908045977	0.471172161172
133.0	0.0895833109375	1.52842229976e-05	0.000216409905219	0	1510747307.0292091	82.3908045977	0.459761904762
132.5	0.0833333125	1.37224214435e-06	0.000216284903494	0	1510747307.8180954	81.92	0.445714285714
132.0	0.087499978125	1.82901071711e-05	0.000190938858345	0	1510747308.2420058	82.3908045977	0.459761904762
131.0	0.0854166453125	2.93420979276e-05	0.000233584627651	0	1510747309.0330272	81.92	0.44
130.0	0.0854166453125	2.09401657051e-05	0.000224919116191	0	1510747309.8217661	81.92	0.462802197802
129.5	0.0854166453125	2.09401657051e-05	0.000224919116191	0	1510747310.2446313	81.92	0.462802197802
128.5	0.087499978125	9.11710610254e-06	0.000273595478166	0	1510747311.0365155	81.4545454545	0.454487179487
127.5	0.087499978125	1.45728078046e-05	0.000184479785958	0	1510747311.8301575	81.92	0.44
127.0	0.09166664375	1.06209123775e-05	0.000273020029799	0	1510747312.2693632	81.4545454545	0.454725274725
126.5	0.0895833109375	1.70175396053e-05	0.000244020088436	0	1510747313.0635004	81.92	0.445714285714
125.5	0.0854166453125	9.68110138089e-06	0.000273507349382	0	1510747313.8529086	82.3908045977	0.430457875458
125.0	0.0854166453125	2.47989704084e-05	0.000276248979523	0	1510747314.2770922	82.3908045977	0.430457875458
124.0	0.0895833109375	4.04303928228e-05	0.000241127211322	0	1510747315.0691183	81.92	0.445695970696
123.5	0.09166664375	2.19956085362e-05	0.000224494360412	0	1510747315.857874	81.92	0.44
122.0	0.09166664375	2.20484358912e-05	0.000276848954608	0	1510747316.7372925	81.4545454545	0.437326007326
121.5	0.0854166453125	1.46648742799e-05	0.00023804061947	0	1510747317.2387705	81.92	0.439197324415
121.0	0.087499978125	1.18859341991e-05	0.000230751064882	0	1510747318.0324028	80.9943502825	0.440659340659
120.0	0.0895833109375	6.53594607843e-06	0.000289175511592	0	1510747318.8244226	81.4545454545	0.448791208791
119.5	0.0895833109375	1.49290742819e-05	0.000186718696056	0	1510747319.256895	81.4545454545	0.442820512821
118.5	0.09166664375	7.35904071343e-05	0.000278017153683	0	1510747320.0383334	81.4545454545	0.442274247492
117.5	0.09166664375	3.60043646321e-05	0.000194812995604	0	1510747320.8310947	81.92	0.432827172827
117.0	0.087499978125	7.02197703813e-07	0.000224483045757	0	1510747321.262591	82.3908045977	0.439706959707
116.0	0.087499978125	7.02197703813e-07	0.000224483045757	0	1510747322.0426092	82.3908045977	0.439706959707
115.5	0.0895833109375	2.60399630784e-05	0.000265488602818	0	1510747322.8338003	82.3908045977	0.433992673993
115.0	0.0854166453125	2.18025780335e-05	0.000222521499895	0	1510747323.2647502	81.92	0.444035964036
114.0	0.0895833109375	2.03580089728e-06	0.000272194013666	0	1510747324.0517738	81.4545454545	0.448534798535
113.5	0.09166664375	3.43850612211e-05	0.000244528917918	0	1510747324.8336034	81.92	0.43370281892
113.0	0.09166664375	3.43850612211e-05	0.000244528917918	0	1510747325.2565606	81.92	0.43370281892
112.0	0.09166664375	2.3433196837e-05	0.000201924460274	0	1510747326.0483232	81.92	0.43706959707
111.0	0.09166664375	1.28618298428e-05	0.000216236898504	0	1510747326.8379133	81.92	0.43706959707
110.0	0.0937499765625	5.3702911043e-05	0.000212373991864	0	1510747327.7410295	81.92	0.424747950462
109.5	0.0895833109375	2.04533560122e-06	0.000299954015505	0	1510747328.2335155	81.4545454545	0.442274247492
108.5	0.0895833109375	2.04533560122e-06	0.000299954015505	0	1510747329.0288801	81.4545454545	0.442274247492
107.5	0.087499978125	2.56957812399e-05	0.000207601202401	0	1510747329.8159504	81.92	0.432827172827
107.0	0.0854166453125	1.99736679058e-05	0.000261872395859	0	1510747330.2385175	81.92	0.438321678322
106.5	0.0854166453125	1.99736679058e-05	0.000261872395859	0	1510747331.0291157	81.92	0.438321678322
105.5	0.087499978125	4.00180851341e-07	0.000230936336826	0	1510747331.819335	81.92	0.450625895843
105.0	0.087499978125	4.00180851341e-07	0.000230936336826	0	1510747332.242359	81.92	0.450625895843
104.0	0.0854166453125	5.46743339745e-05	0.000206775355097	0	1510747333.0292082	80.5393258427	0.443736263736
103.5	0.0895833109375	2.32974852151e-05	0.000303944252604	0	1510747333.8091204	81.4545454545	0.437326007326
103.0	0.0895833109375	4.60247522605e-06	0.000221532391076	0	1510747334.2451844	81.4545454545	0.437326007326
102.0	0.0854166453125	3.08953823471e-05	0.000188872245762	0	1510747335.0389397	81.92	0.444911610129
101.0	0.0895833109375	1.3586953125e-06	0.000213238762302	0	1510747335.8279507	81.4545454545	0.448791208791
100.5	0.0895833109375	1.3586953125e-06	0.000213238762302	0	1510747336.253662	81.4545454545	0.448791208791
99.5	0.0895833109375	1.2148020276e-05	0.00023510936997	0	1510747337.0386384	81.4545454545	0.446884966885
99.0	0.09166664375	2.50596805548e-06	0.000208240540963	0	1510747337.8195333	81.4545454545	0.442274247492
98.0	0.0854166453125	2.38095178571e-05	0.000205337724685	0	1510747338.2545364	80.5393258427	0.443736263736
97.5	0.087499978125	3.49394989831e-06	0.000263857203636	0	1510747339.0443401	81.92	0.450625895843
96.5	0.09166664375	2.24457873549e-06	0.000209267776325	0	1510747339.8370774	81.4545454545	0.437362637363
96.0	0.0895833109375	9.07590532178e-06	0.000195838459538	0	1510747340.2662446	81.4545454545	0.443076923077
95.5	0.0895833109375	9.07590532178e-06	0.000195838459538	0	1510747341.0467541	81.4545454545	0.443076923077
94.5	0.0854166453125	2.87905020616e-05	0.00026157866434	0	1510747341.8310077	81.92	0.439197324415
94.0	0.0895833109375	5.79093668863e-05	0.000203641611565	0	1510747342.2579367	81.4545454545	0.44304029304
93.0	0.0895833109375	7.88120370346e-06	0.000216719090106	0	1510747343.050611	81.92	0.439160694378
92.0	0.0937499765625	1.43705637832e-05	0.000271969024921	0	1510747343.8307018	81.4545454545	0.448534798535
92.0	0.0937499765625	1.43705637832e-05	0.000271969024921	0	1510747344.2614694	81.4545454545	0.448534798535
90.5	0.0854166453125	5.12061275493e-05	0.00030192517051	0	1510747345.0325022	81.92	0.439197324415
90.0	0.087499978125	1.17883966233e-05	0.00023689560698	0	1510747345.8143084	82.3908045977	0.428719653937
89.5	0.0895833109375	1.52508563797e-05	0.000262731391557	0	1510747346.242242	81.4545454545	0.442274247492
88.5	0.0895833109375	2.72239875233e-05	0.000224797854887	0	1510747347.0262272	81.4545454545	0.435904095904
88.0	0.087499978125	1.88297825266e-05	0.000218476361601	0	1510747347.8305566	81.92	0.438321678322
87.5	0.0937499765625	1.38245172938e-05	0.000219895656168	0	1510747348.2610316	81.92	0.438321678322
86.5	0.0937499765625	4.29333084277e-05	0.000260083454356	0	1510747349.0507574	81.92	0.427332667333
85.5	0.0895833109375	4.02226264874e-05	0.00022104924002	0	1510747349.8332334	81.92	0.432827172827
85.0	0.09166664375	3.24561322368e-05	0.0002537906421	0	1510747350.2655985	81.4545454545	0.435904095904
84.0	0.09166664375	3.24561322368e-05	0.0002537906421	0	1510747351.0555491	81.4545454545	0.435904095904
83.0	0.0854166453125	5.9295691379e-05	0.000265906612948	0	1510747351.8480666	82.3908045977	0.433992673993
82.5	0.0854166453125	2.47708987328e-05	0.000240680132782	0	1510747352.269864	82.3908045977	0.421318681319
82.0	0.0854166453125	2.47708987328e-05	0.000240680132782	0	1510747353.0579362	82.3908045977	0.421318681319
81.0	0.0854166453125	8.92856919643e-06	0.000272165458935	0	1510747353.8417575	80.0893854749	0.452307692308
80.5	0.09166664375	1.88906562733e-05	0.00023864706686	0	1510747354.2730086	81.92	0.431575091575
80.0	0.0937499765625	4.53768236003e-05	0.000224567432604	0	1510747355.0764432	81.92	0.424395604396
79.0	0.087499978125	1.42044432094e-05	0.000221910329535	0	1510747355.8718426	79.2044198895	0.447472527473
78.0	0.0895833109375	3.60492591798e-05	0.000299484654203	0	1510747356.7346387	79.2774193548	0.457948717949
77.5	0.0895833109375	2.74431869116e-05	0.00019157811241	0	1510747357.2372391	79.2774193548	0.4450997151
76.5	0.087499978125	3.26704463778e-05	0.000244975465854	0	1510747358.02642	82.3908045977	0.427189952904
76.0	0.087499978125	5.69233864426e-05	0.000193181311416	0	1510747358.8094451	82.3908045977	0.427189952904
75.5	0.0937499765625	2.99113400399e-05	0.000221397023824	0	1510747359.242361	81.92	0.438321678322
74.5	0.0854166453125	4.51388776042e-07	0.000258542861093	0	1510747360.030701	82.3908045977	0.439706959707
73.5	0.09166664375	1.52951350651e-05	0.000203085522325	0	1510747360.8100204	81.92	0.438321678322
73.0	0.0895833109375	1.85087673026e-05	0.000231294607533	0	1510747361.2444992	81.92	0.438321678322
72.5	0.0895833109375	1.85087673026e-05	0.000231294607533	0	1510747362.03383	81.92	0.438321678322
71.5	0.087499978125	4.50680159439e-05	0.00023801202814	0	1510747362.8138368	82.3908045977	0.426813186813
71.0	0.0854166453125	3.18702143482e-05	0.000220371378423	0	1510747363.2501845	82.3908045977	0.432307692308
70.5	0.0854166453125	3.18702143482e-05	0.000220371378423	0	1510747364.038522	82.3908045977	0.432307692308
69.0	0.0854166453125	7.53629862098e-06	0.000228008012655	0	1510747364.818292	82.3908045977	0.432307692308
69.0	0.09166664375	2.14554189111e-05	0.00022786095485	0	1510747365.2402635	81.92	0.427332667333
68.0	0.09166664375	4.18402673177e-05	0.000239238823016	0	1510747366.0102174	81.4545454545	0.435904095904
67.0	0.087499978125	7.95585870127e-05	0.00030718651067	0	1510747366.7990804	81.92	0.432047952048
66.5	0.0854166453125	2.2603219584e-05	0.000301086799819	0	1510747367.2430134	82.3908045977	0.428498168498
66.0	0.0854166453125	2.2603219584e-05	0.000301086799819	0	1510747368.0215757	82.3908045977	0.428498168498
65.0	0.0854166453125	1.62113361534e-05	0.000255846841216	0	1510747368.81494	79.6444444444	0.44989010989
64.5	0.09166664375	1.33874169555e-05	0.000238947489433	0	1510747369.239956	81.4545454545	0.435904095904
64.0	0.09166664375	4.9922976272e-05	0.000245065110952	0	1510747370.0285902	81.4545454545	0.435904095904
63.0	0.087499978125	1.70865178372e-05	0.000221469070045	0	1510747370.8221364	82.3908045977	0.426813186813
62.5	0.087499978125	8.25355709223e-06	0.000259884595692	0	1510747371.2533872	82.8670520231	0.426279238003
61.5	0.09166664375	1.12740855832e-05	0.000227343584676	0	1510747372.042285	81.92	0.431575091575
60.5	0.09166664375	4.18901160401e-05	0.000238135962386	0	1510747372.8152885	81.4545454545	0.441398601399
60.5	0.09166664375	4.18901160401e-05	0.000238135962386	0	1510747373.2442617	81.4545454545	0.441398601399
59.5	0.0895833109375	3.73005957354e-05	0.000220378849605	0	1510747374.002893	81.4545454545	0.442274247492
58.5	0.0854166453125	3.84055588115e-05	0.00023098275311	0	1510747374.7930017	81.92	0.432827172827
58.0	0.0895833109375	2.23049589628e-05	0.000214579638881	0	1510747375.2388062	81.92	0.439197324415
57.5	0.0854166453125	3.63826185288e-06	0.000231690250421	0	1510747376.0237725	81.92	0.444815184815
56.5	0.0854166453125	4.41913768475e-05	0.000252135466372	0	1510747376.8207192	80.9943502825	0.446117216117
56.5	0.09166664375	1.48245576974e-05	0.000231309619157	0	1510747377.2525415	81.4545454545	0.436779741997
56.0	0.0895833109375	2.53560819014e-05	0.000244438900052	0	1510747378.0099437	81.92	0.444911610129
55.5	0.0854166453125	3.94097123698e-06	0.000245575721772	0	1510747378.7899694	82.3908045977	0.440795395081
54.5	0.087499978125	2.24905246804e-06	0.000245313632307	0	1510747379.2341948	81.92	0.432827172827
54.0	0.087499978125	2.75015714074e-05	0.000248682826801	0	1510747380.0230758	81.92	0.432827172827
53.0	0.087499978125	2.77434588715e-05	0.000224848994736	0	1510747380.8164945	82.3908045977	0.42975024975
52.5	0.0854166453125	1.36054387755e-05	0.000243160421774	0	1510747381.2479677	82.3908045977	0.428751248751
51.5	0.0895833109375	2.87577725182e-05	0.000249801735514	0	1510747382.0398524	81.4545454545	0.430568561873
51.0	0.0854166453125	9.99149410077e-06	0.000291924308907	0	1510747382.8205845	82.3908045977	0.426813186813
50.0	0.0854166453125	9.99149410077e-06	0.000291924308907	0	1510747383.2507262	82.3908045977	0.426813186813
49.5	0.09166664375	5.94858007314e-06	0.000203634885927	0	1510747384.0405684	81.92	0.431575091575
48.5	0.0854166453125	7.15935776314e-06	0.00023891338638	0	1510747384.836912	82.3908045977	0.433992673993
48.0	0.0854166453125	2.65079633189e-06	0.000207410987059	0	1510747385.2683089	81.92	0.444911610129
47.5	0.0854166453125	3.03333623238e-05	0.000235338775098	0	1510747386.0571697	82.3908045977	0.428751248751
46.5	0.0854166453125	3.81418254814e-05	0.000256229777059	0	1510747386.852158	82.3908045977	0.433992673993
46.0	0.0854166453125	7.24694684146e-05	0.000290018214208	0	1510747387.272545	82.3908045977	0.433992673993
45.0	0.09166664375	3.50447108811e-06	0.000234788923981	0	1510747388.0618355	81.4545454545	0.447988533206
44.0	0.0895833109375	3.34025254511e-06	0.000214050425933	0	1510747388.8442998	81.4545454545	0.442274247492
44.0	0.0854166453125	1.33494224545e-05	0.00026128968657	0	1510747389.2765687	81.92	0.432827172827
43.0	0.0854166453125	1.33494224545e-05	0.00026128968657	0	1510747390.0415394	81.92	0.432827172827
42.0	0.0895833109375	4.00180851341e-07	0.000229838918569	0	1510747390.837525	81.4545454545	0.454487179487
41.5	0.0854166453125	1.64277139337e-06	0.000218178288789	0	1510747391.2663817	81.92	0.438321678322
40.5	0.0895833109375	3.38799198454e-05	0.000209017158627	0	1510747392.0592644	81.4545454545	0.442820512821
40.0	0.0895833109375	3.57078763777e-05	0.000231653119152	0	1510747392.8411834	81.4545454545	0.442820512821
39.5	0.0895833109375	3.57078763777e-05	0.000231653119152	0	1510747393.2722144	81.4545454545	0.442820512821
38.5	0.0895833109375	3.19844169796e-05	0.000222552323095	0	1510747394.064125	81.92	0.451122790253
37.5	0.0854166453125	4.69444327083e-05	0.000272585290554	0	1510747394.8536704	81.92	0.438321678322
37.0	0.087499978125	3.20175358553e-05	0.000254746542441	0	1510747395.2762873	81.92	0.438321678322
36.5	0.09166664375	2.85652178022e-05	0.000218262731577	0	1510747396.0697646	81.4545454545	0.442274247492
35.0	0.087499978125	4.93036963029e-05	0.000276703787489	0	1510747396.8684742	81.92	0.420586080586
34.5	0.09166664375	3.56608866487e-05	0.000284727718732	0	1510747397.7364	81.4545454545	0.447112887113
34.0	0.087499978125	6.40619245502e-05	0.000214696938535	0	1510747398.2382824	82.3908045977	0.428751248751
33.0	0.0854166453125	8.18097868038e-05	0.000213814841392	0	1510747399.0178514	82.3908045977	0.426813186813
32.0	0.09166664375	0.000100784132167	0.000274951114656	0	1510747399.7929287	81.4545454545	0.435904095904
31.5	0.09166664375	0.000100784132167	0.000274951114656	0	1510747400.2421181	81.4545454545	0.435904095904
30.5	0.087499978125	3.21711937713e-05	0.000230539762153	0	1510747401.022445	82.3908045977	0.428241758242
30.0	0.087499978125	3.24969472451e-05	0.000211846242887	0	1510747401.8029017	81.92	0.432827172827
29.5	0.09166664375	7.7705525157e-05	0.000271853886318	0	1510747402.2462504	81.4545454545	0.431285236503
28.5	0.09166664375	7.7705525157e-05	0.000271853886318	0	1510747403.0272717	81.4545454545	0.431285236503
27.5	0.0895833109375	7.83680359635e-05	0.00022523284784	0	1510747403.812004	81.92	0.438321678322
27.5	0.0854166453125	0.000132646909851	0.000261918254406	0	1510747404.2384837	82.3908045977	0.423256743257
26.5	0.0854166453125	0.000132646909851	0.000261918254406	0	1510747404.9932666	82.3908045977	0.423256743257
25.5	0.0854166453125	0.000117659017192	0.000266313990079	0	1510747405.7743003	82.3908045977	0.435244755245
25.0	0.09166664375	0.000112641289163	0.000193709047784	0	1510747406.232939	81.4545454545	0.442820512821
24.0	0.09166664375	0.000137992797043	0.000270223605229	0	1510747407.025894	80.9943502825	0.440659340659
23.0	0.0895833109375	0.000134403058812	0.000232886713779	0	1510747407.8147326	81.4545454545	0.448772893773
23.0	0.0895833109375	0.000137084245836	0.000200748306216	0	1510747408.237609	81.4545454545	0.448791208791
22.0	0.0895833109375	0.000137084245836	0.000200748306216	0	1510747409.0028267	81.4545454545	0.448791208791
21.0	0.087499978125	0.000142805777138	0.000183700827071	0	1510747409.7825248	81.92	0.445457875458
20.5	0.087499978125	0.000161059614088	0.000228925771932	0	1510747410.240126	81.92	0.445457875458
19.5	0.0854166453125	0.000130066577461	0.000244551094595	0	1510747411.029257	82.3908045977	0.42975024975
18.5	0.09166664375	0.000168774994703	0.000245235466578	0	1510747411.8231237	81.92	0.450141565359
18.0	0.09166664375	0.000168774994703	0.000245235466578	0	1510747412.2531724	81.92	0.450141565359
17.5	0.0854166453125	0.000165452086297	0.000240968399543	0	1510747413.0480459	81.92	0.439743589744
16.5	0.087499978125	0.000103255057759	0.000175892569275	0	1510747413.836889	81.4545454545	0.448772893773
16.0	0.09166664375	7.68055363542e-05	0.000246030579651	0	1510747414.2598011	80.9943502825	0.446153846154
15.5	0.09166664375	0.00010514971741	0.000328917173673	0	1510747415.0398283	81.4545454545	0.443076923077
14.5	0.0833333125	0.000140263122829	0.000195799593542	0	1510747415.832622	81.92	0.44543956044
14.0	0.0833333125	0.000140263122829	0.000195799593542	0	1510747416.262686	81.92	0.44543956044
13.0	0.0895833109375	0.000170747677246	0.000274702847597	0	1510747417.0424643	81.4545454545	0.448791208791
12.0	0.0895833109375	0.00015326083125	0.000238948374379	0	1510747417.8218858	82.3908045977	0.441834687052
12.0	0.09166664375	0.000187347623414	0.00020346643559	0	1510747418.244922	81.4545454545	0.443076923077
11.0	0.0854166453125	0.000153158563861	0.000205173909449	0	1510747419.0121346	81.92	0.439743589744
10.0	0.0895833109375	7.03119338299e-05	0.000262221747979	0	1510747419.8059924	80.9943502825	0.440659340659
9.5	0.0854166453125	6.42105102632e-05	0.000297389027299	0	1510747420.2360187	81.92	0.445457875458
9.0	0.0854166453125	1.90789425987e-06	0.000225143030933	0	1510747421.0149739	81.92	0.445457875458
8.0	0.0854166453125	1.84258054339e-05	0.000240989470009	0	1510747421.7917862	81.92	0.445457875458
7.5	0.0854166453125	5.12793641792e-06	0.000211237000242	0	1510747422.238777	81.92	0.445457875458
6.5	0.0895833109375	8.52150324597e-06	0.000235039831471	0	1510747423.0196202	81.4545454545	0.442820512821
6.0	0.0895833109375	1.49551933938e-05	0.000226554756449	0	1510747423.8125029	81.4545454545	0.442820512821
5.0	0.0895833109375	1.49551933938e-05	0.000226554756449	0	1510747424.245479	81.4545454545	0.442820512821
4.5	0.0895833109375	1.35692540979e-06	0.000227891496103	0	1510747425.0243847	81.4545454545	0.431373626374
3.5	0.0833333125	2.46133959085e-05	0.000242920536722	0	1510747425.8140032	81.92	0.444911610129
3.0	0.0854166453125	1.83606856455e-05	0.000245933116715	0	1510747426.2480822	81.92	0.439197324415
2.0	0.0895833109375	3.52363952661e-05	0.000319003963834	0	1510747427.0408971	81.4545454545	0.442820512821
1.0	0.0895833109375	3.35283604122e-05	0.000208026388621	0	1510747427.8309286	81.92	0.439197324415
0.5	0.087499978125	1.04199867624e-05	0.000275547683083	0	1510747428.259668	81.92	0.433446408664
0.0	0.087499978125	1.04199867624e-05	0.000275547683083	0	1510747429.0431728	81.92	0.433446408664
359.5	0.0895833109375	3.05370134592e-06	0.000259729958987	0	1510747429.8214996	81.4545454545	0.448791208791
359.0	0.0895833109375	3.05370134592e-06	0.000259729958987	0	1510747430.2556105	81.4545454545	0.448791208791
358.0	0.09166664375	3.94328419342e-05	0.000234020632998	0	1510747431.0212963	81.92	0.462857142857
357.5	0.0895833109375	2.05727458991e-05	0.000239757903798	0	1510747431.7762573	81.4545454545	0.47163003663
357.0	0.09166664375	0.000100405067491	0.000260705675989	0	1510747432.2390893	81.92	0.44
356.0	0.087499978125	8.81003696467e-05	0.000224676473321	0	1510747433.0055528	81.92	0.44
355.0	0.087499978125	0.000124076752704	0.000208582377216	0	1510747433.762989	81.92	0.462857142857
354.5	0.087499978125	4.6381567352e-05	0.000223091775718	0	1510747434.2419143	81.92	0.445714285714
353.5	0.087499978125	4.6381567352e-05	0.000223091775718	0	1510747435.0077713	81.92	0.445714285714
352.5	0.0833333125	0.000181447323059	0.000226278716923	0	1510747435.769591	82.3908045977	0.448333333333
352.0	0.0895833109375	9.89682460515e-05	0.000225512426447	0	1510747436.2340686	81.92	0.468534798535
351.5	0.0895833109375	9.89682460515e-05	0.000225512426447	0	1510747436.998237	81.92	0.468534798535
350.5	0.0854166453125	0.000138358179559	0.000247112270937	0	1510747437.7672765	81.92	0.457142857143
350.0	0.0854166453125	0.000108740438698	0.00021687783016	0	1510747438.2371883	81.92	0.44
349.0	0.0854166453125	0.000108740438698	0.00021687783016	0	1510747439.0052154	81.92	0.44
348.5	0.0895833109375	0.000122741197385	0.000222505796357	0	1510747439.772529	82.3908045977	0.442619047619
347.5	0.087499978125	7.33034165233e-05	0.000219138549195	0	1510747440.2409139	82.3908045977	0.454029304029
347.0	0.087499978125	7.33034165233e-05	0.000219138549195	0	1510747441.005528	82.3908045977	0.454029304029
346.0	0.0854166453125	9.77603922266e-05	0.000260920780047	0	1510747441.7657967	82.3908045977	0.448333333333
345.5	0.0895833109375	4.03727969243e-05	0.000257558922921	0	1510747442.2441149	82.3908045977	0.442619047619
344.5	0.0895833109375	3.39143204543e-05	0.000256172442829	0	1510747443.0115273	82.8670520231	0.445238095238
