
#$Filter:1
#$	0	1	 1
#$	1	op06	0.251188643150958
#$	2	op09*op09	0.015848931924611138
#$	3	op18*op18*op18	3.9810717055349725e-06
#$	4	ns12	1e-7
#$	5	0	 1e-22
#$POWER:20.4, mW
#$WAVELENGTH:1064,nm
#$OBJECT:ZnO_1_peak, bscat	=
angle	ref	signal	signal_std	filter	Time	freq	duty_cycle
193.5	0.0895833109375	0.00211530692297	0.00029856466987	0	1510747691.2326143	81.4545454545	0.443076923077
193.5	0.0895833109375	0.00211530692297	0.00029856466987	0	1510747692.002622	81.4545454545	0.443076923077
193.5	0.0854166453125	0.00202891584655	0.000282214702041	0	1510747692.7684102	81.92	0.442764378479
193.5	0.0833333125	0.00201459571628	0.000346871847703	0	1510747693.2342176	81.92	0.445695970696
193.5	0.0833333125	0.00201459571628	0.000346871847703	0	1510747693.9951947	81.92	0.445695970696
193.5	0.087499978125	0.00191935978952	0.000243627558182	0	1510747694.7580884	81.92	0.439743589744
193.5	0.0895833109375	0.001709274935	0.000277802568326	0	1510747695.2267096	82.3908045977	0.442619047619
193.0	0.09166664375	0.00170939193376	0.000273727733814	0	1510747695.9828897	81.92	0.445695970696
193.0	0.09166664375	0.00191878424253	0.000240700595319	0	1510747696.7557945	81.92	0.445695970696
193.0	0.09166664375	0.0019582456366	0.000260236720822	0	1510747697.222723	81.4545454545	0.448791208791
192.5	0.09166664375	0.0019582456366	0.000260236720822	0	1510747697.9887586	81.4545454545	0.448791208791
192.5	0.087499978125	0.00185343509497	0.000200876164999	0	1510747698.7460477	81.92	0.44
192.5	0.0895833109375	0.00224049342613	0.000323194423332	0	1510747699.2259812	81.92	0.44
192.0	0.0895833109375	0.00224049342613	0.000323194423332	0	1510747699.9914873	81.92	0.44
192.0	0.0854166453125	0.00251100814418	0.000284335167284	0	1510747700.751153	81.92	0.445695970696
192.0	0.0895833109375	0.0027527220841	0.000288649120783	0	1510747701.2297902	81.4545454545	0.448791208791
192.0	0.0895833109375	0.0027527220841	0.000288649120783	0	1510747701.997975	81.4545454545	0.448791208791
191.5	0.087499978125	0.00306089121107	0.000282412667523	0	1510747702.7659123	81.4545454545	0.448791208791
191.5	0.0854166453125	0.00287958985944	0.000286248113214	0	1510747703.2219107	82.3908045977	0.448095238095
191.5	0.0854166453125	0.00280862455207	0.000228623262214	0	1510747703.9878542	81.4545454545	0.454505494505
191.0	0.0854166453125	0.00280862455207	0.000228623262214	0	1510747704.7441752	81.4545454545	0.454505494505
191.0	0.087499978125	0.00347327422129	0.000232242556342	0	1510747705.2255702	82.3908045977	0.439047619048
191.0	0.0854166453125	0.00345484842707	0.00022955983252	0	1510747706.0020502	81.92	0.445695970696
191.0	0.0854166453125	0.00329598321856	0.000282184795474	0	1510747706.77036	81.92	0.445695970696
190.5	0.0854166453125	0.00333390198615	0.000240200291693	0	1510747707.2291048	82.3908045977	0.448076923077
190.5	0.0854166453125	0.00333390198615	0.000240200291693	0	1510747707.9971719	82.3908045977	0.448076923077
190.5	0.0854166453125	0.00348288057532	0.000262061049411	0	1510747708.7606905	81.92	0.439743589744
190.0	0.0895833109375	0.00425541463729	0.000280639589254	0	1510747709.2329562	81.4545454545	0.448791208791
190.0	0.0895833109375	0.00425541463729	0.000280639589254	0	1510747709.9998279	81.4545454545	0.448791208791
190.0	0.09166664375	0.00359932569949	0.000305634310655	0	1510747710.7556984	82.8670520231	0.430289065773
190.0	0.0854166453125	0.00422689233574	0.000295401348906	0	1510747711.224102	81.4545454545	0.448791208791
189.5	0.0854166453125	0.00422689233574	0.000295401348906	0	1510747711.982049	81.4545454545	0.448791208791
189.5	0.0854166453125	0.00394013163367	0.000252542367832	0	1510747712.759358	81.92	0.455592555593
189.0	0.087499978125	0.00407019453379	0.000228545376742	0	1510747713.2272866	81.92	0.445457875458
189.0	0.087499978125	0.00407019453379	0.000228545376742	0	1510747713.9972627	81.92	0.445457875458
189.0	0.0854166453125	0.00441064515584	0.000231877890105	0	1510747714.7640815	81.4545454545	0.46021978022
189.0	0.0895833109375	0.0047873960201	0.000369428235898	0	1510747715.2319968	81.4545454545	0.454487179487
188.5	0.0895833109375	0.0047873960201	0.000369428235898	0	1510747716.0019057	81.4545454545	0.454487179487
188.5	0.0854166453125	0.00467894386572	0.000240830029159	0	1510747716.7687316	81.92	0.445457875458
188.5	0.0854166453125	0.00438577353128	0.00033042706332	0	1510747717.2336555	81.4545454545	0.448992673993
188.5	0.0895833109375	0.00542434945811	0.000223452639292	0	1510747717.9942403	81.4545454545	0.448772893773
188.0	0.0895833109375	0.00496136948464	0.000280354419026	0	1510747718.763129	81.4545454545	0.448791208791
188.0	0.087499978125	0.00497988625991	0.000322377087864	0	1510747719.2275276	81.92	0.439743589744
188.0	0.0854166453125	6.20748144133e-05	0.00246745148245	0	1510747719.9832273	80.5393258427	0.443455433455
187.5	0.0854166453125	0.00562414825383	0.000232024796132	0	1510747720.7542934	80.5393258427	0.443455433455
187.5	0.087499978125	0.00566654124209	0.000320103007111	0	1510747721.222028	79.6444444444	0.44989010989
187.5	0.087499978125	0.00566654124209	0.000320103007111	0	1510747721.9858048	79.6444444444	0.44989010989
187.0	0.0854166453125	0.00652994030883	0.000309641523291	0	1510747722.746525	81.92	0.451122790253
187.0	0.0854166453125	0.00565335102717	0.000222720607237	0	1510747723.2267253	81.4545454545	0.443076923077
187.0	0.0854166453125	0.00565335102717	0.000222720607237	0	1510747723.9916735	81.4545454545	0.443076923077
186.5	0.0833333125	0.00626776159095	0.000290443792686	0	1510747724.749521	81.92	0.44
186.5	0.0833333125	0.00602258834276	0.00025801995519	0	1510747725.229018	81.92	0.44
186.5	0.0833333125	0.00602258834276	0.00025801995519	0	1510747726.0004067	81.92	0.44
186.5	0.0895833109375	0.00632700664089	0.00026004524563	0	1510747726.761325	81.4545454545	0.454249084249
186.0	0.09166664375	0.00687733066523	0.00036099016139	0	1510747727.2221751	81.4545454545	0.44304029304
186.0	0.0833333125	0.00795902283294	0.000210704783001	0	1510747727.9860127	81.92	0.44543956044
186.0	0.0833333125	0.00724663710707	0.000303447766224	0	1510747728.7575977	82.3908045977	0.436666666667

#$Filter:op06
#$	0	1	 1
#$	1	op06	0.251188643150958
#$	2	op09*op09	0.015848931924611138
#$	3	op18*op18*op18	3.9810717055349725e-06
#$	4	ns12	1e-7
#$	5	0	 1e-22
#$POWER:20.4, mW
#$WAVELENGTH:1064,nm
#$OBJECT:ZnO_1_peak, bscat	=
angle	ref	signal	signal_std	filter	Time	freq	duty_cycle
185.5	0.087499978125	0.00104464259598	0.000300184608136	1	1510747748.734006	81.4545454545	0.460183150183
185.5	0.0895833109375	0.00118537552065	0.000237312635631	1	1510747749.7323942	81.92	0.451391941392
185.0	0.0895833109375	0.00138549986468	0.000306081368706	1	1510747750.7304666	82.3908045977	0.454029304029
185.0	0.087499978125	0.00144337726639	0.000242384690597	1	1510747751.7259724	81.92	0.451428571429
184.5	0.087499978125	0.00158834462269	0.000286702941998	1	1510747752.7218418	81.92	0.45163003663
184.5	0.0833333125	0.00154235882614	0.000327685525949	1	1510747753.7348104	81.92	0.462820512821
184.0	0.0833333125	0.00180510891604	0.000272859901481	1	1510747754.7255335	81.92	0.445695970696
184.0	0.0854166453125	0.00195445126577	0.000233248066011	1	1510747755.7224925	82.3908045977	0.442619047619
184.0	0.087499978125	0.0017195501563	0.000258142249511	1	1510747756.7256224	81.92	0.434249084249
183.5	0.0937499765625	0.00164085609565	0.000383008412409	1	1510747757.7364855	82.3908045977	0.448333333333
183.5	0.0854166453125	0.0018067598439	0.00028311626493	1	1510747758.7323558	82.3908045977	0.454047619048
183.0	0.0854166453125	0.0024969595981	0.000313702210194	1	1510747759.7301967	82.3908045977	0.448333333333
183.0	0.0854166453125	0.00265229355571	0.000277421649184	1	1510747760.7261307	82.3908045977	0.442619047619

#$Filter:op06
#$	0	1	 1
#$	1	op06	0.251188643150958
#$	2	op09*op09	0.015848931924611138
#$	3	op18*op18*op18	3.9810717055349725e-06
#$	4	ns12	1e-7
#$	5	0	 1e-22
#$POWER:20.4, mW
#$WAVELENGTH:1064,nm
#$OBJECT:ZnO_1_peak, bscat	=
angle	ref	signal	signal_std	filter	Time	freq	duty_cycle
183.0	0.0854166453125	0.00275909369045	0.000293754065187	1	1510747792.2342222	80.5393258427	0.449230769231
182.5	0.0854166453125	0.00358322827086	0.000269020791085	1	1510747793.0041156	82.3908045977	0.440959040959
182.5	0.0895833109375	0.00356835198098	0.000233824925347	1	1510747793.7709846	81.4545454545	0.431831501832
182.5	0.0895833109375	0.00385584241608	0.000229972064829	1	1510747794.2290423	81.4545454545	0.437326007326
182.0	0.0895833109375	0.00385584241608	0.000229972064829	1	1510747795.0018275	81.4545454545	0.437326007326
182.0	0.09166664375	0.00365537543024	0.000228217675239	1	1510747795.7606497	81.4545454545	0.442820512821
182.0	0.0854166453125	0.00400714386164	0.000404035987911	1	1510747796.2295957	81.92	0.445347454478
181.5	0.0854166453125	0.00548940834987	0.000339673725384	1	1510747796.9906554	81.92	0.445714285714
181.5	0.0833333125	0.00669084884275	0.000216675400959	1	1510747797.766382	81.4545454545	0.448791208791
181.5	0.0833333125	0.00682491057447	0.000251351837449	1	1510747798.2341845	81.92	0.44

#$Filter:op06
#$	0	1	 1
#$	1	op06	0.251188643150958
#$	2	op09*op09	0.015848931924611138
#$	3	op18*op18*op18	3.9810717055349725e-06
#$	4	ns12	1e-7
#$	5	0	 1e-22
#$POWER:20.4, mW
#$WAVELENGTH:1064,nm
#$OBJECT:ZnO_1_peak, bscat	=
angle	ref	signal	signal_std	filter	Time	freq	duty_cycle
181.0	0.09166664375	0.007149273575	0.000359512263101	1	1510747838.726023	82.8670520231	0.431215451215
181.0	0.087499978125	0.00755211438859	0.00024136758899	1	1510747839.7219708	81.92	0.451122790253
181.0	0.0895833109375	0.00755770904471	0.000209504302832	1	1510747840.7298307	81.4545454545	0.443278388278
181.0	0.0895833109375	0.00749906727417	0.000189239567846	1	1510747841.7267833	81.4545454545	0.442274247492
181.0	0.0895833109375	0.00685797786961	0.00141149025411	1	1510747842.7237253	80.9943502825	0.445897435897
181.0	0.09166664375	0.00756105865127	0.000202271412669	1	1510747843.725264	81.4545454545	0.442820512821
181.0	0.09166664375	0.00747631350831	0.000691552204046	1	1510747844.734331	80.9943502825	0.446355311355
181.0	0.09166664375	0.00755716340628	0.00021079509828	1	1510747845.7350492	81.4545454545	0.435904095904
181.0	0.09166664375	0.00757673077908	0.000196812829376	1	1510747846.7298992	81.4545454545	0.441398601399

#$Filter:op06
#$	0	1	 1
#$	1	op06	0.251188643150958
#$	2	op09*op09	0.015848931924611138
#$	3	op18*op18*op18	3.9810717055349725e-06
#$	4	ns12	1e-7
#$	5	0	 1e-22
#$POWER:20.4, mW
#$WAVELENGTH:1064,nm
#$OBJECT:ZnO_1_peak, bscat	=
angle	ref	signal	signal_std	filter	Time	freq	duty_cycle
181.0	0.087499978125	0.00785223171392	0.000207301125357	1	1510747875.1676414	79.2774193548	0.445128205128
180.5	0.0895833109375	0.00994047370536	0.000394011222524	1	1510747875.6605368	79.2774193548	0.445128205128
180.0	0.0895833109375	0.0111067596651	0.000271252104612	1	1510747876.4244215	79.2774193548	0.445128205128
179.5	0.0895833109375	0.0211272140767	0.000586847279382	1	1510747877.194322	79.2774193548	0.438689458689
179.5	0.087499978125	0.0461383046166	0.0	1	1510747877.6642754	79.2044198895	0.447472527473

#$Filter:op09*op09
#$	0	1	 1
#$	1	op06	0.251188643150958
#$	2	op09*op09	0.015848931924611138
#$	3	op18*op18*op18	3.9810717055349725e-06
#$	4	ns12	1e-7
#$	5	0	 1e-22
#$POWER:20.4, mW
#$WAVELENGTH:1064,nm
#$OBJECT:ZnO_1_peak, bscat	=
angle	ref	signal	signal_std	filter	Time	freq	duty_cycle
178.5	0.095833309375	0.0995480850786	0.000761775919993	2	1510747903.1263645	77.2830188679	0.459164292498
178.5	0.0937499765625	0.00474595969786	0.000962719942168	2	1510747903.5832803	77.7721518987	0.455603038936
178.0	0.0937499765625	0.000645758653072	0.000666608787452	2	1510747904.3401878	77.2830188679	0.452991452991
177.5	0.0937499765625	0.000247651081878	0.000297554378754	2	1510747905.1150634	77.2830188679	0.452991452991

#$Filter:op09*op09
#$	0	1	 1
#$	1	op06	0.251188643150958
#$	2	op09*op09	0.015848931924611138
#$	3	op18*op18*op18	3.9810717055349725e-06
#$	4	ns12	1e-7
#$	5	0	 1e-22
#$POWER:20.4, mW
#$WAVELENGTH:1064,nm
#$OBJECT:ZnO_1_peak, bscat	=
angle	ref	signal	signal_std	filter	Time	freq	duty_cycle
180.5	0.095833309375	0.000293726667663	0.000369567880116	2	1510747944.6927276	77.7721518987	0.44301994302
180.5	0.0895833109375	0.000537809230677	0.000416645305629	2	1510747945.464058	78.7692307692	0.44474969475
180.5	0.0937499765625	0.000289930483073	0.000423037843234	2	1510747946.2218754	77.7721518987	0.45584045584
180.5	0.095833309375	0.000447314230575	0.000423037843234	2	1510747946.6886327	78.2675159236	0.452279202279
180.5	0.095833309375	0.000447314230575	0.000423037843234	2	1510747947.447778	78.2675159236	0.452279202279
180.5	0.0937499765625	0.000342971348965	0.000470975021453	2	1510747948.2115252	77.7721518987	0.449164292498
180.5	0.087499978125	0.000315656486742	0.000619273370837	2	1510747948.6930842	78.7692307692	0.438797313797
180.5	0.087499978125	0.000315656486742	0.000619273370837	2	1510747949.4582493	78.7692307692	0.438797313797
180.0	0.0937499765625	0.000449024710439	0.000546939698338	2	1510747950.222169	78.2675159236	0.439458689459
180.0	0.0895833109375	0.000590997548511	0.000299082857181	2	1510747950.6862066	78.7692307692	0.448689458689
180.0	0.0895833109375	0.000590997548511	0.000299082857181	2	1510747951.4489515	78.7692307692	0.448689458689
180.0	0.09166664375	0.000548453145715	0.000297554378754	2	1510747952.2198734	78.2675159236	0.452279202279
180.0	0.0937499765625	0.000570478580785	0.000509269610851	2	1510747952.6885042	77.7721518987	0.44301994302
180.0	0.087499978125	0.000960796449611	0.000919783258693	2	1510747953.457226	79.6444444444	0.437357328662
179.5	0.09166664375	0.00181272984727	0.00100273543093	2	1510747954.2231038	77.7721518987	0.455603038936
179.5	0.09166664375	0.00261043841549	0.000521525260605	2	1510747954.6915443	77.7721518987	0.44301994302
179.5	0.09166664375	0.00261043841549	0.000521525260605	2	1510747955.4593406	77.7721518987	0.44301994302
179.5	0.0937499765625	0.0105317471566	0.000850240153072	2	1510747956.214345	77.7721518987	0.44943019943
179.5	0.087499978125	0.0513270331381	0.00115030698252	2	1510747956.69619	78.7692307692	0.450244200244
179.0	0.0979166421875	0.0863300109731	0.000917390150624	2	1510747957.4670594	77.2830188679	0.446581196581
179.0	0.0937499765625	0.0988183767695	0.000642348099439	2	1510747958.2450337	78.2675159236	0.444110209852
179.0	0.095833309375	0.101117320782	0.000670206270603	2	1510747958.688963	77.9130434783	0.45115995116
179.0	0.095833309375	0.101117320782	0.000670206270603	2	1510747959.455916	77.9130434783	0.45115995116
179.0	0.095833309375	0.0922074422259	0.000889227262439	2	1510747960.2223172	77.7721518987	0.449605209605
179.0	0.09166664375	0.0735180228576	0.000891258107136	2	1510747960.6916013	78.2675159236	0.458689458689
178.5	0.0937499765625	0.040342214241	0.00120202942381	2	1510747961.4481199	77.9130434783	0.456654456654
178.5	0.0937499765625	0.040342214241	0.00120202942381	2	1510747962.2124078	77.9130434783	0.456654456654
178.5	0.09166664375	0.00230917578142	0.000549634456963	2	1510747962.6943512	78.7692307692	0.441951566952
178.5	0.0895833109375	0.00104889867879	0.000987038008659	2	1510747963.464189	77.7721518987	0.44943019943

#$Filter:op06
#$	0	1	 1
#$	1	op06	0.251188643150958
#$	2	op09*op09	0.015848931924611138
#$	3	op18*op18*op18	3.9810717055349725e-06
#$	4	ns12	1e-7
#$	5	0	 1e-22
#$POWER:20.4, mW
#$WAVELENGTH:1064,nm
#$OBJECT:ZnO_1_peak, bscat	=
angle	ref	signal	signal_std	filter	Time	freq	duty_cycle
178.0	0.0937499765625	0.0222468402166	0.000194829601357	1	1510747989.1202338	77.2830188679	0.452991452991
178.0	0.0937499765625	0.020062811833	0.000267360179201	1	1510747990.1170504	77.2830188679	0.452991452991
178.0	0.095833309375	0.018528970688	0.000362838952241	1	1510747991.1139307	76.8	0.462488129155
178.0	0.09166664375	0.0159498785697	0.000233882123382	1	1510747992.121876	77.0752688172	0.45177045177
177.5	0.087499978125	0.0144685337978	0.000411696488965	1	1510747993.1247025	79.6444444444	0.428693528694
177.5	0.0895833109375	0.0126176949665	0.000344799404242	1	1510747994.1205842	77.0752688172	0.451566951567
177.0	0.09166664375	0.0114716283378	0.000339493782837	1	1510747995.1099038	78.2675159236	0.434821245166
177.0	0.095833309375	0.0102837699469	0.000297483147105	1	1510747996.1290061	76.8	0.450142450142
177.0	0.09166664375	0.00858420783745	0.000357381661527	1	1510747997.125114	76.8	0.450142450142
177.0	0.0937499765625	0.00741970300618	0.00047078999492	1	1510747998.1200347	76.3229813665	0.447293447293
176.5	0.0937499765625	0.00688882926615	0.000383151031169	1	1510747999.1164136	77.2830188679	0.446581196581
176.5	0.0937499765625	0.00804579262219	0.000282682088002	1	1510748000.1324978	77.7721518987	0.44881969882
176.5	0.087499978125	0.0081608012244	0.000291510301914	1	1510748001.1284137	79.6444444444	0.441188441188
176.0	0.0937499765625	0.00803502805997	0.000347340943369	1	1510748002.117193	77.2830188679	0.459164292498
176.0	0.095833309375	0.00667951393793	0.000394344652056	1	1510748003.1162336	77.2830188679	0.446581196581
176.0	0.09166664375	0.00484952880581	0.000373192460464	1	1510748004.1168199	77.0752688172	0.457061457061
176.0	0.0895833109375	0.00357043622923	0.000280254844528	1	1510748005.1257622	79.2044198895	0.445313945314
175.5	0.0937499765625	0.00281896407189	0.000248788793246	1	1510748006.1245782	76.8	0.456315289649
175.5	0.0895833109375	0.0025461871867	0.000451358116834	1	1510748007.12117	82.8670520231	0.427935027935

#$Filter:1
#$	0	1	 1
#$	1	op06	0.251188643150958
#$	2	op09*op09	0.015848931924611138
#$	3	op18*op18*op18	3.9810717055349725e-06
#$	4	ns12	1e-7
#$	5	0	 1e-22
#$POWER:20.4, mW
#$WAVELENGTH:1064,nm
#$OBJECT:ZnO_1_peak, bscat	=
angle	ref	signal	signal_std	filter	Time	freq	duty_cycle
175.5	0.0895833109375	0.0187673121307	0.000223503179377	0	1510748016.6360893	78.2675159236	0.44584045584
175.0	0.0895833109375	0.0197289254801	0.000226484931806	0	1510748017.4008372	78.2675159236	0.452250712251
175.0	0.087499978125	0.0190686580515	0.000488131409719	0	1510748018.1589055	78.7692307692	0.461538461538
175.0	0.087499978125	0.0169705256616	0.000357376364123	0	1510748018.6387093	78.7692307692	0.434472934473
175.0	0.0854166453125	0.0169670716511	0.00035366597553	0	1510748019.4054952	79.2774193548	0.437293447293
175.0	0.0854166453125	0.0157639923141	0.000222984492721	0	1510748020.1855874	78.7692307692	0.461538461538
175.0	0.087499978125	0.0160212263394	0.000279494167768	0	1510748020.6323185	78.7692307692	0.461538461538
174.5	0.087499978125	0.0160212263394	0.000279494167768	0	1510748021.4093323	78.7692307692	0.461538461538
174.5	0.0854166453125	0.015225690638	0.000374032279088	0	1510748022.1913059	79.2044198895	0.458461538462
174.5	0.0895833109375	0.0131549339439	0.000376821207328	0	1510748022.641106	79.7922077922	0.447692307692
174.5	0.09166664375	0.0105173679787	0.000252634231558	0	1510748023.4150956	79.2774193548	0.457383665717
174.5	0.09166664375	0.0117020172765	0.000527565999879	0	1510748024.1855688	77.7721518987	0.44301994302
174.0	0.087499978125	0.0129878794061	0.000273953643978	0	1510748024.6348183	78.2675159236	0.44584045584
174.0	0.087499978125	0.0129878794061	0.000273953643978	0	1510748025.4166138	78.2675159236	0.44584045584
174.0	0.095833309375	0.0137199405753	0.000479922778515	0	1510748026.2122273	77.9130434783	0.440146520147
174.0	0.09166664375	0.0125687468578	0.0003091560085	0	1510748026.6334546	77.9130434783	0.456654456654
173.5	0.095833309375	0.0114504028205	0.00135236885881	0	1510748027.3985772	78.2675159236	0.452279202279
173.5	0.0937499765625	0.00918384650129	0.000314645855091	0	1510748028.176337	79.2044198895	0.435958485958
173.5	0.0895833109375	0.00519191696417	0.00432606735902	0	1510748028.6353219	77.7721518987	0.45584045584
173.5	0.0895833109375	0.0104875841654	0.000274477408985	0	1510748029.4038053	77.7721518987	0.45584045584
173.0	0.0895833109375	0.0126660025922	0.000229822820801	0	1510748030.1691349	79.2044198895	0.446621011838
173.0	0.09166664375	0.0111652749865	0.000342414548482	0	1510748030.6294696	78.2675159236	0.452279202279
172.5	0.09166664375	0.0111652749865	0.000342414548482	0	1510748031.3938015	78.2675159236	0.452279202279
172.5	0.095833309375	0.00737397558084	0.000222085029374	0	1510748032.1636984	77.4918918919	0.448717948718
172.5	0.0937499765625	0.00706059837381	0.000325020338588	0	1510748032.6331723	77.7721518987	0.45584045584
172.0	0.0937499765625	0.00776488652679	0.000272159921658	0	1510748033.4115515	77.7721518987	0.44943019943
172.0	0.0937499765625	0.00955361603265	0.000519861613854	0	1510748034.1689298	77.7721518987	0.44943019943
172.0	0.0895833109375	0.00840205975515	0.000331549930307	0	1510748034.6359076	78.7692307692	0.436174936175
172.0	0.0895833109375	0.00840205975515	0.000331549930307	0	1510748035.4020362	78.7692307692	0.436174936175
171.5	0.095833309375	0.00678508602303	0.000233467618299	0	1510748036.1601486	77.7721518987	0.44301994302
171.5	0.0937499765625	0.00635409931636	0.000375972945537	0	1510748036.6299837	77.7721518987	0.45584045584
171.5	0.095833309375	0.00647746060054	0.000377766197727	0	1510748037.3854384	77.2830188679	0.452991452991
171.0	0.095833309375	0.00647746060054	0.000377766197727	0	1510748038.149896	77.2830188679	0.452991452991
171.0	0.09166664375	0.00670112416647	0.000307613504151	0	1510748038.6325207	79.2044198895	0.440226440226
171.0	0.0937499765625	0.00328891672201	0.00285393116383	0	1510748039.3965166	77.4918918919	0.443223443223
170.5	0.0937499765625	0.00672836353032	0.00042305433263	0	1510748040.177476	77.4918918919	0.443223443223
170.5	0.0937499765625	0.00684107156115	0.000283344804275	0	1510748040.6364973	77.4918918919	0.448717948718
170.5	0.0895833109375	0.00649634066478	0.000296649928981	0	1510748041.4022422	78.7692307692	0.437967829272
170.0	0.0895833109375	0.00623188442559	0.00038065364849	0	1510748042.1702704	78.7692307692	0.426978818283
170.0	0.09166664375	0.00549528204627	0.000316225236289	0	1510748042.638048	76.6631016043	0.464997964998
170.0	0.09166664375	0.00549528204627	0.000316225236289	0	1510748043.3980825	76.6631016043	0.464997964998
169.5	0.095833309375	0.00460537057004	0.000337106331579	0	1510748044.1628602	77.7721518987	0.448907882241
