
#$Filter:op06
#$	0	1	 1
#$	1	op06	0.251188643150958
#$	2	op09	0.02848931924611138
#$	3	op18*op18*op18	3.9810717055349725e-06
#$	4	ns12	1e-7
#$	5	0	 1e-22
#$POWER:46.5, mW
#$WAVELENGTH:532,nm
#$OBJECT:ZnO1, bscat, on wires	=	=	=	=	=	=	=	=	=	=	=
angle	ref	signal	signal_std	filter	Time	freq	duty_cycle
278.5	0.179166621875	0.262455355726	0.0541552819552	1	1510582281.6580687	49.9512195122	0.512195121951
278.5	0.179166621875	0.266340820228	0.0564226752773	1	1510582282.4013016	50.2576687117	0.515396341463
278.5	0.1833332875	0.26668169922	0.0513490734704	1	1510582283.1601856	49.9512195122	0.512195121951
278.0	0.179166621875	0.226900000549	0.0811019341163	1	1510582283.6535685	49.9512195122	0.518292682927

#$Filter:op06
#$	0	1	 1
#$	1	op06	0.251188643150958
#$	2	op09	0.02848931924611138
#$	3	op18*op18*op18	3.9810717055349725e-06
#$	4	ns12	1e-7
#$	5	0	 1e-22
#$POWER:46.5, mW
#$WAVELENGTH:532,nm
#$OBJECT:ZnO1, bscat, on wires	=	=	=	=	=	=	=	=	=	=	=
angle	ref	signal	signal_std	filter	Time	freq	duty_cycle
277.5	0.179166621875	0.241331960664	0.068136764163	1	1510582295.1368258	49.9512195122	0.536585365854
277.5	0.1833332875	0.259113122098	0.0688107942249	1	1510582295.5577505	49.6484848485	0.533391405343
277.0	0.179166621875	0.262945112335	0.0551034437109	1	1510582296.3239987	49.9512195122	0.512195121951
276.5	0.179166621875	0.268847594669	0.0587798577594	1	1510582297.15283	49.9512195122	0.512195121951
276.5	0.181249954688	0.271191688474	0.0738512402358	1	1510582297.568851	50.2576687117	0.521493902439
276.0	0.181249954688	0.282477465613	0.0674364058745	1	1510582298.364635	49.9512195122	0.524390243902
276.0	0.1833332875	0.280280720793	0.0640580864438	1	1510582299.1577446	49.9512195122	0.512195121951
275.5	0.181249954688	0.234295474072	0.0900578292624	1	1510582299.5755897	49.6484848485	0.527293844367
275.0	0.179166621875	0.301630576853	0.0725546791939	1	1510582300.3671	49.6484848485	0.515098722416
275.0	0.181249954688	0.312381688286	0.0784534829865	1	1510582301.1614733	49.9512195122	0.528455284553
274.5	0.181249954688	0.303642374232	0.0789290577431	1	1510582301.581423	49.5483870968	0.516066589237
274.5	0.181249954688	0.32271149839	0.0793699658246	1	1510582302.3732638	49.5483870968	0.532326751839
274.0	0.1833332875	0.318103909078	0.087675986722	1	1510582303.1759403	49.9512195122	0.512195121951
274.0	0.179166621875	0.313370269797	0.0904356704723	1	1510582303.6089692	49.6484848485	0.521196283391
273.5	0.179166621875	0.322325417994	0.107854440632	1	1510582304.4009666	49.5483870968	0.524196670538
273.0	0.1833332875	0.348288374466	0.0894867897648	1	1510582305.1927178	49.5483870968	0.524196670538
272.5	0.181249954688	0.378604606204	0.0975019212998	1	1510582306.1377156	49.5483870968	0.524196670538
272.0	0.1833332875	0.36915023451	0.0921901815103	1	1510582306.5715263	49.5483870968	0.524196670538
271.5	0.181249954688	0.402096765573	0.110466728456	1	1510582307.3629677	49.5483870968	0.524196670538
271.0	0.181249954688	0.412466369519	0.107266708226	1	1510582308.1559644	49.5483870968	0.516066589237
271.0	0.181249954688	0.421805521439	0.107172188291	1	1510582308.589193	49.9512195122	0.528455284553
270.5	0.181249954688	0.420186750623	0.117824888226	1	1510582309.3681018	49.9512195122	0.536585365854
270.0	0.181249954688	0.445348891512	0.111149337386	1	1510582310.149544	49.5483870968	0.524196670538
269.5	0.181249954688	0.462075758309	0.12446931088	1	1510582310.5779698	49.5483870968	0.532326751839
269.0	0.181249954688	0.468053541801	0.125106030874	1	1510582311.3727827	49.5483870968	0.524196670538
268.5	0.181249954688	0.509852680122	0.125443527784	1	1510582312.1616933	49.5483870968	0.524196670538
268.5	0.181249954688	0.509638264179	0.165924329455	1	1510582312.584566	49.5483870968	0.532326751839
268.0	0.179166621875	0.53081686076	0.13366712116	1	1510582313.3534787	49.5483870968	0.524196670538
267.5	0.1833332875	0.563598783648	0.154256969572	1	1510582314.140516	49.9512195122	0.528455284553
267.5	0.1833332875	0.543923563934	0.141794802601	1	1510582314.5648632	49.5483870968	0.532326751839
266.5	0.181249954688	0.611913032586	0.154738121899	1	1510582315.330206	49.5483870968	0.524196670538
266.0	0.179166621875	0.6313994148	0.169963245239	1	1510582316.144065	49.5483870968	0.524196670538
266.0	0.181249954688	0.623882426253	0.162696730721	1	1510582316.5675595	49.5483870968	0.524196670538
265.5	0.179166621875	0.689669389838	0.1729709064	1	1510582317.3328826	49.5483870968	0.524196670538
265.0	0.181249954688	0.752333515114	0.204462844286	1	1510582318.135507	49.5483870968	0.532326751839
265.0	0.181249954688	0.791860415846	0.253164885059	1	1510582318.5736783	49.5483870968	0.524196670538
264.5	0.181249954688	0.748492080918	0.186399967557	1	1510582319.353574	49.6484848485	0.527293844367
264.0	0.1833332875	0.845472881139	0.199352436242	1	1510582320.142505	49.6484848485	0.515098722416
263.5	0.1833332875	0.892166643705	0.221762126872	1	1510582320.565041	49.6484848485	0.527293844367
263.0	0.181249954688	0.972568784469	0.200512464149	1	1510582321.3584688	49.9512195122	0.512195121951
262.5	0.181249954688	1.05806619554	0.208928871255	1	1510582322.138113	49.9512195122	0.512195121951
262.5	0.181249954688	0.95493792635	0.323024901944	1	1510582322.5678167	49.9512195122	0.518292682927
262.0	0.179166621875	1.11594779805	0.268106562092	1	1510582323.3341517	49.6484848485	0.521203542393
261.5	0.181249954688	1.28375863963	0.337664948642	1	1510582324.135986	49.9512195122	0.536585365854
261.0	0.181249954688	1.23732930121	0.31532269696	1	1510582324.5608065	49.9512195122	0.512195121951
260.5	0.366666575	0.0907218984276	1.83807675703	1	1510582325.4116693	49.9512195122	0.853658536585
260.0	0.181249954688	1.56934361593	0.356772571503	1	1510582326.1935341	49.9512195122	0.518292682927
259.5	0.179166621875	1.7940755516	0.380870045843	1	1510582327.1306047	49.9512195122	0.512195121951
259.5	0.181249954688	1.36252206463	0.748933230607	1	1510582327.573284	49.5483870968	0.516066589237
259.0	0.1833332875	2.30480355485	0.577909238064	1	1510582328.3371937	49.5483870968	0.524196670538
258.5	0.181249954688	2.63216849108	0.687427008365	1	1510582329.1327956	49.5483870968	0.516066589237
258.0	0.179166621875	3.02640771918	0.934973639181	1	1510582329.5640252	49.5483870968	0.532326751839
257.5	0.368749907812	3.43719479288	3.25656428151	1	1510582330.417035	49.5483870968	0.685443283004
257.0	0.181249954688	7.29278154997	1.75169695459	1	1510582331.276665	49.5483870968	0.532326751839
256.5	0.181249954688	4.72833927376	7.06558747719	1	1510582332.1337316	49.5483870968	0.524196670538

#$Filter:op09
#$	0	1	 1
#$	1	op06	0.251188643150958
#$	2	op09	0.02848931924611138
#$	3	op18*op18*op18	3.9810717055349725e-06
#$	4	ns12	1e-7
#$	5	0	 1e-22
#$POWER:46.5, mW
#$WAVELENGTH:532,nm
#$OBJECT:ZnO1, bscat, on wires	=	=	=	=	=	=	=	=	=	=	=
angle	ref	signal	signal_std	filter	Time	freq	duty_cycle
256.0	0.366666575	0.318212286038	0.492356011146	2	1510582342.2121038	49.3493975904	0.75900116144
255.5	0.181249954688	2.993994978	0.798141796004	2	1510582343.1466696	49.9512195122	0.528455284553
255.0	0.181249954688	3.37566256988	1.61323124115	2	1510582343.5810323	49.6484848485	0.515098722416
254.5	0.366666575	3.72853576106	7.32024629596	2	1510582344.4529011	49.9512195122	0.80487804878
254.0	0.1833332875	11.5624720994	2.91570177934	2	1510582345.3108017	49.9512195122	0.518292682927

#$Filter:op09
#$	0	1	 1
#$	1	op06	0.251188643150958
#$	2	op09	0.02848931924611138
#$	3	op18*op18*op18	3.9810717055349725e-06
#$	4	ns12	1e-7
#$	5	0	 1e-22
#$POWER:46.5, mW
#$WAVELENGTH:532,nm
#$OBJECT:ZnO1, bscat, on wires	=	=	=	=	=	=	=	=	=	=	=
angle	ref	signal	signal_std	filter	Time	freq	duty_cycle
256.5	0.1833332875	1.54732261323	0.383796199574	2	1510582378.1417646	49.3493975904	0.548199767712
256.5	0.1833332875	1.6737065026	0.41267247924	2	1510582378.5731332	49.3493975904	0.554297328688
256.5	0.1833332875	1.67245958869	0.394121682211	2	1510582379.3364356	49.6484848485	0.545441347271
256.5	0.1833332875	1.690149478	0.438758282476	2	1510582380.1343188	49.6484848485	0.557636469222
256.5	0.1833332875	1.66034817806	0.464064048291	2	1510582380.577006	49.3493975904	0.548199767712
256.5	0.1833332875	1.68330449534	0.436476963388	2	1510582381.3411398	49.6484848485	0.557636469222
256.5	0.1833332875	1.77049188474	0.451433169013	2	1510582382.137712	49.3493975904	0.554297328688
256.5	0.1833332875	1.76556579792	0.615638519312	2	1510582382.5805302	49.3493975904	0.566202090592
256.0	0.1833332875	2.08500431544	0.575165356669	2	1510582383.335549	49.3493975904	0.56024970964
256.0	0.1833332875	2.4050082186	0.649841006763	2	1510582384.1404197	49.3493975904	0.56024970964
256.0	0.1833332875	2.22384499675	0.979539579303	2	1510582384.5847726	49.3493975904	0.554297328688
256.0	0.1833332875	2.60489775741	0.677076323595	2	1510582385.349528	49.6484848485	0.557636469222
255.5	0.1833332875	2.83143416979	0.689335549278	2	1510582386.1434302	49.6484848485	0.551538908246
255.5	0.1833332875	2.88146980947	0.653075588893	2	1510582386.5760417	49.6484848485	0.545441347271
255.5	0.181249954688	3.47041686471	0.905550754667	2	1510582387.3423982	49.3493975904	0.554297328688
255.5	0.1833332875	4.75110708162	1.22401087497	2	1510582388.1366818	49.3493975904	0.554297328688
255.5	0.181249954688	7.22960132665	1.84698685545	2	1510582388.64211	49.3493975904	0.548199767712

#$Filter:op18*op18*op18
#$	0	1	 1
#$	1	op06	0.251188643150958
#$	2	op09	0.02848931924611138
#$	3	op18*op18*op18	3.9810717055349725e-06
#$	4	ns12	1e-7
#$	5	0	 1e-22
#$POWER:46.5, mW
#$WAVELENGTH:532,nm
#$OBJECT:ZnO1, bscat, on wires	=	=	=	=	=	=	=	=	=	=	=
angle	ref	signal	signal_std	filter	Time	freq	duty_cycle
255.0	0.181249954688	0.00875774574445	0.00383849057326	3	1510582405.6404412	49.9512195122	0.530487804878

#$Filter:op18*op18*op18
#$	0	1	 1
#$	1	op06	0.251188643150958
#$	2	op09	0.02848931924611138
#$	3	op18*op18*op18	3.9810717055349725e-06
#$	4	ns12	1e-7
#$	5	0	 1e-22
#$POWER:46.5, mW
#$WAVELENGTH:532,nm
#$OBJECT:ZnO1, bscat, on wires	=	=	=	=	=	=	=	=	=	=	=
angle	ref	signal	signal_std	filter	Time	freq	duty_cycle
255.0	0.1833332875	0.0104568051089	0.00377576483531	3	1510582409.137986	49.6484848485	0.521196283391
254.5	0.1833332875	0.00918499756149	0.00423237071793	3	1510582410.143477	49.5483870968	0.532326751839

#$Filter:op18*op18*op18
#$	0	1	 1
#$	1	op06	0.251188643150958
#$	2	op09	0.02848931924611138
#$	3	op18*op18*op18	3.9810717055349725e-06
#$	4	ns12	1e-7
#$	5	0	 1e-22
#$POWER:46.5, mW
#$WAVELENGTH:532,nm
#$OBJECT:ZnO1, bscat, on wires	=	=	=	=	=	=	=	=	=	=	=
angle	ref	signal	signal_std	filter	Time	freq	duty_cycle
254.5	0.1833332875	0.00212535468321	0.00186621943677	3	1510582412.1402636	49.6484848485	0.557636469222
254.0	0.1833332875	0.000485489999561	0.00146655067314	3	1510582413.2002842	49.3493975904	0.548199767712

#$Filter:op09
#$	0	1	 1
#$	1	op06	0.251188643150958
#$	2	op09	0.02848931924611138
#$	3	op18*op18*op18	3.9810717055349725e-06
#$	4	ns12	1e-7
#$	5	0	 1e-22
#$POWER:46.5, mW
#$WAVELENGTH:532,nm
#$OBJECT:ZnO1, bscat, on wires	=	=	=	=	=	=	=	=	=	=	=
angle	ref	signal	signal_std	filter	Time	freq	duty_cycle
254.0	0.1833332875	2.24470505399	0.551101584511	2	1510582426.140024	49.3493975904	0.548199767712
254.0	0.1833332875	1.4918296924	0.37461726346	2	1510582427.1377513	49.3493975904	0.554297328688
253.5	0.0020833328125	0.329205892541	0.319188300708	2	1510582428.216166	nan	nan
253.5	0.187499953125	0.956915788051	0.243624269847	2	1510582429.1295855	49.3493975904	0.554297328688
253.5	0.185416620313	0.799540314511	0.209177537496	2	1510582430.2074158	49.0538922156	0.556910569106
253.0	0.1833332875	0.625860489944	0.159370228293	2	1510582431.145564	49.3493975904	0.554297328688
253.0	0.185416620313	0.538648934986	0.142996168202	2	1510582432.136301	49.0538922156	0.550958188153
253.0	0.187499953125	0.455791659283	0.117478188143	2	1510582433.1373847	49.0538922156	0.550958188153
253.0	0.1833332875	0.452895499613	0.123496864752	2	1510582434.144235	49.3493975904	0.554297328688
252.5	0.1833332875	0.425872318345	0.111901021065	2	1510582435.1389844	49.0538922156	0.550958188153
252.5	0.1833332875	0.414823614243	0.105301430005	2	1510582436.1457214	49.0538922156	0.550958188153
252.0	0.1833332875	0.349340598522	0.0858972347922	2	1510582437.2155604	49.3493975904	0.548199767712
252.0	0.1833332875	0.311578105786	0.0768965271309	2	1510582438.1655111	49.5483870968	0.532326751839
251.5	0.1833332875	0.257058759265	0.0688781571069	2	1510582439.1454308	49.5483870968	0.524196670538
251.0	0.1833332875	0.255637190993	0.0668114203116	2	1510582440.1442406	49.6484848485	0.557636469222
251.0	0.1833332875	0.201039664723	0.050981942731	2	1510582441.1409526	49.6484848485	0.551538908246
250.5	0.1833332875	0.177459461176	0.0466293955586	2	1510582442.149059	49.6484848485	0.557636469222
250.0	0.1833332875	0.161712189175	0.0412675068948	2	1510582443.1459734	49.3493975904	0.554297328688
250.0	0.368749907812	0.0033514484375	0.0343989407344	2	1510582444.224489	nan	nan
249.5	0.1833332875	0.151639987665	0.0410016777185	2	1510582445.1376066	49.3493975904	0.554297328688
249.0	0.1833332875	0.113471909973	0.0293569626234	2	1510582446.1550944	49.3493975904	0.554297328688
248.5	0.1833332875	0.10498031498	0.0277714460536	2	1510582447.1328952	49.6484848485	0.551538908246
248.0	0.1833332875	0.102699985705	0.0285829204423	2	1510582448.1450002	49.5483870968	0.532326751839
248.0	0.1833332875	0.100433958313	0.0272834379824	2	1510582449.143819	49.5483870968	0.524196670538
247.5	0.1833332875	0.0899232511765	0.0254301307136	2	1510582450.1377223	49.5483870968	0.532326751839
247.0	0.1833332875	0.0862329281434	0.0225164123348	2	1510582451.147672	49.6484848485	0.557636469222
246.5	0.366666575	0.0023669043567	0.0195835621241	2	1510582452.2184284	nan	nan
246.0	0.1833332875	0.0772992844547	0.0216558283619	2	1510582453.1412523	49.3493975904	0.554297328688
246.0	0.1833332875	0.0701520142892	0.0184943759554	2	1510582454.138133	49.3493975904	0.554297328688
245.5	0.187499953125	0.076138621204	0.021051982152	2	1510582455.133516	49.3493975904	0.554297328688
245.0	0.1833332875	0.0648378283487	0.018623888637	2	1510582456.140475	49.3493975904	0.554297328688
244.5	0.1833332875	0.0637466095251	0.0181466722902	2	1510582457.1377773	49.3493975904	0.554297328688
244.0	0.1833332875	0.0625143705607	0.017416813435	2	1510582458.1346993	49.3493975904	0.554297328688
243.5	0.1833332875	0.0575509589001	0.016771679756	2	1510582459.1373327	49.6484848485	0.557636469222
243.5	0.1833332875	0.0550443880576	0.0155819600466	2	1510582460.1461918	49.3493975904	0.554297328688
243.0	0.1833332875	0.0558747018597	0.016266901411	2	1510582461.1456003	49.3493975904	0.554297328688
242.5	0.1833332875	0.0578427366323	0.0157282338894	2	1510582462.1499236	49.3493975904	0.548199767712
242.0	0.1833332875	0.0558220350992	0.0156252846413	2	1510582463.145737	49.5483870968	0.524196670538
241.5	0.1833332875	0.0497001951924	0.0150023972757	2	1510582464.1336095	49.6484848485	0.527293844367
241.5	0.1833332875	0.0467282646712	0.0137744078902	2	1510582465.130635	49.9512195122	0.520325203252
241.0	0.1833332875	0.0442437567453	0.0133426075261	2	1510582466.1423151	49.9512195122	0.528455284553
240.5	0.1833332875	0.0465954560876	0.0126602463105	2	1510582467.145819	49.9512195122	0.520325203252
240.0	0.1833332875	0.0424319438801	0.0118257898948	2	1510582468.138179	49.9512195122	0.524390243902
239.5	0.1833332875	0.0391881654731	0.0106987672372	2	1510582469.1375186	49.9512195122	0.518292682927
239.0	0.10833330625	nan	0.00882066031506	2	1510582470.202845	nan	nan
239.0	0.181249954688	0.040500373965	0.0124011348024	2	1510582471.140495	49.5483870968	0.532326751839

#$Filter:op09
#$	0	1	 1
#$	1	op06	0.251188643150958
#$	2	op09	0.02848931924611138
#$	3	op18*op18*op18	3.9810717055349725e-06
#$	4	ns12	1e-7
#$	5	0	 1e-22
#$POWER:46.5, mW
#$WAVELENGTH:532,nm
#$OBJECT:ZnO1, bscat, on wires	=	=	=	=	=	=	=	=	=	=	=
angle	ref	signal	signal_std	filter	Time	freq	duty_cycle
238.5	0.1833332875	0.0389575732938	0.00933711367867	2	1510582474.140741	49.9512195122	0.512195121951
238.0	0.1833332875	0.0422133661516	0.0118981280703	2	1510582475.138106	49.5483870968	0.524196670538
237.5	0.1833332875	0.0377374159706	0.0116915135055	2	1510582476.133972	49.5483870968	0.524196670538
237.5	0.1833332875	0.0349828164402	0.0127975646781	2	1510582476.5642426	49.6484848485	0.551538908246
237.0	0.185416620313	0.0343432707549	0.00948908863483	2	1510582477.3321471	49.3493975904	0.554297328688
237.0	0.181249954688	0.034318832	0.011024006291	2	1510582478.135015	49.3493975904	0.554297328688
236.5	0.185416620313	0.0351724833922	0.0110780556092	2	1510582478.5443842	49.3493975904	0.554297328688
236.5	0.185416620313	0.0330187268085	0.0101818306925	2	1510582479.3372638	49.3493975904	0.56024970964
236.0	0.185416620313	0.0316641012059	0.00973556886194	2	1510582480.1407177	49.3493975904	0.554297328688
235.5	0.1833332875	0.0315379885876	0.0105739754786	2	1510582481.1367047	49.3493975904	0.554297328688
235.5	0.185416620313	0.0321805830319	0.0107253351337	2	1510582481.56762	49.3493975904	0.554297328688
235.0	0.1833332875	0.031053901281	0.00912041463577	2	1510582482.3363829	49.3493975904	0.554297328688
235.0	0.187499953125	0.0312237773603	0.00971842903349	2	1510582483.141676	49.3493975904	0.554297328688
234.5	0.1833332875	0.0286016202537	0.00869607623107	2	1510582484.1387014	49.3493975904	0.548199767712
234.0	0.185416620313	0.0272985686739	0.00828264995972	2	1510582485.1469727	49.152	0.543941153697
233.5	0.185416620313	0.0254673013255	0.00747692101229	2	1510582486.1372576	49.3493975904	0.548199767712
233.0	0.185416620313	0.0278360260049	0.0084374383305	2	1510582487.1450927	49.3493975904	0.554297328688
232.5	0.187499953125	0.0262470060705	0.00900296807573	2	1510582488.134004	49.3493975904	0.56024970964
232.5	0.1833332875	0.0233503270405	0.0105508742463	2	1510582488.5653775	49.3493975904	0.554297328688

#$Filter:op09
#$	0	1	 1
#$	1	op06	0.251188643150958
#$	2	op09	0.02848931924611138
#$	3	op18*op18*op18	3.9810717055349725e-06
#$	4	ns12	1e-7
#$	5	0	 1e-22
#$POWER:46.5, mW
#$WAVELENGTH:532,nm
#$OBJECT:ZnO1, bscat, on wires	=	=	=	=	=	=	=	=	=	=	=
angle	ref	signal	signal_std	filter	Time	freq	duty_cycle
232.0	0.1833332875	0.0204390172033	0.0103687932273	2	1510582523.2205973	49.6484848485	0.551538908246
232.0	0.185416620313	0.0220016410107	0.0100360227645	2	1510582523.7246077	49.3493975904	0.548199767712
231.5	0.1833332875	0.0229015288015	0.00765178771289	2	1510582524.4904752	49.6484848485	0.557636469222
231.0	0.1833332875	0.0233191899645	0.00760574631995	2	1510582525.281318	49.6484848485	0.557636469222
231.0	0.1833332875	0.0221694147722	0.00770510642086	2	1510582525.7262664	49.3493975904	0.548199767712
230.5	0.1833332875	0.0234823091964	0.00728614133588	2	1510582526.505149	49.3493975904	0.548199767712
230.5	0.1833332875	0.0226641034559	0.00749693441803	2	1510582527.3008683	49.6484848485	0.557636469222
230.0	0.181249954688	0.0186178486357	0.00965026388952	2	1510582527.7211323	49.3493975904	0.554297328688
230.0	0.185416620313	0.0242938984449	0.0082356446623	2	1510582528.5259657	49.3493975904	0.554297328688
229.5	0.1833332875	0.0194411005674	0.00849259692575	2	1510582529.3107316	49.3493975904	0.554297328688
229.5	0.181249954688	0.0210615889375	0.00656356791268	2	1510582529.7817075	49.3493975904	0.554297328688
228.5	0.1833332875	0.0210387841691	0.00657172306505	2	1510582530.5525455	49.3493975904	0.554297328688
228.5	0.1833332875	0.0213991496519	0.007439874043	2	1510582531.3432527	49.5483870968	0.524196670538
228.0	0.1833332875	0.0175692617151	0.00745275840996	2	1510582532.2202263	49.9512195122	0.528455284553
227.5	0.1833332875	0.0183116363156	0.00939128751201	2	1510582532.723303	49.6484848485	0.527293844367
227.0	0.181249954688	0.0210598498075	0.00661417839978	2	1510582533.5261002	49.9512195122	0.530495063879
226.5	0.1833332875	0.0218435715522	0.00710735352212	2	1510582534.3199296	49.5483870968	0.532326751839
226.5	0.1833332875	0.0178119427022	0.00621337545886	2	1510582534.751971	49.9512195122	0.520325203252
226.0	0.366666575	0.00552492180074	0.00448112240262	2	1510582535.5819185	49.9512195122	0.560975609756
225.5	0.181249954688	0.0173998015172	0.00550776032531	2	1510582536.3826637	49.9512195122	0.512195121951
225.0	0.1833332875	0.0178489753931	0.00674168386435	2	1510582537.222452	49.6484848485	0.527293844367
224.5	0.181249954688	0.0171026091707	0.00571682306004	2	1510582537.7255054	49.9512195122	0.536585365854
224.5	0.181249954688	0.0187793728878	0.00549188418487	2	1510582538.5203598	49.9512195122	0.512195121951
224.0	0.181249954688	0.0172117122213	0.00662024323692	2	1510582539.299848	49.9512195122	0.520325203252
223.5	0.1833332875	0.0149854904513	0.00684348904306	2	1510582539.7329998	49.9512195122	0.518292682927
223.0	0.1833332875	0.0164856156658	0.00546537595084	2	1510582540.5251064	49.6484848485	0.527293844367
222.5	0.1833332875	0.0171586813589	0.00578441677549	2	1510582541.3288507	49.6484848485	0.521196283391
222.5	0.1833332875	0.0166898345557	0.00663466622822	2	1510582541.7619383	49.6484848485	0.533391405343
222.0	0.1833332875	0.0165463001487	0.00535376959231	2	1510582542.5277715	49.6484848485	0.533391405343
221.5	0.1833332875	0.0149801956851	0.00473496098315	2	1510582543.3315618	49.9512195122	0.512195121951
221.5	0.1833332875	0.016119689836	0.00611229271146	2	1510582543.7855976	49.5483870968	0.516066589237
221.0	0.1833332875	0.0161551536765	0.00577411512788	2	1510582544.558307	49.5483870968	0.532326751839
220.5	0.1833332875	0.0176294126292	0.00646389006186	2	1510582545.3424203	49.9512195122	0.528455284553
220.0	0.1833332875	0.0162719126697	0.00584398242485	2	1510582546.2232177	49.3493975904	0.554297328688
219.5	0.1833332875	0.0171598777788	0.00623567305504	2	1510582546.7281647	49.6484848485	0.557636469222
219.0	0.1833332875	0.0168319877866	0.0053004687249	2	1510582547.5216055	49.3493975904	0.548199767712
218.5	0.187499953125	0.0165459065545	0.00561338284293	2	1510582548.3109105	49.3493975904	0.548199767712
218.5	0.1833332875	0.0174325403989	0.00590046513323	2	1510582548.7574654	49.3493975904	0.548199767712
218.0	0.187499953125	0.0176200436142	0.00647985073724	2	1510582549.5335932	49.152	0.552071234998
217.5	0.187499953125	0.0179215842886	0.0059314241791	2	1510582550.3155005	49.152	0.543941153697
217.5	0.187499953125	0.017923392955	0.00599753860073	2	1510582550.747405	49.152	0.543941153697
217.0	0.185416620313	0.0178464698974	0.00636481240904	2	1510582551.5254405	49.0538922156	0.550958188153
216.5	0.1833332875	0.0185770608828	0.00609540203705	2	1510582552.3197525	49.0538922156	0.550958188153
216.0	0.185416620313	0.0168642051857	0.00586286248598	2	1510582552.7638087	49.0538922156	0.550958188153
215.5	0.1833332875	0.0194492472744	0.00655568485059	2	1510582553.556685	49.0538922156	0.550958188153
215.5	0.185416620313	0.0199639407322	0.00632497923079	2	1510582554.3419256	49.3493975904	0.554297328688
215.0	0.187499953125	0.0181405538621	0.00707957672264	2	1510582555.2226152	49.3493975904	0.554297328688
214.5	0.187499953125	0.0161433605564	0.00744774723451	2	1510582555.7278056	49.3493975904	0.554297328688
214.0	0.1833332875	0.0191608008364	0.0063430000221	2	1510582556.521657	49.3493975904	0.554297328688
213.5	0.1833332875	0.0192673651746	0.00662558063384	2	1510582557.3105454	49.6484848485	0.557636469222
213.5	0.1833332875	0.0189193990596	0.00756610743247	2	1510582557.7320478	49.3493975904	0.548199767712
213.0	0.1833332875	0.0218321284771	0.00689297177299	2	1510582558.4988139	49.6484848485	0.551538908246

#$Filter:op09
#$	0	1	 1
#$	1	op06	0.251188643150958
#$	2	op09	0.02848931924611138
#$	3	op18*op18*op18	3.9810717055349725e-06
#$	4	ns12	1e-7
#$	5	0	 1e-22
#$POWER:46.5, mW
#$WAVELENGTH:532,nm
#$OBJECT:ZnO1, bscat, on wires	=	=	=	=	=	=	=	=	=	=	=
angle	ref	signal	signal_std	filter	Time	freq	duty_cycle
212.0	0.1833332875	0.022006147624	0.00715501307147	2	1510582601.6773796	49.6484848485	0.551538908246
212.0	0.1833332875	0.0231888319931	0.00729326864036	2	1510582602.4666648	49.3493975904	0.548199767712
211.5	0.1833332875	0.0235506832286	0.00780117452107	2	1510582603.2254133	49.5483870968	0.532326751839
211.0	0.1833332875	0.0199863192433	0.00982118422629	2	1510582603.6771116	49.3493975904	0.554297328688
210.5	0.185416620313	0.0235265996881	0.00778657134252	2	1510582604.4572966	49.3493975904	0.554297328688
210.5	0.1833332875	0.0261120626822	0.00737973892783	2	1510582605.2502012	49.3493975904	0.548199767712
210.0	0.1833332875	0.0249130017286	0.00796992217537	2	1510582605.6729612	49.3493975904	0.554297328688
209.5	0.1833332875	0.0277144005735	0.00873331449511	2	1510582606.4661427	49.3493975904	0.554297328688
209.0	0.1833332875	0.0323858259473	0.00933868829181	2	1510582607.255843	49.3493975904	0.554297328688
209.0	0.1833332875	0.0314780398713	0.0109266829308	2	1510582607.7008874	49.3493975904	0.554297328688
208.5	0.185416620313	0.0316528409075	0.0100243560856	2	1510582608.4667962	49.3493975904	0.554297328688
208.0	0.185416620313	0.0357143275306	0.0105105977866	2	1510582609.2477045	49.3493975904	0.554297328688
208.0	0.187499953125	0.0335111098376	0.0126743894359	2	1510582609.68935	49.0538922156	0.550958188153
207.5	0.187499953125	0.0406379196501	0.0116002989378	2	1510582610.4604468	49.0538922156	0.544860627178
207.0	0.187499953125	0.0316243171863	0.00894126332296	2	1510582611.2519264	49.0538922156	0.550958188153
206.5	0.187499953125	0.0377736123241	0.0110614401242	2	1510582611.6831534	49.3493975904	0.554297328688
206.0	0.1833332875	0.0407637721336	0.0165216094593	2	1510582612.4901187	49.3493975904	0.554297328688
206.0	0.1833332875	0.0431450233143	0.0129054643052	2	1510582613.2918992	49.0538922156	0.550958188153
205.5	0.1833332875	0.0468769774822	0.0154733930904	2	1510582614.1813586	49.3493975904	0.554297328688
205.0	0.1833332875	0.0472555295331	0.0163008707562	2	1510582614.6735077	49.3493975904	0.554297328688
204.5	0.1833332875	0.0399426105219	0.0110805551426	2	1510582615.4627707	49.3493975904	0.548199767712
204.0	0.1833332875	0.0425489024063	0.0129097755121	2	1510582616.2454839	49.3493975904	0.554297328688
204.0	0.1833332875	0.0445612149427	0.0135343020159	2	1510582616.6790898	49.3493975904	0.548199767712
203.5	0.185416620313	0.0442363839332	0.0127997445841	2	1510582617.4354305	49.6484848485	0.551538908246
203.0	0.1833332875	0.0464567569075	0.0132699972078	2	1510582618.2232893	49.5483870968	0.516066589237
202.5	0.1833332875	0.0503226231312	0.0148041606167	2	1510582618.6812086	49.5483870968	0.516066589237
202.5	0.368749907812	0.0400038420792	0.0502129225868	2	1510582619.5435398	49.9512195122	0.617886178862
201.5	0.181249954688	0.0561207102582	0.0147989978311	2	1510582620.3100603	49.6484848485	0.515098722416
201.5	0.1833332875	0.0434578551119	0.0184419200879	2	1510582621.1766047	49.9512195122	0.518292682927
201.0	0.1833332875	0.0474789930195	0.0158254713517	2	1510582621.6806116	49.9512195122	0.512195121951
200.5	0.1833332875	0.0582275020868	0.0138440030518	2	1510582622.469545	49.9512195122	0.512195121951
200.0	0.1833332875	0.0568782301666	0.0171473787904	2	1510582623.2643816	49.9512195122	0.536585365854
200.0	0.1833332875	0.0615263042451	0.0190233132862	2	1510582623.6932113	49.9512195122	0.536585365854
199.5	0.1833332875	0.08935049535	0.0197537733828	2	1510582624.465238	49.9512195122	0.512195121951
199.0	0.1833332875	0.116550150074	0.0275628358306	2	1510582625.3112085	50.2576687117	0.521493902439
198.5	0.1833332875	6.57894572368e-05	0.0	2	1510582626.179985	49.9512195122	0.512195121951
198.5	0.181249954688	0.113577328986	0.0332879288435	2	1510582626.6730022	49.9512195122	0.512195121951
198.0	0.1833332875	0.0866527274185	0.0204328183654	2	1510582627.4487739	49.9512195122	0.512195121951
198.0	0.1833332875	0.0385506191321	0.0129415055333	2	1510582628.3056114	49.5483870968	0.524196670538
197.5	0.1833332875	0.13829154674	0.0403395641824	2	1510582629.2466645	49.5483870968	0.532326751839
197.5	0.1833332875	0.366955424073	0.0926666915802	2	1510582629.6735406	49.5483870968	0.532326751839
197.5	0.1833332875	0.190055752247	0.0498450606087	2	1510582630.43729	49.5483870968	0.524196670538

#$Filter:op09
#$	0	1	 1
#$	1	op06	0.251188643150958
#$	2	op09	0.02848931924611138
#$	3	op18*op18*op18	3.9810717055349725e-06
#$	4	ns12	1e-7
#$	5	0	 1e-22
#$POWER:46.5, mW
#$WAVELENGTH:532,nm
#$OBJECT:ZnO1, bscat, on wires	=	=	=	=	=	=	=	=	=	=	=
angle	ref	signal	signal_std	filter	Time	freq	duty_cycle
197.0	0.1833332875	0.148384316645	0.0589194488166	2	1510582633.1840105	49.6484848485	0.527293844367
197.0	0.185416620313	0.139705170711	0.0682732845262	2	1510582633.6813774	49.6484848485	0.527293844367
197.0	0.1833332875	0.2031131121	0.0532961277196	2	1510582634.446718	49.6484848485	0.527293844367
196.5	0.1833332875	0.238851735071	0.0636490987057	2	1510582635.21616	49.5483870968	0.516066589237
196.5	0.1833332875	0.231701491467	0.0670604973208	2	1510582635.6855042	49.9512195122	0.518292682927
196.5	0.181249954688	0.214774788803	0.048491097199	2	1510582636.450381	49.6484848485	0.515098722416
196.5	0.1833332875	0.187558535731	0.0499800719714	2	1510582637.210218	49.9512195122	0.528455284553
196.0	0.1833332875	0.17687612939	0.0513591363944	2	1510582637.6887794	49.5483870968	0.532326751839
196.0	0.1833332875	0.178014661379	0.0495390769974	2	1510582638.4781077	49.5483870968	0.524196670538
196.0	0.1833332875	0.176077591308	0.0497473857238	2	1510582639.2406464	49.5483870968	0.524196670538
195.5	0.1833332875	0.177966691726	0.0452315218422	2	1510582639.680599	49.5483870968	0.524196670538
195.5	0.1833332875	0.17406571834	0.0443855750962	2	1510582640.4617467	49.6484848485	0.545441347271
195.5	0.1833332875	0.18207445953	0.04437888145	2	1510582641.2255144	49.3493975904	0.548199767712
195.0	0.1833332875	0.177304006659	0.0542379545622	2	1510582641.6857166	49.5483870968	0.524196670538
195.0	0.1833332875	0.178216245585	0.046464487404	2	1510582642.4655828	49.5483870968	0.524196670538
195.0	0.1833332875	0.172924082941	0.0476518170907	2	1510582643.229228	49.6484848485	0.557636469222
194.5	0.1833332875	0.186120932878	0.0474287940994	2	1510582643.687867	49.3493975904	0.548199767712
194.5	0.1833332875	0.233759274155	0.0619566685985	2	1510582644.480307	49.6484848485	0.551538908246
194.5	0.1833332875	0.25350963398	0.069279940156	2	1510582645.2511537	49.6484848485	0.557636469222
194.5	0.1833332875	0.262868270171	0.0724022035381	2	1510582645.6821666	49.3493975904	0.554297328688
194.0	0.1833332875	0.269768533875	0.0701550992381	2	1510582646.4459121	49.3493975904	0.548199767712
194.0	0.1833332875	0.302857593902	0.0721890906474	2	1510582647.2257416	49.3493975904	0.548199767712
194.0	0.1833332875	0.32421214855	0.081188695137	2	1510582647.7462738	49.6484848485	0.551538908246
193.5	0.366666575	0.729681545343	0.191968119845	2	1510582648.501563	49.6484848485	0.557636469222
193.5	0.1833332875	0.431554666195	0.116490600061	2	1510582649.3015335	49.5483870968	0.524196670538
193.5	0.1833332875	0.388488874092	0.125117497725	2	1510582650.1921873	49.6484848485	0.551538908246
193.0	0.1833332875	0.366727316673	0.101767113752	2	1510582650.6853318	49.6484848485	0.557636469222
193.0	0.1833332875	0.286986458089	0.0747441691062	2	1510582651.481229	49.3493975904	0.554297328688
193.0	0.1833332875	0.276211394071	0.0789880504952	2	1510582652.267061	49.3493975904	0.548199767712
192.5	0.185416620313	0.299457818827	0.0735295857776	2	1510582652.6897953	49.6484848485	0.545441347271
192.5	0.1833332875	0.398083517984	0.110951739174	2	1510582653.5144627	49.3493975904	0.554297328688
192.5	0.1833332875	0.525144085821	0.142309636048	2	1510582654.285809	49.3493975904	0.554297328688
192.0	0.1833332875	0.535239280797	0.188931653285	2	1510582654.6935148	49.3493975904	0.554297328688
192.0	0.1833332875	0.621859408494	0.161453418568	2	1510582655.4826581	49.6484848485	0.551538908246
191.5	0.185416620313	0.666169353131	0.169211576806	2	1510582656.2944322	49.3493975904	0.548199767712
191.5	0.0	0.77797048452	0.699970786092	2	1510582656.7204206	nan	nan
191.5	0.185416620313	0.634494855621	0.170758348311	2	1510582657.500208	49.3493975904	0.554297328688
191.5	0.1833332875	0.758196741397	0.198877735493	2	1510582658.2701268	49.3493975904	0.554297328688
191.0	0.1833332875	0.79668635951	0.294439896554	2	1510582658.6871548	49.3493975904	0.554297328688
191.0	0.1833332875	1.11899091093	0.293438499731	2	1510582659.4695914	49.3493975904	0.554297328688
190.5	0.1833332875	1.07616648279	0.275625752105	2	1510582660.232787	49.3493975904	0.554297328688
190.5	0.1833332875	0.998265236154	0.29431894272	2	1510582660.692717	49.3493975904	0.554297328688
190.5	0.1833332875	1.05424447044	0.268003733877	2	1510582661.4587595	49.3493975904	0.548199767712
190.0	0.1833332875	1.1788221134	0.29966968954	2	1510582662.2273798	49.9512195122	0.520325203252
190.0	0.1833332875	1.0662552814	0.493088400167	2	1510582662.6853912	49.5483870968	0.516066589237
190.0	0.1833332875	1.45214493611	0.367168666706	2	1510582663.518317	49.9512195122	0.520325203252
189.5	0.368749907812	1.89213213933	1.93717885918	2	1510582664.2797465	nan	nan
189.5	0.1833332875	1.41703501229	0.98556903697	2	1510582664.7141526	49.9512195122	0.512195121951
189.5	0.1833332875	3.4386752156	0.688594126747	2	1510582665.4805455	50.2576687117	0.521493902439
189.0	0.366666575	2.29881499577	3.38381350242	2	1510582666.318575	50.3606557377	0.664024390244

#$Filter:op18*op18*op18
#$	0	1	 1
#$	1	op06	0.251188643150958
#$	2	op09	0.02848931924611138
#$	3	op18*op18*op18	3.9810717055349725e-06
#$	4	ns12	1e-7
#$	5	0	 1e-22
#$POWER:46.5, mW
#$WAVELENGTH:532,nm
#$OBJECT:ZnO1, bscat, on wires	=	=	=	=	=	=	=	=	=	=	=
angle	ref	signal	signal_std	filter	Time	freq	duty_cycle
189.0	0.185416620313	0.000495812522283	0.00119560782153	3	1510582756.2223163	49.9512195122	0.518292682927
188.5	0.1833332875	2.98250795722e-05	0.00141513423778	3	1510582756.7171125	49.5483870968	0.524196670538
188.5	0.185416620313	0.000586978395742	0.00144055660969	3	1510582757.5321333	49.9512195122	0.528455284553
188.0	0.1833332875	0.0147077669783	0.00170656981855	3	1510582758.3718517	49.5483870968	0.524196670538
188.0	0.1833332875	0.0049021662076	0.0139492411408	3	1510582759.2236266	49.5483870968	0.524196670538

#$Filter:op18*op18*op18
#$	0	1	 1
#$	1	op06	0.251188643150958
#$	2	op09	0.02848931924611138
#$	3	op18*op18*op18	3.9810717055349725e-06
#$	4	ns12	1e-7
#$	5	0	 1e-22
#$POWER:46.5, mW
#$WAVELENGTH:532,nm
#$OBJECT:ZnO1, bscat, on wires	=	=	=	=	=	=	=	=	=	=	=
angle	ref	signal	signal_std	filter	Time	freq	duty_cycle
188.0	0.1833332875	0.159318361351	0.0527714363476	3	1510582770.2037477	49.3493975904	0.548199767712
187.5	0.185416620313	0.178780898358	0.0470201465407	3	1510582770.7090356	49.3493975904	0.548199767712
187.5	0.185416620313	0.193630366627	0.048865894358	3	1510582771.5029695	49.3493975904	0.548199767712
187.5	0.185416620313	0.181563609056	0.0484756761645	3	1510582772.2817562	49.3493975904	0.554297328688
187.5	0.1833332875	0.164892722644	0.058477747141	3	1510582772.7117999	49.3493975904	0.548199767712
187.5	0.185416620313	0.176065599632	0.0483536057571	3	1510582773.4766605	49.3493975904	0.554297328688
187.0	0.187499953125	0.167632097904	0.0445562799429	3	1510582774.2350278	49.3493975904	0.554297328688
187.0	0.185416620313	0.164042498591	0.0466733925055	3	1510582774.7160754	49.6484848485	0.551538908246
187.0	0.185416620313	0.164857947203	0.0421624654372	3	1510582775.4833794	49.6484848485	0.551538908246
187.0	0.1833332875	0.173263371388	0.0455164244112	3	1510582776.2531235	49.5483870968	0.532326751839
187.0	0.1833332875	0.167237809853	0.0465187362989	3	1510582776.7076411	49.5483870968	0.532326751839
186.5	0.1833332875	0.164720924451	0.0408839853783	3	1510582777.477677	49.5483870968	0.524196670538
186.5	0.1833332875	0.183857403079	0.0415756474992	3	1510582778.266805	49.3493975904	0.548199767712
186.5	0.1833332875	0.186434664957	0.0533232519051	3	1510582778.7117796	49.3493975904	0.554297328688
186.5	0.187499953125	0.177975943002	0.0463912904862	3	1510582779.4826584	49.3493975904	0.554297328688
186.5	0.185416620313	0.156419600704	0.0406243864166	3	1510582780.248655	49.0538922156	0.550958188153
186.0	0.189583285938	0.130728512359	0.0482551449294	3	1510582780.7154539	49.3493975904	0.554297328688
186.0	0.187499953125	0.0938947216043	0.0283514796519	3	1510582781.4960515	49.0538922156	0.556910569106
186.0	0.368749907812	0.0206715158677	0.0146484516051	3	1510582782.3353314	49.5483870968	0.669376693767

#$Filter:op18*op18*op18
#$	0	1	 1
#$	1	op06	0.251188643150958
#$	2	op09	0.02848931924611138
#$	3	op18*op18*op18	3.9810717055349725e-06
#$	4	ns12	1e-7
#$	5	0	 1e-22
#$POWER:46.5, mW
#$WAVELENGTH:532,nm
#$OBJECT:ZnO1, bscat, on wires	=	=	=	=	=	=	=	=	=	=	=
angle	ref	signal	signal_std	filter	Time	freq	duty_cycle
185.5	0.185416620313	0.0406121483639	0.0146349031633	3	1510582828.2608256	49.152	0.543941153697
185.5	0.185416620313	0.0336837687841	0.00908925155339	3	1510582828.7537432	48.7619047619	0.547619047619
185.5	0.187499953125	0.0222086857422	0.00633807762538	3	1510582829.5191727	49.0538922156	0.50900116144

#$Filter:op09
#$	0	1	 1
#$	1	op06	0.251188643150958
#$	2	op09	0.02848931924611138
#$	3	op18*op18*op18	3.9810717055349725e-06
#$	4	ns12	1e-7
#$	5	0	 1e-22
#$POWER:46.5, mW
#$WAVELENGTH:532,nm
#$OBJECT:ZnO1, bscat, on wires	=	=	=	=	=	=	=	=	=	=	=
angle	ref	signal	signal_std	filter	Time	freq	duty_cycle
280.0	0.185416620313	0.0191795633306	0.00821654917334	2	1510583536.3776743	50.2576687117	0.515396341463
279.5	0.1833332875	0.0222334173807	0.00689379373016	2	1510583537.194747	50.2576687117	0.521493902439
279.0	0.1833332875	0.0228975610172	0.00652664306097	2	1510583538.193296	49.9512195122	0.512195121951
278.5	0.185416620313	0.0225826755137	0.00720615605901	2	1510583539.1992447	50.2576687117	0.521493902439
278.0	0.1833332875	0.0225570058351	0.0062627414823	2	1510583540.1969507	50.2576687117	0.515396341463
277.5	0.1833332875	0.0221751736677	0.00698646314102	2	1510583541.1921716	50.2576687117	0.521493902439
277.0	0.1833332875	0.0281989176815	0.00820293192406	2	1510583542.1883605	50.2576687117	0.521493902439
276.5	0.1833332875	0.0281877169674	0.00831211049256	2	1510583543.1933808	49.9512195122	0.518292682927
276.0	0.1833332875	0.0287448034002	0.00764859649354	2	1510583544.2025304	50.2576687117	0.515396341463
275.5	0.1833332875	0.0290674359313	0.0089984792962	2	1510583545.1974704	50.3606557377	0.541056910569
275.0	0.187499953125	0.0301467564954	0.00833859578946	2	1510583546.19529	50.3606557377	0.54918699187
274.0	0.1833332875	0.0321177875231	0.00973915798274	2	1510583547.1919258	50.5679012346	0.549390243902
273.5	0.1833332875	0.0336574463066	0.0105968134266	2	1510583548.1980493	50.8819875776	0.552743902439
273.0	0.187499953125	0.0354373312941	0.0101300486721	2	1510583549.1974146	49.3493975904	0.554297328688
272.5	0.1833332875	0.0379487084615	0.0107207075723	2	1510583550.194314	49.6484848485	0.545441347271
272.0	0.1833332875	0.0427368839027	0.0122840402367	2	1510583551.1904743	49.5483870968	0.516066589237
271.5	0.185416620313	0.0431232276431	0.0123985144521	2	1510583552.193389	49.9512195122	0.524390243902
271.0	0.185416620313	0.0436759678621	0.0111531869176	2	1510583553.2041283	49.9512195122	0.518292682927
270.5	0.1833332875	0.0479825313936	0.0116905919424	2	1510583554.2126594	50.2576687117	0.515396341463
270.0	0.1833332875	0.0484288208513	0.0123904196641	2	1510583555.1953933	49.9512195122	0.512195121951
269.5	0.1833332875	0.0505602998779	0.0117141146825	2	1510583556.193232	50.2576687117	0.515396341463
269.0	0.1833332875	0.0571708226357	0.0126278774478	2	1510583557.2006364	49.9512195122	0.512195121951
268.5	0.1833332875	0.0526275599273	0.0111014165883	2	1510583558.1970634	50.2576687117	0.515396341463
268.0	0.187499953125	0.0563220847487	0.0136737425428	2	1510583559.1941736	50.3606557377	0.541056910569
267.5	0.1833332875	0.0627146759951	0.0150501713685	2	1510583560.189618	50.5679012346	0.543292682927
267.0	0.1833332875	0.0648219403163	0.0160696831122	2	1510583561.1928747	50.2576687117	0.521493902439
266.5	0.1833332875	0.0662807595354	0.0151412252697	2	1510583562.19875	49.9512195122	0.512195121951
266.0	0.1833332875	0.0738395872749	0.01879293761	2	1510583563.2015803	50.2576687117	0.515396341463
265.5	0.1833332875	0.0842186664203	0.0225150051743	2	1510583564.197561	50.5679012346	0.549390243902
265.0	0.1833332875	0.0861301066726	0.0199669119078	2	1510583565.204299	50.5679012346	0.543292682927
264.0	0.1833332875	0.093766742685	0.0251702666122	2	1510583566.2010174	50.8819875776	0.552743902439
264.0	0.187499953125	0.104757910318	0.0292211820156	2	1510583567.1968682	50.8819875776	0.552743902439
263.5	0.1833332875	0.106249973438	0.0298917923984	2	1510583568.193492	50.8819875776	0.558993902439
262.5	0.347916579688	nan	0.165332560556	2	1510583569.2698126	nan	nan

#$Filter:op09
#$	0	1	 1
#$	1	op06	0.251188643150958
#$	2	op09	0.02848931924611138
#$	3	op18*op18*op18	3.9810717055349725e-06
#$	4	ns12	1e-7
#$	5	0	 1e-22
#$POWER:46.5, mW
#$WAVELENGTH:532,nm
#$OBJECT:ZnO1, bscat, on wires	=	=	=	=	=	=	=	=	=	=	=
angle	ref	signal	signal_std	filter	Time	freq	duty_cycle
262.0	0.181249954688	0.157713326979	0.034867956059	2	1510583572.725017	50.3606557377	0.541056910569
261.5	0.1833332875	0.177263894791	0.0354694975184	2	1510583573.497043	50.3606557377	0.532723577236
261.5	0.187499953125	0.195064302686	0.0455356542843	2	1510583574.2650385	50.3606557377	0.54918699187
261.0	0.187499953125	0.191723355563	0.0568028219837	2	1510583574.7219102	50.3606557377	0.54918699187
261.0	0.185416620313	0.150057483337	0.0883539284649	2	1510583575.488826	50.3606557377	0.541056910569
260.0	0.181249954688	0.287754713854	0.0636419238857	2	1510583576.246641	50.3606557377	0.54918699187
260.0	0.1833332875	0.291436979112	0.0724846944501	2	1510583576.7764077	50.2576687117	0.515396341463
259.5	0.366666575	0.690151538707	0.258071452961	2	1510583577.5405555	50.3606557377	0.581910569106

#$Filter:op09
#$	0	1	 1
#$	1	op06	0.251188643150958
#$	2	op09	0.02848931924611138
#$	3	op18*op18*op18	3.9810717055349725e-06
#$	4	ns12	1e-7
#$	5	0	 1e-22
#$POWER:46.5, mW
#$WAVELENGTH:532,nm
#$OBJECT:ZnO1, bscat, on wires	=	=	=	=	=	=	=	=	=	=	=
angle	ref	signal	signal_std	filter	Time	freq	duty_cycle
259.0	0.181249954688	0.768984205223	0.122713181783	2	1510583597.760332	49.9512195122	0.512195121951

#$Filter:op09
#$	0	1	 1
#$	1	op06	0.251188643150958
#$	2	op09	0.02848931924611138
#$	3	op18*op18*op18	3.9810717055349725e-06
#$	4	ns12	1e-7
#$	5	0	 1e-22
#$POWER:46.5, mW
#$WAVELENGTH:532,nm
#$OBJECT:ZnO1, bscat, on wires	=	=	=	=	=	=	=	=	=	=	=
angle	ref	signal	signal_std	filter	Time	freq	duty_cycle
259.0	0.181249954688	1.01697261761	0.494738410501	2	1510583607.2648818	50.5679012346	0.549390243902
259.0	0.185416620313	0.713025618771	0.611225385148	2	1510583607.7696908	50.8819875776	0.558993902439
259.0	0.185416620313	1.14712272909	0.301729353079	2	1510583608.5352614	50.8819875776	0.558993902439
259.0	0.185416620313	0.992720485947	0.260940561465	2	1510583609.2935648	50.8819875776	0.552743902439
259.0	0.181249954688	0.201780863533	0.468255315128	2	1510583609.761474	50.2576687117	0.515396341463
258.5	0.181249954688	0.884720919914	0.182936820396	2	1510583610.5294247	50.2576687117	0.515396341463
258.5	0.181249954688	0.866545363713	0.174816890436	2	1510583611.2864478	49.9512195122	0.512195121951
258.5	0.181249954688	0.644790606706	0.32739134822	2	1510583611.764202	50.3606557377	0.541056910569
258.5	0.185416620313	0.904524423777	0.197513269535	2	1510583612.5210896	50.3606557377	0.541056910569
258.5	0.181249954688	1.14121870229	0.26937110001	2	1510583613.2775517	50.5679012346	0.543292682927
258.5	0.181249954688	1.32015280386	0.291237862994	2	1510583613.7684724	50.5679012346	0.543292682927
258.5	0.181249954688	1.6837307527	0.405343605651	2	1510583614.52567	50.8819875776	0.552743902439
258.0	0.181249954688	1.9912128361	0.527052561929	2	1510583615.2908452	50.5679012346	0.555487804878
258.0	0.181249954688	1.64685144014	0.866054219546	2	1510583615.771562	50.5679012346	0.543292682927

#$Filter:op09
#$	0	1	 1
#$	1	op06	0.251188643150958
#$	2	op09	0.02848931924611138
#$	3	op18*op18*op18	3.9810717055349725e-06
#$	4	ns12	1e-7
#$	5	0	 1e-22
#$POWER:46.5, mW
#$WAVELENGTH:532,nm
#$OBJECT:ZnO1, bscat, on wires	=	=	=	=	=	=	=	=	=	=	=
angle	ref	signal	signal_std	filter	Time	freq	duty_cycle
258.0	0.181249954688	2.64053356477	0.568127276444	2	1510583618.7091632	50.3606557377	0.541056910569
258.0	0.181249954688	2.87069999731	0.591454002394	2	1510583619.468596	50.2576687117	0.515396341463
258.0	0.1833332875	3.00793524642	0.749561874867	2	1510583620.2256098	49.9512195122	0.528455284553
258.0	0.181249954688	2.29717551141	1.26683982011	2	1510583620.703825	49.9512195122	0.512195121951
257.5	0.364583242188	5.24920655925	2.05462091842	2	1510583621.532298	49.9512195122	0.536585365854
257.5	0.1833332875	3.3574140352	0.70951454246	2	1510583622.2924976	50.2576687117	0.521493902439
257.5	0.1833332875	3.19679600839	1.0145938008	2	1510583622.7056353	50.3606557377	0.541056910569
257.5	0.181249954688	3.88817849301	0.813301544519	2	1510583623.465395	50.3606557377	0.541056910569
257.5	0.181249954688	4.59422493965	1.18701222299	2	1510583624.22249	50.5679012346	0.549390243902
257.5	0.181249954688	5.05035669846	1.62278060537	2	1510583624.7112026	50.5679012346	0.555487804878
257.0	0.181249954688	7.6628345188	1.37706184081	2	1510583625.4697082	50.5679012346	0.543292682927
257.0	0.181249954688	14.2549907528	3.74846889002	2	1510583626.3061552	50.8819875776	0.552743902439

#$Filter:op18*op18*op18
#$	0	1	 1
#$	1	op06	0.251188643150958
#$	2	op09	0.02848931924611138
#$	3	op18*op18*op18	3.9810717055349725e-06
#$	4	ns12	1e-7
#$	5	0	 1e-22
#$POWER:46.5, mW
#$WAVELENGTH:532,nm
#$OBJECT:ZnO1, bscat, on wires	=	=	=	=	=	=	=	=	=	=	=
angle	ref	signal	signal_std	filter	Time	freq	duty_cycle
257.0	0.181249954688	0.0122327960871	0.0050588130068	3	1510583644.2971454	50.5679012346	0.543292682927
257.0	0.181249954688	0.00906766950732	0.00470073728334	3	1510583644.798357	50.5679012346	0.555487804878
257.0	0.181249954688	0.0106257070466	0.0041338371442	3	1510583645.5590303	50.5679012346	0.561737804878
257.0	0.1833332875	0.0132979276606	0.00485683097995	3	1510583646.3246517	50.3606557377	0.541056910569
257.0	0.181249954688	0.0144686926887	0.00735395149982	3	1510583646.793578	50.5679012346	0.555487804878
256.5	0.181249954688	0.0203256251707	0.00682622227061	3	1510583647.613675	50.5679012346	0.543292682927
256.5	0.0	nan	8.91151957386e-05	3	1510583648.3723855	nan	nan
256.5	0.181249954688	0.0123909105141	0.00479681290402	3	1510583648.7995791	50.8819875776	0.552743902439

#$Filter:op18*op18*op18
#$	0	1	 1
#$	1	op06	0.251188643150958
#$	2	op09	0.02848931924611138
#$	3	op18*op18*op18	3.9810717055349725e-06
#$	4	ns12	1e-7
#$	5	0	 1e-22
#$POWER:46.5, mW
#$WAVELENGTH:532,nm
#$OBJECT:ZnO1, bscat, on wires	=	=	=	=	=	=	=	=	=	=	=
angle	ref	signal	signal_std	filter	Time	freq	duty_cycle
256.5	0.185416620313	0.00143415628522	0.00157912397556	3	1510583653.201957	50.3606557377	0.541056910569

#$Filter:op09
#$	0	1	 1
#$	1	op06	0.251188643150958
#$	2	op09	0.02848931924611138
#$	3	op18*op18*op18	3.9810717055349725e-06
#$	4	ns12	1e-7
#$	5	0	 1e-22
#$POWER:46.5, mW
#$WAVELENGTH:532,nm
#$OBJECT:ZnO1, bscat, on wires	=	=	=	=	=	=	=	=	=	=	=
angle	ref	signal	signal_std	filter	Time	freq	duty_cycle
256.0	0.181249954688	5.80354199641	1.25783827484	2	1510583665.7745883	51.5220125786	0.515705128205
256.0	0.366666575	1.26236980875	0.811667013595	2	1510583666.605928	51.2	0.625
256.0	0.185416620313	3.53036983445	0.977366290001	2	1510583667.368858	50.8819875776	0.558993902439
256.0	0.181249954688	1.59795991391	1.43066202289	2	1510583668.2806087	50.8819875776	0.558993902439
256.0	0.185416620313	2.16006890443	1.12703490455	2	1510583668.7815266	50.8819875776	0.558993902439
256.0	0.185416620313	2.3634406806	0.601422897636	2	1510583669.5444071	50.8819875776	0.552743902439
256.0	0.181249954688	2.15301853856	0.5278712898	2	1510583670.3012953	51.2	0.525
256.0	0.181249954688	1.76125406149	0.705112004159	2	1510583670.7782953	51.2	0.525
255.5	0.181249954688	0.887235057117	0.215351146076	2	1510583671.6097007	51.2	0.525
255.5	0.181249954688	1.6498727352	0.344565898952	2	1510583672.3701468	50.3606557377	0.541056910569
255.5	0.181249954688	1.14978956763	0.688466239555	2	1510583672.7736988	49.9512195122	0.524397502904
255.5	0.181249954688	1.56231942145	0.317590932197	2	1510583673.5408049	50.2576687117	0.515396341463
255.5	0.181249954688	1.37154827656	0.356487198472	2	1510583674.3074136	50.5679012346	0.555487804878
255.5	0.181249954688	1.01788071413	0.569991697975	2	1510583674.7727826	50.5679012346	0.561737804878
255.0	0.185416620313	1.18502494767	0.328916326397	2	1510583675.532653	50.8819875776	0.558993902439
255.0	0.1833332875	1.06501404051	0.263829813519	2	1510583676.3013928	50.8819875776	0.552743902439
255.0	0.181249954688	0.905967377941	0.357835213103	2	1510583676.7705085	51.2	0.525
255.0	0.181249954688	0.897933829908	0.304351909041	2	1510583677.5718312	50.7768595041	0.528861788618
255.0	0.181249954688	0.804834268811	0.224697224372	2	1510583678.3920722	50.7768595041	0.537195121951
254.5	0.181249954688	0.000210437657828	0.0	2	1510583679.27764	51.2	0.525
254.5	0.181249954688	0.257794708072	0.288986924456	2	1510583679.8345387	51.2	0.525
254.0	0.181249954688	0.184139533044	0.0507319834895	2	1510583680.6318784	50.5679012346	0.555487804878
254.0	0.181249954688	0.437112392851	0.10802619381	2	1510583681.3907964	50.8819875776	0.552743902439
253.5	0.181249954688	0.308818693022	0.194700075623	2	1510583682.2774887	51.2	0.525
253.0	0.181249954688	0.436146523529	0.124053834217	2	1510583682.7702634	51.2	0.525
253.0	0.179166621875	0.288365312524	0.0689134690804	2	1510583683.5354068	51.2	0.51875
252.5	0.181249954688	0.257085708226	0.061257905329	2	1510583684.2943823	51.2	0.525
252.0	0.181249954688	0.258957369831	0.0675735147534	2	1510583684.7821848	51.5220125786	0.515705128205
252.0	0.181249954688	0.175089699817	0.0431623823718	2	1510583685.5417795	51.2	0.525
251.5	0.181249954688	0.182674455756	0.0464081373028	2	1510583686.3028715	51.2	0.525
251.5	0.181249954688	0.162778311004	0.0656210528746	2	1510583686.782723	51.2	0.525
251.0	0.364583242188	0.00538113225329	0.0389486085884	2	1510583687.603267	nan	nan
250.5	0.181249954688	0.142238187355	0.0328640639886	2	1510583688.3735886	51.5220125786	0.515705128205
250.0	0.1833332875	0.112758212788	0.0336436713145	2	1510583689.274523	50.8819875776	0.552743902439
250.0	0.181249954688	0.0913771536665	0.049586493329	2	1510583689.7734687	50.5679012346	0.543292682927
249.5	0.181249954688	0.112696284561	0.0311731868957	2	1510583690.5312548	50.8819875776	0.552743902439
249.0	0.181249954688	0.101525126495	0.0293724983756	2	1510583691.2871134	50.8819875776	0.558993902439
249.0	0.181249954688	0.0797417261503	0.0417153786324	2	1510583691.770219	51.2	0.525
248.5	0.181249954688	0.0963566244246	0.0260591168404	2	1510583692.5260131	51.2	0.525
248.0	0.181249954688	0.0876095339179	0.0255955422863	2	1510583693.2927253	51.2	0.525
248.0	0.181249954688	0.068019856103	0.0425138418805	2	1510583693.773736	50.8819875776	0.521798780488
247.5	0.181249954688	0.0611611868955	0.036438606929	2	1510583694.616744	51.5220125786	0.509455128205
247.0	0.364583242188	0.0157494085103	0.0212618082716	2	1510583695.3924818	nan	nan
246.5	0.181249954688	0.0165266065126	0.040323105998	2	1510583696.2703087	51.5220125786	0.515705128205
246.5	0.179166621875	0.063081541326	0.0275349463487	2	1510583696.772863	51.2	0.525
246.0	0.181249954688	0.0673539899816	0.0227424653883	2	1510583697.5761971	50.7768595041	0.520731707317
245.0	0.179166621875	0.0653210306783	0.0182097752594	2	1510583698.3431795	51.2	0.525
244.5	0.181249954688	0.062504799474	0.017326676592	2	1510583698.7771401	51.2	0.525
243.5	0.179166621875	0.0597875562782	0.0141165378622	2	1510583699.5460844	51.5220125786	0.503205128205
243.0	0.181249954688	0.0570703138637	0.0165276264863	2	1510583700.30866	51.2	0.525
242.5	0.181249954688	0.0496253247723	0.0153078740753	2	1510583700.7698321	51.2	0.525
241.5	0.179166621875	0.050007288068	0.0136670930138	2	1510583701.5356064	51.2	0.518753908693
241.0	0.181249954688	0.0436324420731	0.0138385707721	2	1510583702.3174284	51.2	0.525
240.5	0.181249954688	0.0385279649327	0.0154483531628	2	1510583702.7724044	51.5220125786	0.521955128205
239.0	0.364583242188	0.000727543617692	0.00876599123615	2	1510583703.5893998	nan	nan
238.5	0.181249954688	0.0357361021771	0.0104595245925	2	1510583704.3531556	51.2	0.525
238.0	0.181249954688	0.0338885242914	0.0135512997023	2	1510583704.7767816	51.2	0.525
237.0	0.181249954688	0.0358418001564	0.0110351492452	2	1510583705.5409648	51.2	0.525
236.5	0.181249954688	0.0345708196886	0.00956662363969	2	1510583706.2980304	51.2	0.525
236.0	0.179166621875	0.0300500124955	0.00955219311623	2	1510583706.7805207	51.5220125786	0.515705128205
235.0	0.181249954688	0.0300501786272	0.00827325067979	2	1510583707.5456614	51.5220125786	0.515705128205
234.5	0.1833332875	0.027518346295	0.00860162277168	2	1510583708.3051317	50.8819875776	0.552743902439
233.5	0.1833332875	0.0275639812042	0.00969246519266	2	1510583708.7724795	50.8819875776	0.552743902439
233.0	0.181249954688	0.0254671911578	0.00873362826604	2	1510583709.530434	50.5679012346	0.555487804878
232.0	0.185416620313	0.0255354343922	0.00805722730589	2	1510583710.3052511	50.8819875776	0.558993902439
231.5	0.1833332875	0.0231288942632	0.0114877223195	2	1510583710.7763028	50.7768595041	0.537195121951
230.5	0.1833332875	0.0255977118545	0.00873953630024	2	1510583711.5337164	50.8819875776	0.558993902439
229.5	0.185416620313	0.0245798549661	0.0081364333982	2	1510583712.2878504	50.8819875776	0.558993902439
229.0	0.181249954688	0.0204432044503	0.00912148381477	2	1510583712.7807636	51.2	0.525
228.5	0.1833332875	0.0219159670974	0.00723937677509	2	1510583713.5447602	50.8819875776	0.552743902439
227.5	0.187499953125	0.0223209269594	0.00765488134621	2	1510583714.3017583	50.8819875776	0.558993902439
227.0	0.181249954688	0.0188807225835	0.00890346153399	2	1510583714.7725625	50.7768595041	0.520731707317
226.5	0.181249954688	0.020787957766	0.00658554870738	2	1510583715.5401504	51.2	0.525
225.5	0.181249954688	0.0208045557537	0.00732776571853	2	1510583716.3053272	51.2	0.525
225.0	0.181249954688	0.0192540937796	0.00781928448988	2	1510583716.775272	51.2	0.525
224.0	0.181249954688	0.0192902211469	0.00633780202628	2	1510583717.532723	51.2	0.525
223.0	0.181249954688	0.0202864310835	0.00628595311271	2	1510583718.290216	50.8819875776	0.558993902439
222.5	0.181249954688	0.0158571388929	0.00738227050184	2	1510583718.838779	50.8819875776	0.552743902439
222.0	0.181249954688	0.00878011999877	0.00321416555252	2	1510583719.60484	50.5679012346	0.555487804878
221.0	0.181249954688	0.0174891371709	0.00617510373531	2	1510583720.3747284	50.7768595041	0.528861788618
220.0	0.179166621875	0.0161789530453	0.00688678263545	2	1510583721.275586	51.2	0.525
219.5	0.181249954688	0.0112380412913	0.00932501618311	2	1510583721.7765007	51.2	0.525
218.5	0.181249954688	0.0187089371899	0.00629589376576	2	1510583722.5370858	51.2	0.525
217.5	0.181249954688	0.0197189053267	0.00606109092955	2	1510583723.2941992	51.5220125786	0.509455128205
217.0	0.181249954688	0.0191511556764	0.00663494822837	2	1510583723.7812133	51.5220125786	0.503205128205
216.5	0.181249954688	0.0198658051231	0.00611774035622	2	1510583724.5421937	51.5220125786	0.521955128205
215.5	0.379166571875	0.00770605531714	0.00433586981261	2	1510583725.3799624	51.2	0.55
215.0	0.181249954688	0.00951850156297	0.00312465711729	2	1510583725.7894742	50.7768595041	0.528861788618
214.0	0.181249954688	0.020687441546	0.00693672612514	2	1510583726.545801	51.2	0.525
213.5	0.179166621875	0.0200060227905	0.00644793284249	2	1510583727.3112426	51.2	0.525
213.0	0.179166621875	0.0213908905034	0.00696431963374	2	1510583727.7726312	51.2	0.50625
212.0	0.179166621875	0.0225609909233	0.00672342208114	2	1510583728.6145425	51.5220125786	0.515705128205
211.0	0.364583242188	0.022898944346	0.0221680648042	2	1510583729.3753805	nan	nan
210.5	0.181249954688	0.0181875204631	0.00973369086198	2	1510583729.7823467	51.2	0.525
209.5	0.181249954688	0.0247785373925	0.00773377704321	2	1510583730.5411756	51.2	0.525
209.0	0.181249954688	0.026324464228	0.00760401799806	2	1510583731.3040466	51.2	0.525
208.5	0.181249954688	0.0258138455309	0.00845087281535	2	1510583731.772983	50.7768595041	0.537195121951
207.5	0.181249954688	0.0286728835943	0.00839704405228	2	1510583732.528854	51.2	0.525
207.0	0.181249954688	0.0292038388529	0.00861014126831	2	1510583733.2857573	51.2	0.525
206.5	0.181249954688	0.0284067301238	0.0100498714654	2	1510583733.7706437	51.2	0.525
205.5	0.181249954688	0.0326604263078	0.00861565579277	2	1510583734.5336022	51.2	0.525
204.5	0.179166621875	0.0313682894769	0.00929678124966	2	1510583735.3041515	51.2	0.51875
204.0	0.181249954688	0.0289555640995	0.0119640587818	2	1510583735.7744656	51.2	0.525
203.0	0.181249954688	0.035487954091	0.00919297628481	2	1510583736.539964	51.2	0.5125
202.5	0.181249954688	0.0333395893169	0.00881275157457	2	1510583737.305158	51.5220125786	0.515705128205
202.0	0.181249954688	0.0275067135534	0.0133066162959	2	1510583737.7770534	51.5220125786	0.509455128205
201.0	0.181249954688	0.03833332375	0.0108477874098	2	1510583738.5429056	51.5220125786	0.515705128205
200.5	0.179166621875	0.0440689704642	0.0128113430374	2	1510583739.301927	50.8819875776	0.527896341463
200.0	0.181249954688	0.0442544407171	0.0186748411832	2	1510583739.7693412	51.2	0.525
199.5	0.181249954688	0.0513328193546	0.0141424372838	2	1510583740.6096272	51.2	0.525
199.0	0.366666575	0.0548940309096	0.0602416240413	2	1510583741.3776448	nan	nan
199.0	0.181249954688	0.0511287621466	0.0265060474065	2	1510583741.7814386	51.2	0.525
198.5	0.179166621875	0.0579994894684	0.0124249750471	2	1510583742.54949	51.2	0.5
198.0	0.181249954688	0.060304644422	0.0156500987694	2	1510583743.3088102	51.2	0.525
197.5	0.181249954688	0.053713319905	0.031476174308	2	1510583743.777184	51.6302521008	0.537820512821
197.5	0.1833332875	0.0744566786124	0.0179607243957	2	1510583744.5419786	51.6302521008	0.537820512821
197.0	0.179166621875	0.0761145285086	0.0188721079301	2	1510583745.3015044	52.178343949	0.541346153846
196.5	0.181249954688	0.023293037655	0.0432677477723	2	1510583745.7804341	51.8481012658	0.51266025641
196.0	0.181249954688	0.0893971082978	0.0202575039092	2	1510583746.5477455	51.5220125786	0.515705128205
196.0	0.1833332875	0.0937640312208	0.02235811217	2	1510583747.3056989	51.6302521008	0.537820512821
195.5	0.1833332875	0.0879808636647	0.0240772941521	2	1510583747.7736933	51.6302521008	0.546153846154
195.0	0.179166621875	0.100274596143	0.0230557019148	2	1510583748.5414605	51.8481012658	0.544230769231
195.0	0.366666575	0.210514414766	0.143115542942	2	1510583749.381967	51.6302521008	0.596581196581
194.5	0.181249954688	0.203126732589	0.176051608959	2	1510583749.7989454	51.5220125786	0.515705128205

#$Filter:op09
#$	0	1	 1
#$	1	op06	0.251188643150958
#$	2	op09	0.02848931924611138
#$	3	op18*op18*op18	3.9810717055349725e-06
#$	4	ns12	1e-7
#$	5	0	 1e-22
#$POWER:46.5, mW
#$WAVELENGTH:532,nm
#$OBJECT:ZnO1, bscat, on wires	=	=	=	=	=	=	=	=	=	=	=
angle	ref	signal	signal_std	filter	Time	freq	duty_cycle
194.0	0.179166621875	0.169614319299	0.0415649060218	2	1510583756.6998873	51.8481012658	0.51891025641
194.0	0.181249954688	0.188883050692	0.051406999277	2	1510583757.4650643	50.7768595041	0.528861788618
193.5	0.179166621875	0.212972768823	0.048918930141	2	1510583758.224975	51.2	0.512507817386
193.5	0.179166621875	0.142209900345	0.0889599455917	2	1510583758.6928802	51.2	0.51875
193.5	0.181249954688	0.199271673829	0.0501439488401	2	1510583759.46047	50.5679012346	0.549390243902
193.0	0.181249954688	0.18962880772	0.0448755859066	2	1510583760.2127843	50.5679012346	0.543292682927
193.0	0.1833332875	0.16334880329	0.0779740166021	2	1510583760.6946127	50.8819875776	0.552743902439
192.5	0.179166621875	0.224944108439	0.0602253366166	2	1510583761.453611	50.7768595041	0.528861788618
192.5	0.181249954688	0.258928968917	0.0638532818933	2	1510583762.2220774	51.2	0.525
192.5	0.179166621875	0.234035208963	0.0998009667028	2	1510583762.7002938	51.5220125786	0.509455128205
192.0	0.181249954688	0.307913509978	0.060101805986	2	1510583763.4651554	51.8481012658	0.51266025641
192.0	0.366666575	0.186050085489	0.32274521016	2	1510583764.2949555	51.2	0.666666666667
192.0	0.1833332875	0.332560400731	0.362422260736	2	1510583764.7035415	51.6302521008	0.546153846154

#$Filter:op09
#$	0	1	 1
#$	1	op06	0.251188643150958
#$	2	op09	0.02848931924611138
#$	3	op18*op18*op18	3.9810717055349725e-06
#$	4	ns12	1e-7
#$	5	0	 1e-22
#$POWER:46.5, mW
#$WAVELENGTH:532,nm
#$OBJECT:ZnO1, bscat, on wires	=	=	=	=	=	=	=	=	=	=	=
angle	ref	signal	signal_std	filter	Time	freq	duty_cycle
191.5	0.179166621875	0.411553284089	0.0977556250643	2	1510583767.7014854	52.178343949	0.547756410256
191.5	0.1833332875	0.478045966347	0.103509610002	2	1510583768.4615076	51.8481012658	0.544230769231
191.0	0.181249954688	0.471225913695	0.110068561515	2	1510583769.217199	52.178343949	0.547756410256
191.0	0.181249954688	0.461928218703	0.196881976117	2	1510583769.6983922	52.178343949	0.547756410256
191.0	0.179166621875	0.732244183617	0.177563130077	2	1510583770.5249405	52.178343949	0.547756410256
190.5	0.220833278125	0.0570601709201	0.0089285538868	2	1510583771.2879868	nan	nan

#$Filter:op09
#$	0	1	 1
#$	1	op06	0.251188643150958
#$	2	op09	0.02848931924611138
#$	3	op18*op18*op18	3.9810717055349725e-06
#$	4	ns12	1e-7
#$	5	0	 1e-22
#$POWER:46.5, mW
#$WAVELENGTH:532,nm
#$OBJECT:ZnO1, bscat, on wires	=	=	=	=	=	=	=	=	=	=	=
angle	ref	signal	signal_std	filter	Time	freq	duty_cycle
190.5	0.185416620313	1.30228253322	0.273721941922	2	1510583777.1966438	52.0677966102	0.542307692308
190.0	0.181249954688	1.30674544937	0.443599040506	2	1510583777.6055903	51.8481012658	0.544230769231
190.0	0.179166621875	1.57604608776	0.38567217694	2	1510583778.369952	51.8481012658	0.550641025641
189.5	0.179166621875	2.10548914599	0.505978375526	2	1510583779.201344	51.8481012658	0.550641025641
189.5	0.179166621875	3.77842776338	0.787113083275	2	1510583779.6092834	52.178343949	0.541346153846
189.5	0.179166621875	3.81510232379	0.708014143748	2	1510583780.4317074	52.178343949	0.547756410256

#$Filter:op18*op18*op18
#$	0	1	 1
#$	1	op06	0.251188643150958
#$	2	op09	0.02848931924611138
#$	3	op18*op18*op18	3.9810717055349725e-06
#$	4	ns12	1e-7
#$	5	0	 1e-22
#$POWER:46.5, mW
#$WAVELENGTH:532,nm
#$OBJECT:ZnO1, bscat, on wires	=	=	=	=	=	=	=	=	=	=	=
angle	ref	signal	signal_std	filter	Time	freq	duty_cycle
189.0	0.181249954688	0.00601963626473	0.0028702126861	3	1510583805.7598548	51.5220125786	0.515705128205
189.0	0.0	9.68992005814e-06	4.38729790421e-05	3	1510583806.5357347	nan	nan
189.0	0.181249954688	0.07637853163	0.00863266448276	3	1510583807.3736157	51.6302521008	0.537820512821
188.5	0.181249954688	0.0762337009253	0.0135653305822	3	1510583808.271534	51.8481012658	0.51266025641
188.5	0.364583242188	5.33925400444e-05	0.0774882439407	3	1510583808.6979516	nan	nan

#$Filter:op18*op18*op18
#$	0	1	 1
#$	1	op06	0.251188643150958
#$	2	op09	0.02848931924611138
#$	3	op18*op18*op18	3.9810717055349725e-06
#$	4	ns12	1e-7
#$	5	0	 1e-22
#$POWER:46.5, mW
#$WAVELENGTH:532,nm
#$OBJECT:ZnO1, bscat, on wires	=	=	=	=	=	=	=	=	=	=	=
angle	ref	signal	signal_std	filter	Time	freq	duty_cycle
188.5	0.181249954688	0.113451432118	0.0280211490234	3	1510583818.189897	51.5220125786	0.521955128205
188.5	0.181249954688	0.101980381251	0.0388789124742	3	1510583818.5963542	51.2	0.525
188.5	0.181249954688	0.107126633923	0.0291948652641	3	1510583819.3535237	50.7768595041	0.528861788618
188.0	0.181249954688	0.0930843784383	0.0258873431197	3	1510583820.1936908	51.2	0.525
188.0	0.181249954688	0.0730093725305	0.0319318326655	3	1510583820.600459	51.5220125786	0.509455128205
188.0	0.181249954688	0.0816456723753	0.0208745573955	3	1510583821.3569298	51.5220125786	0.515705128205

#$Filter:op18*op18*op18
#$	0	1	 1
#$	1	op06	0.251188643150958
#$	2	op09	0.02848931924611138
#$	3	op18*op18*op18	3.9810717055349725e-06
#$	4	ns12	1e-7
#$	5	0	 1e-22
#$POWER:46.5, mW
#$WAVELENGTH:532,nm
#$OBJECT:ZnO1, bscat, on wires	=	=	=	=	=	=	=	=	=	=	=
angle	ref	signal	signal_std	filter	Time	freq	duty_cycle
189.0	0.1833332875	0.0626702352285	0.0161571063775	3	1510583851.7137358	51.6302521008	0.546153846154

#$Filter:op18*op18*op18
#$	0	1	 1
#$	1	op06	0.251188643150958
#$	2	op09	0.02848931924611138
#$	3	op18*op18*op18	3.9810717055349725e-06
#$	4	ns12	1e-7
#$	5	0	 1e-22
#$POWER:46.5, mW
#$WAVELENGTH:532,nm
#$OBJECT:ZnO1, bscat, on wires	=	=	=	=	=	=	=	=	=	=	=
angle	ref	signal	signal_std	filter	Time	freq	duty_cycle
189.0	0.1833332875	0.0674952482777	0.0158403960868	3	1510583858.2567482	51.8481012658	0.544230769231
189.0	0.179166621875	0.012446083845	0.035082830339	3	1510583858.7492502	51.8481012658	0.51266025641
189.0	0.181249954688	0.0659904994574	0.0167450559664	3	1510583859.5136776	51.5220125786	0.521955128205
189.0	0.181249954688	0.0771971656181	0.0188192687667	3	1510583860.2695706	51.2	0.51875
189.0	0.181249954688	0.078568528745	0.0252408797556	3	1510583860.7529547	51.5220125786	0.515705128205
188.5	0.181249954688	0.0975019216546	0.0206106128438	3	1510583861.5199685	51.5220125786	0.515705128205
188.5	0.181249954688	0.111170607128	0.0247187841882	3	1510583862.2901018	51.5220125786	0.515705128205
188.5	0.179166621875	0.113543232484	0.0266866058689	3	1510583862.7556415	51.6302521008	0.537820512821
188.5	0.185416620313	0.233560852352	0.101291650311	3	1510583863.5965178	52.0677966102	0.542307692308
188.5	0.185416620313	0.112249330468	0.0254235087261	3	1510583864.3617258	52.0677966102	0.542307692308
188.5	0.179166621875	0.0838972879492	0.0426573096504	3	1510583864.7727659	51.8481012658	0.550641025641
188.0	0.179166621875	0.0918692249476	0.0228969610534	3	1510583865.5425994	51.8481012658	0.550641025641
188.0	0.181249954688	0.0820541012122	0.0192082963869	3	1510583866.3056421	52.178343949	0.541346153846
188.0	0.179166621875	0.0616825705222	0.0339504283497	3	1510583866.7523193	52.178343949	0.554166666667
188.0	0.179166621875	0.0887603624691	0.0234612564206	3	1510583867.510415	52.178343949	0.554166666667
188.0	0.179166621875	0.106453950949	0.0282668429298	3	1510583868.2732449	52.178343949	0.515865384615
188.0	0.1833332875	0.116297214461	0.0534700726107	3	1510583868.7542055	52.5128205128	0.538461538462
187.5	0.181249954688	0.377719250555	0.0810248261175	3	1510583869.5141456	52.178343949	0.560576923077

#$Filter:op18*op18*op18
#$	0	1	 1
#$	1	op06	0.251188643150958
#$	2	op09	0.02848931924611138
#$	3	op18*op18*op18	3.9810717055349725e-06
#$	4	ns12	1e-7
#$	5	0	 1e-22
#$POWER:46.5, mW
#$WAVELENGTH:532,nm
#$OBJECT:ZnO1, bscat, on wires	=	=	=	=	=	=	=	=	=	=	=
angle	ref	signal	signal_std	filter	Time	freq	duty_cycle
187.5	0.181249954688	9.02128629595	2.14947409077	3	1510583878.706277	52.178343949	0.547756410256
187.5	0.179166621875	12.9310496232	3.13558441826	3	1510583879.4705563	52.178343949	0.547756410256

#$Filter:op18*op18*op18
#$	0	1	 1
#$	1	op06	0.251188643150958
#$	2	op09	0.02848931924611138
#$	3	op18*op18*op18	3.9810717055349725e-06
#$	4	ns12	1e-7
#$	5	0	 1e-22
#$POWER:46.5, mW
#$WAVELENGTH:532,nm
#$OBJECT:ZnO1, bscat, on wires	=	=	=	=	=	=	=	=	=	=	=
angle	ref	signal	signal_std	filter	Time	freq	duty_cycle
187.0	0.181249954688	26.9337525643	5.21234347375	3	1510583887.195945	51.5220125786	0.515705128205
187.0	0.1833332875	20.1047216763	7.46710878456	3	1510583887.5979624	51.6302521008	0.537820512821
187.0	0.181249954688	5.86819756876	1.41693639507	3	1510583888.362192	51.8481012658	0.544230769231

#$Filter:op18*op18*op18
#$	0	1	 1
#$	1	op06	0.251188643150958
#$	2	op09	0.02848931924611138
#$	3	op18*op18*op18	3.9810717055349725e-06
#$	4	ns12	1e-7
#$	5	0	 1e-22
#$POWER:46.5, mW
#$WAVELENGTH:532,nm
#$OBJECT:ZnO1, bscat, on wires	=	=	=	=	=	=	=	=	=	=	=
angle	ref	signal	signal_std	filter	Time	freq	duty_cycle
187.0	0.181249954688	0.0517469309338	0.011860988869	3	1510583900.7728736	51.2	0.5125
186.5	0.179166621875	0.026877282658	0.00696888946775	3	1510583901.537206	51.8481012658	0.51266025641
186.5	0.364583242188	0.00508057576307	0.00392448730578	3	1510583902.3687592	55.3513513514	0.617841880342
186.5	0.179166621875	0.00624860238974	0.00333722020585	3	1510583902.7771149	51.8481012658	0.544230769231
186.5	0.1833332875	0.0105572665583	0.0037394474894	3	1510583903.540896	51.6302521008	0.546153846154

#$Filter:op09
#$	0	1	 1
#$	1	op06	0.251188643150958
#$	2	op09	0.02848931924611138
#$	3	op18*op18*op18	3.9810717055349725e-06
#$	4	ns12	1e-7
#$	5	0	 1e-22
#$POWER:46.5, mW
#$WAVELENGTH:532,nm
#$OBJECT:ZnO1, bscat, on wires	=	=	=	=	=	=	=	=	=	=	=
angle	ref	signal	signal_std	filter	Time	freq	duty_cycle
186.0	0.179166621875	40.8544864576	7.09710816994	2	1510583918.1973674	53.5424836601	0.549089068826
186.0	0.181249954688	36.0263315731	6.67629470941	2	1510583919.2015862	53.4260869565	0.547908232119
186.0	0.179166621875	31.2032234917	6.26949250757	2	1510583920.1949236	53.5424836601	0.549089068826
186.0	0.181249954688	26.8920750967	4.88934742191	2	1510583921.1931713	52.9655172414	0.534412955466
185.5	0.179166621875	22.4854969559	4.48926800822	2	1510583922.203076	53.1948051948	0.538967611336
185.5	0.179166621875	20.0009953999	3.90286559346	2	1510583923.2020743	53.1948051948	0.538967611336
185.5	0.177083289063	18.6830285032	4.25404184763	2	1510583924.1979175	53.5424836601	0.549089068826
185.5	0.179166621875	44.1312407433	7.3770837974	2	1510583925.1916053	53.5424836601	0.549089068826
185.0	0.177083289063	42.4785745857	5.50380604911	2	1510583926.2000246	53.5424836601	0.516363022942
185.0	0.177083289063	40.0618683591	6.35406687943	2	1510583927.1984768	53.5424836601	0.549089068826
185.0	0.177083289063	39.0639084323	6.66026010865	2	1510583928.1942027	53.612565445	0.518225918226
184.5	0.177083289063	41.9753376164	9.75196244892	2	1510583929.1886966	53.8947368421	0.526315789474
184.5	0.0	1.09567873843	0.980811009283	2	1510583930.2658064	nan	nan
184.5	0.364583242188	0.0858418408715	0.530014218937	2	1510583931.2776802	nan	nan
184.5	0.181249954688	2.1317485435	0.524088780467	2	1510583932.196255	53.8947368421	0.526315789474
184.0	0.177083289063	1.83619340045	0.387902102814	2	1510583933.1933951	53.5424836601	0.542510121457
184.0	0.179166621875	1.73861043679	0.365377693526	2	1510583934.203343	53.5424836601	0.542510121457
184.0	0.179166621875	1.59702921896	0.345341063011	2	1510583935.2010603	53.5424836601	0.542510121457
183.5	0.179166621875	1.44334552742	0.306597969706	2	1510583936.2589183	53.5424836601	0.542510121457
183.5	0.179166621875	1.28738245735	0.313634126708	2	1510583937.1934855	53.8947368421	0.552631578947
183.5	0.179166621875	1.17601110201	0.276847943752	2	1510583938.1906962	53.5424836601	0.549089068826
183.5	0.179166621875	1.01414794197	0.272822409974	2	1510583939.1985252	53.8947368421	0.526315789474
183.0	0.179166621875	0.951520080392	0.25311122136	2	1510583940.194036	53.8947368421	0.526315789474
183.0	0.179166621875	0.84786759035	0.197723983914	2	1510583941.1928394	53.5424836601	0.549089068826
183.0	0.231249942188	0.206404269387	0.208931131556	2	1510583942.2678728	nan	nan
183.0	0.179166621875	0.754325451571	0.192863654059	2	1510583943.2027886	53.8947368421	0.526315789474
182.5	0.181249954688	0.733578247978	0.183197367584	2	1510583944.2007139	53.8947368421	0.526315789474
182.5	0.179166621875	0.726221328416	0.172326363634	2	1510583945.1976597	53.5424836601	0.549089068826
182.5	0.177083289063	0.64373069339	0.154577008938	2	1510583946.1933901	53.5424836601	0.516363022942

#$Filter:op09
#$	0	1	 1
#$	1	op06	0.251188643150958
#$	2	op09	0.02848931924611138
#$	3	op18*op18*op18	3.9810717055349725e-06
#$	4	ns12	1e-7
#$	5	0	 1e-22
#$POWER:46.5, mW
#$WAVELENGTH:532,nm
#$OBJECT:ZnO1, bscat, on wires	=	=	=	=	=	=	=	=	=	=	=
angle	ref	signal	signal_std	filter	Time	freq	duty_cycle
182.0	0.17499995625	0.528185432034	0.148593558645	2	1510584502.1896348	53.8947368421	0.526315789474
182.0	0.177083289063	0.451779867163	0.186173589529	2	1510584502.6189632	53.8947368421	0.526315789474
182.0	0.179166621875	0.489657095545	0.122571656649	2	1510584503.377753	53.8947368421	0.526315789474
182.0	0.181249954688	0.435033281409	0.106712412304	2	1510584504.1926155	54.2516556291	0.523115220484
182.0	0.179166621875	0.409986596604	0.148175911895	2	1510584504.6115623	54.2516556291	0.523115220484
181.5	0.177083289063	0.433162378156	0.112886379657	2	1510584505.3804486	54.2516556291	0.523115220484
181.5	0.177083289063	0.422502134518	0.090080236331	2	1510584506.1970196	53.1948051948	0.545546558704
181.5	0.177083289063	0.322166138096	0.150820081008	2	1510584506.6064532	52.8516129032	0.535425101215
181.5	0.181249954688	0.393832788009	0.0787980668661	2	1510584507.3710916	53.4260869565	0.539136302294
181.5	0.177083289063	0.385433640981	0.0930919777172	2	1510584508.2010057	53.5424836601	0.549089068826
181.5	0.177083289063	0.120351672421	0.200920071668	2	1510584508.6095212	53.1948051948	0.545546558704
181.0	0.177083289063	0.39359974181	0.0869913534661	2	1510584509.3739784	53.5424836601	0.542510121457
181.0	0.17499995625	0.382703087047	0.10957064142	2	1510584510.193409	53.8947368421	0.526315789474
181.0	0.179166621875	0.335070959142	0.14660821595	2	1510584510.6126337	54.2516556291	0.523115220484
181.0	0.17499995625	0.414637800809	0.106477875734	2	1510584511.379543	54.2516556291	0.523115220484
181.0	0.17499995625	0.40792087875	0.0877686371745	2	1510584512.1975112	54.2516556291	0.516536273115
180.5	0.17499995625	0.207851448491	0.204407361155	2	1510584512.6060817	53.5424836601	0.516363022942
