-3.543642883300781250e+02	1.986784577369689941e+00
-3.543642883300781250e+02	1.277491569519042969e+00
-3.543642883300781250e+02	1.986784577369689941e+00
-3.533642883300781250e+02	1.986784577369689941e+00
-3.523642883300781250e+02	1.986784577369689941e+00
-3.513642883300781250e+02	1.986784577369689941e+00
-3.503642883300781250e+02	1.986784577369689941e+00
-3.493642883300781250e+02	3.973569154739379883e+00
-3.483642883300781250e+02	3.973569154739379883e+00
-3.483642883300781250e+02	5.960353851318359375e+00
-3.473642883300781250e+02	5.960353851318359375e+00
-3.463642883300781250e+02	9.933922767639160156e+00
-3.453642883300781250e+02	3.576212310791015625e+01
-3.443642883300781250e+02	1.609295501708984375e+02
-3.433642883300781250e+02	1.966916809082031250e+02
-3.413642883300781250e+02	2.086123809814453125e+02
-3.413642883300781250e+02	1.887445373535156250e+02
-3.403642883300781250e+02	2.086123809814453125e+02
-3.393642883300781250e+02	1.887445373535156250e+02
-3.383642883300781250e+02	1.887445373535156250e+02
-3.373642883300781250e+02	1.788106231689453125e+02
-3.363642883300781250e+02	1.688766937255859375e+02
-3.363642883300781250e+02	1.688766937255859375e+02
-3.353642883300781250e+02	1.589427642822265625e+02
-3.343642883300781250e+02	1.589427642822265625e+02
-3.333642883300781250e+02	1.509956359863281250e+02
-3.323642883300781250e+02	1.509956359863281250e+02
-3.313642883300781250e+02	1.470220642089843750e+02
-3.303642883300781250e+02	1.460286712646484375e+02
-3.293642883300781250e+02	1.370881347656250000e+02
-3.283642883300781250e+02	1.351013488769531250e+02
-3.273642883300781250e+02	1.331145629882812500e+02
-3.263642883300781250e+02	1.400683135986328125e+02
-3.253642883300781250e+02	1.341079559326171875e+02
-3.253642883300781250e+02	1.341079559326171875e+02
-3.243642883300781250e+02	1.261608200073242188e+02
-3.233642883300781250e+02	1.281476135253906250e+02
-3.223642883300781250e+02	1.241740417480468750e+02
-3.213642883300781250e+02	1.261608200073242188e+02
-3.203642883300781250e+02	1.281476135253906250e+02
-3.193642883300781250e+02	1.281476135253906250e+02
-3.183642883300781250e+02	1.231806488037109375e+02
-3.183642883300781250e+02	1.241740417480468750e+02
-3.173642883300781250e+02	1.211938629150390625e+02
-3.163642883300781250e+02	1.251674346923828125e+02
-3.153642883300781250e+02	1.221872558593750000e+02
-3.143642883300781250e+02	1.221872558593750000e+02
-3.133642883300781250e+02	1.241740417480468750e+02
-3.133642883300781250e+02	1.172202911376953125e+02
-3.123642883300781250e+02	1.172202911376953125e+02
-3.113642883300781250e+02	1.172202911376953125e+02
-3.103642883300781250e+02	1.122533340454101562e+02
-3.093642883300781250e+02	1.122533340454101562e+02
-3.083642883300781250e+02	1.211938629150390625e+02
-3.073642883300781250e+02	1.182136840820312500e+02
-3.073642883300781250e+02	1.182136840820312500e+02
-3.063642883300781250e+02	1.142401123046875000e+02
-3.053642883300781250e+02	1.182136840820312500e+02
-3.043642883300781250e+02	1.211938629150390625e+02
-3.033642883300781250e+02	1.192070770263671875e+02
-3.023642883300781250e+02	1.241740417480468750e+02
-3.013642883300781250e+02	1.142401123046875000e+02
-3.003642883300781250e+02	1.142401123046875000e+02
-2.993642883300781250e+02	1.172202911376953125e+02
-2.993642883300781250e+02	1.122533340454101562e+02
-2.983642883300781250e+02	1.092731552124023438e+02
-2.973642883300781250e+02	1.132467269897460938e+02
-2.963642883300781250e+02	1.132467269897460938e+02
-2.953642883300781250e+02	1.102665481567382812e+02
-2.943642883300781250e+02	1.092731552124023438e+02
-2.943642883300781250e+02	1.052995834350585938e+02
-2.933642883300781250e+02	1.092731552124023438e+02
-2.923642883300781250e+02	1.082797622680664062e+02
-2.913642883300781250e+02	1.072863693237304688e+02
-2.903642883300781250e+02	1.043061904907226562e+02
-2.893642883300781250e+02	1.072863693237304688e+02
-2.883642883300781250e+02	1.072863693237304688e+02
-2.883642883300781250e+02	1.013260192871093750e+02
-2.863642883300781250e+02	1.052995834350585938e+02
-2.863642883300781250e+02	1.023194046020507812e+02
-2.853642883300781250e+02	1.013260192871093750e+02
-2.843642883300781250e+02	9.834584045410156250e+01
-2.833642883300781250e+02	9.933923339843750000e+01
-2.823642883300781250e+02	9.735244750976562500e+01
-2.813642883300781250e+02	9.834584045410156250e+01
-2.813642883300781250e+02	9.735244750976562500e+01
-2.803642883300781250e+02	9.933923339843750000e+01
-2.783642883300781250e+02	9.536566162109375000e+01
-2.783642883300781250e+02	9.635905456542968750e+01
-2.773642883300781250e+02	9.933923339843750000e+01
-2.763642883300781250e+02	9.238548278808593750e+01
-2.753642883300781250e+02	9.437226867675781250e+01
-2.743642883300781250e+02	9.437226867675781250e+01
-2.733642883300781250e+02	9.437226867675781250e+01
-2.733642883300781250e+02	9.238548278808593750e+01
-2.723642883300781250e+02	9.039869689941406250e+01
-2.713642883300781250e+02	9.337887573242187500e+01
-2.703642883300781250e+02	9.337887573242187500e+01
-2.693642883300781250e+02	9.039869689941406250e+01
-2.683642883300781250e+02	8.642513275146484375e+01
-2.673642883300781250e+02	8.344495391845703125e+01
-2.673642883300781250e+02	8.543173980712890625e+01
-2.663642883300781250e+02	8.841191864013671875e+01
-2.653642883300781250e+02	8.841191864013671875e+01
-2.643642883300781250e+02	8.245156097412109375e+01
-2.633642883300781250e+02	8.245156097412109375e+01
-2.623642883300781250e+02	8.543173980712890625e+01
-2.613642883300781250e+02	8.046477508544921875e+01
-2.603642883300781250e+02	7.847798919677734375e+01
-2.603642883300781250e+02	8.046477508544921875e+01
-2.593642883300781250e+02	7.847798919677734375e+01
-2.583642883300781250e+02	7.649121093750000000e+01
-2.573642883300781250e+02	7.748460388183593750e+01
-2.563642883300781250e+02	7.450442504882812500e+01
-2.553642883300781250e+02	7.351103210449218750e+01
-2.543642883300781250e+02	7.947138214111328125e+01
-2.533642883300781250e+02	7.351103210449218750e+01
-2.533642883300781250e+02	7.251763916015625000e+01
-2.523642883300781250e+02	7.251763916015625000e+01
-2.513642883300781250e+02	7.251763916015625000e+01
-2.503642883300781250e+02	7.152424621582031250e+01
-2.493642883300781250e+02	7.053085327148437500e+01
-2.493642883300781250e+02	6.854406738281250000e+01
-2.483642883300781250e+02	6.755067443847656250e+01
-2.483642883300781250e+02	7.053085327148437500e+01
-2.483642883300781250e+02	6.953746032714843750e+01
-2.473642883300781250e+02	6.755067443847656250e+01
-2.473642883300781250e+02	7.152424621582031250e+01
-2.473642883300781250e+02	6.457050323486328125e+01
-2.463642883300781250e+02	6.357710647583007812e+01
-2.453642883300781250e+02	6.457050323486328125e+01
-2.443642883300781250e+02	6.457050323486328125e+01
-2.433642883300781250e+02	6.556389617919921875e+01
-2.423642883300781250e+02	5.861014556884765625e+01
-2.423642883300781250e+02	5.861014556884765625e+01
-2.413642883300781250e+02	5.960353851318359375e+01
-2.403642883300781250e+02	6.059693145751953125e+01
-2.393642883300781250e+02	6.059693145751953125e+01
-2.383642883300781250e+02	5.761675262451171875e+01
-2.373642883300781250e+02	5.761675262451171875e+01
-2.373642883300781250e+02	5.761675262451171875e+01
-2.363642883300781250e+02	5.364318466186523438e+01
-2.343642883300781250e+02	5.066300964355468750e+01
-2.343642883300781250e+02	5.066300964355468750e+01
-2.333642883300781250e+02	4.867622375488281250e+01
-2.323642883300781250e+02	4.470265579223632812e+01
-2.313642883300781250e+02	4.470265579223632812e+01
-2.303642883300781250e+02	4.370926284790039062e+01
-2.293642883300781250e+02	3.973569107055664062e+01
-2.293642883300781250e+02	3.576212310791015625e+01
-2.273642883300781250e+02	3.119251823425292969e+01
-2.273642883300781250e+02	3.079516220092773438e+01
-2.263642883300781250e+02	2.682159233093261719e+01
-2.253642883300781250e+02	2.443745040893554688e+01
-2.243642883300781250e+02	2.344405937194824219e+01
-2.233642883300781250e+02	2.026520347595214844e+01
-2.223642883300781250e+02	1.907313156127929688e+01
-2.213642883300781250e+02	1.907313156127929688e+01
-2.213642883300781250e+02	1.827841758728027344e+01
-2.193642883300781250e+02	1.569559860229492188e+01
-2.193642883300781250e+02	1.649031257629394531e+01
-2.183642883300781250e+02	1.490088462829589844e+01
-2.173642883300781250e+02	1.549691963195800781e+01
-2.163642883300781250e+02	1.370881366729736328e+01
-2.153642883300781250e+02	1.331145668029785156e+01
-2.143642883300781250e+02	1.271542167663574219e+01
-2.143642883300781250e+02	1.251674270629882812e+01
-2.133642883300781250e+02	1.231806468963623047e+01
-2.133642883300781250e+02	1.686289024353027344e+01
-2.123642883300781250e+02	1.211938571929931641e+01
-2.123642883300781250e+02	1.673513984680175781e+01
-2.113642883300781250e+02	1.211938571929931641e+01
-2.113642883300781250e+02	1.711838722229003906e+01
-2.103642883300781250e+02	1.152335071563720703e+01
-2.093642883300781250e+02	1.596864509582519531e+01
-2.093642883300781250e+02	1.172202968597412109e+01
-2.093642883300781250e+02	1.132467269897460938e+01
-2.083642883300781250e+02	1.072863674163818359e+01
-2.083642883300781250e+02	1.532989978790283203e+01
-2.073642883300781250e+02	1.481890296936035156e+01
-2.073642883300781250e+02	1.072863674163818359e+01
-2.063642883300781250e+02	1.052995872497558594e+01
-2.053642883300781250e+02	1.013260173797607422e+01
-2.053642883300781250e+02	1.456340408325195312e+01
-2.043642883300781250e+02	4.522320270538330078e+00
-2.043642883300781250e+02	1.430790615081787109e+01
-2.033642883300781250e+02	4.522320270538330078e+00
-2.033642883300781250e+02	1.366915988922119141e+01
-2.023642883300781250e+02	4.522320270538330078e+00
-2.023642883300781250e+02	1.264716720581054688e+01
-2.013642883300781250e+02	1.290266513824462891e+01
-2.013642883300781250e+02	4.522320270538330078e+00
-2.003642883300781250e+02	4.522320270538330078e+00
-1.993642883300781250e+02	1.175292301177978516e+01
-1.993642883300781250e+02	4.522320270538330078e+00
-1.983642883300781250e+02	1.188067245483398438e+01
-1.973642883300781250e+02	1.175292301177978516e+01
-1.953642883300781250e+02	1.124192619323730469e+01
-1.943642883300781250e+02	1.111417675018310547e+01
-1.933642883300781250e+02	1.098642826080322266e+01
-1.913642883300781250e+02	9.964434623718261719e+00
-1.903642883300781250e+02	9.325688362121582031e+00
-1.893642883300781250e+02	9.197939872741699219e+00
-1.873642883300781250e+02	9.197939872741699219e+00
-1.863642883300781250e+02	9.197939872741699219e+00
-1.853642883300781250e+02	8.814692497253417969e+00
-1.843642883300781250e+02	9.453437805175781250e+00
-1.833642883300781250e+02	9.197939872741699219e+00
-1.823642883300781250e+02	9.325688362121582031e+00
-1.813642883300781250e+02	9.581187248229980469e+00
-1.803642883300781250e+02	9.708936691284179688e+00
-1.793642883300781250e+02	9.453437805175781250e+00
-1.783642883300781250e+02	9.836685180664062500e+00
-1.773642883300781250e+02	9.836685180664062500e+00
-1.773642883300781250e+02	9.964434623718261719e+00
-1.763642883300781250e+02	1.021993255615234375e+01
-1.753642883300781250e+02	1.047543144226074219e+01
-1.743642883300781250e+02	1.034768199920654297e+01
-1.733642883300781250e+02	1.047543144226074219e+01
-1.723642883300781250e+02	1.085867881774902344e+01
-1.713642883300781250e+02	1.085867881774902344e+01
-1.703642883300781250e+02	1.136967563629150391e+01
-1.693642883300781250e+02	1.226391983032226562e+01
-1.683642883300781250e+02	1.226391983032226562e+01
-1.673642883300781250e+02	1.239166831970214844e+01
-1.663642883300781250e+02	1.213617038726806641e+01
-1.663642883300781250e+02	1.315816402435302734e+01
-1.653642883300781250e+02	1.341366195678710938e+01
-1.643642883300781250e+02	1.418015670776367188e+01
-1.633642883300781250e+02	1.418015670776367188e+01
-1.623642883300781250e+02	1.418015670776367188e+01
-1.613642883300781250e+02	1.443565559387207031e+01
-1.613642883300781250e+02	1.545764827728271484e+01
-1.603642883300781250e+02	1.571314716339111328e+01
-1.593642883300781250e+02	1.647964096069335938e+01
-1.583642883300781250e+02	1.673513984680175781e+01
-1.573642883300781250e+02	1.801263236999511719e+01
-1.563642883300781250e+02	1.852362823486328125e+01
-1.563642883300781250e+02	1.929012298583984375e+01
-1.553642883300781250e+02	2.082311248779296875e+01
-1.533642883300781250e+02	1.589427661895751953e+01
-1.523642883300781250e+02	1.788106155395507812e+01
-1.513642883300781250e+02	2.284802246093750000e+01
-1.503642883300781250e+02	2.284802246093750000e+01
-1.493642883300781250e+02	2.582819938659667969e+01
-1.483642883300781250e+02	2.781498527526855469e+01
-1.483642883300781250e+02	3.377533721923828125e+01
-1.473642883300781250e+02	3.377533721923828125e+01
-1.463642883300781250e+02	4.072908401489257812e+01
-1.453642883300781250e+02	4.370926284790039062e+01
-1.443642883300781250e+02	5.066300964355468750e+01
-1.433642883300781250e+02	5.165639877319335938e+01
-1.423642883300781250e+02	5.861014556884765625e+01
-1.413642883300781250e+02	6.556389617919921875e+01
-1.403642883300781250e+02	7.649121093750000000e+01
-1.403642883300781250e+02	7.549781799316406250e+01
-1.393642883300781250e+02	8.344495391845703125e+01
-1.383642883300781250e+02	9.238548278808593750e+01
-1.373642883300781250e+02	9.139208984375000000e+01
-1.363642883300781250e+02	9.139208984375000000e+01
-1.363642883300781250e+02	9.834584045410156250e+01
-1.353642883300781250e+02	1.132467269897460938e+02
-1.343642883300781250e+02	1.132467269897460938e+02
-1.333642883300781250e+02	1.112599411010742188e+02
-1.323642883300781250e+02	1.192070770263671875e+02
-1.313642883300781250e+02	1.261608200073242188e+02
-1.303642883300781250e+02	1.271542129516601562e+02
-1.303642883300781250e+02	1.261608200073242188e+02
-1.293642883300781250e+02	1.341079559326171875e+02
-1.283642883300781250e+02	1.390749206542968750e+02
-1.273642883300781250e+02	1.410617065429687500e+02
-1.253642883300781250e+02	1.470220642089843750e+02
-1.253642883300781250e+02	1.470220642089843750e+02
-1.243642883300781250e+02	1.470220642089843750e+02
-1.233642883300781250e+02	1.549692077636718750e+02
-1.223642883300781250e+02	1.589427642822265625e+02
-1.213642883300781250e+02	1.589427642822265625e+02
-1.213642883300781250e+02	1.629163360595703125e+02
-1.203642883300781250e+02	1.549692077636718750e+02
-1.193642883300781250e+02	1.668899078369140625e+02
-1.183642883300781250e+02	1.668899078369140625e+02
-1.173642883300781250e+02	1.708634796142578125e+02
-1.163642883300781250e+02	1.748370513916015625e+02
-1.153642883300781250e+02	1.748370513916015625e+02
-1.153642883300781250e+02	1.748370513916015625e+02
-1.143642883300781250e+02	1.788106231689453125e+02
-1.133642883300781250e+02	1.907313232421875000e+02
-1.123642883300781250e+02	1.867577514648437500e+02
-1.113642883300781250e+02	1.907313232421875000e+02
-1.103642883300781250e+02	1.986784667968750000e+02
-1.093642883300781250e+02	1.947048950195312500e+02
-1.083642883300781250e+02	2.105991668701171875e+02
-1.083642883300781250e+02	1.986784667968750000e+02
-1.073642883300781250e+02	2.026520385742187500e+02
-1.063642883300781250e+02	2.105991668701171875e+02
-1.053642883300781250e+02	2.225198822021484375e+02
-1.043642883300781250e+02	2.105991668701171875e+02
-1.033642883300781250e+02	2.145727386474609375e+02
-1.023642883300781250e+02	2.264934539794921875e+02
-1.013642883300781250e+02	2.185463104248046875e+02
-1.003642883300781250e+02	2.225198822021484375e+02
-1.003642883300781250e+02	2.304670104980468750e+02
-9.836428833007812500e+01	2.463612976074218750e+02
-9.836428833007812500e+01	2.344405822753906250e+02
-9.736428833007812500e+01	2.503348693847656250e+02
-9.636428833007812500e+01	2.463612976074218750e+02
-9.536428833007812500e+01	2.463612976074218750e+02
-9.436428833007812500e+01	2.463612976074218750e+02
-9.336428833007812500e+01	2.503348693847656250e+02
-9.336428833007812500e+01	2.503348693847656250e+02
-9.236428833007812500e+01	2.622555847167968750e+02
-9.136428833007812500e+01	2.463612976074218750e+02
-9.036428833007812500e+01	2.503348693847656250e+02
-8.936428833007812500e+01	2.582820129394531250e+02
-8.836428833007812500e+01	2.860969848632812500e+02
-8.836428833007812500e+01	2.702026977539062500e+02
-8.636428833007812500e+01	2.781498413085937500e+02
-8.536428833007812500e+01	2.741762695312500000e+02
-8.436428833007812500e+01	2.821234130859375000e+02
-8.336428833007812500e+01	2.860969848632812500e+02
-8.236428833007812500e+01	2.900705566406250000e+02
-8.136428833007812500e+01	2.860969848632812500e+02
-8.136428833007812500e+01	3.019912719726562500e+02
-8.036428833007812500e+01	3.019912719726562500e+02
-7.936428833007812500e+01	2.940441284179687500e+02
-7.836428833007812500e+01	3.059648437500000000e+02
-7.736428833007812500e+01	3.019912719726562500e+02
-7.636428833007812500e+01	3.139119567871093750e+02
-7.636428833007812500e+01	3.099384155273437500e+02
-7.536428833007812500e+01	3.218591003417968750e+02
-7.336428833007812500e+01	3.178855285644531250e+02
-7.336428833007812500e+01	3.298062438964843750e+02
-7.236428833007812500e+01	3.337798156738281250e+02
-7.136428833007812500e+01	3.337798156738281250e+02
-7.036428833007812500e+01	3.337798156738281250e+02
-6.936428833007812500e+01	3.417269592285156250e+02
-6.836428833007812500e+01	3.457005310058593750e+02
-6.836428833007812500e+01	3.457005310058593750e+02
-6.736428833007812500e+01	3.655683593750000000e+02
-6.636428833007812500e+01	3.695419311523437500e+02
-6.536428833007812500e+01	3.655683593750000000e+02
-6.436428833007812500e+01	3.576212463378906250e+02
-6.336428833007812500e+01	3.615947875976562500e+02
-6.336428833007812500e+01	3.615947875976562500e+02
-6.236428833007812500e+01	3.655683593750000000e+02
-6.136428833007812500e+01	3.854362182617187500e+02
-6.036428833007812500e+01	3.854362182617187500e+02
-5.936428833007812500e+01	3.854362182617187500e+02
-5.836428833007812500e+01	3.774890747070312500e+02
-5.736428833007812500e+01	3.933833618164062500e+02
-5.636428833007812500e+01	4.053040771484375000e+02
-5.536428833007812500e+01	4.291454772949218750e+02
-5.536428833007812500e+01	4.291454772949218750e+02
-5.436428833007812500e+01	4.211983337402343750e+02
-5.336428833007812500e+01	4.211983337402343750e+02
-5.236428833007812500e+01	4.251719055175781250e+02
-5.136428833007812500e+01	4.291454772949218750e+02
-5.036428833007812500e+01	4.291454772949218750e+02
-4.936428833007812500e+01	4.450397644042968750e+02
-4.836428833007812500e+01	4.370926208496093750e+02
-4.736428833007812500e+01	4.490133361816406250e+02
-4.736428833007812500e+01	4.490133361816406250e+02
-4.636428833007812500e+01	4.569604492187500000e+02
-4.536428833007812500e+01	4.847754516601562500e+02
-4.436428833007812500e+01	4.728547363281250000e+02
-4.336428833007812500e+01	4.887490234375000000e+02
-4.236428833007812500e+01	5.006697387695312500e+02
-4.136428833007812500e+01	5.046432800292968750e+02
-4.036428833007812500e+01	5.006697387695312500e+02
-3.936428833007812500e+01	5.125904541015625000e+02
-3.936428833007812500e+01	5.125904541015625000e+02
-3.836428833007812500e+01	5.205375976562500000e+02
-3.736428833007812500e+01	5.245111694335937500e+02
-3.636428833007812500e+01	5.324582519531250000e+02
-3.536428833007812500e+01	5.364318237304687500e+02
-3.436428833007812500e+01	5.642468261718750000e+02
-3.436428833007812500e+01	5.284846801757812500e+02
-3.236428833007812500e+01	5.682203979492187500e+02
-3.136428833007812500e+01	5.682203979492187500e+02
-3.136428833007812500e+01	5.682203979492187500e+02
-2.936428833007812500e+01	5.989932250976562500e+02
-2.836428833007812500e+01	5.989932250976562500e+02
-2.636428833007812500e+01	5.989932250976562500e+02
-2.636428833007812500e+01	6.250364379882812500e+02
-2.536428833007812500e+01	5.989932250976562500e+02
-2.436428833007812500e+01	6.250364379882812500e+02
-2.336428833007812500e+01	6.510795898437500000e+02
-2.236428833007812500e+01	6.510795898437500000e+02
-2.136428833007812500e+01	6.510795898437500000e+02
-2.036428833007812500e+01	6.250364379882812500e+02
-1.836428833007812500e+01	6.510795898437500000e+02
-1.836428833007812500e+01	6.771228027343750000e+02
-1.736428833007812500e+01	6.510795898437500000e+02
-1.636428833007812500e+01	6.771228027343750000e+02
-1.536428833007812500e+01	6.771228027343750000e+02
-1.436428833007812500e+01	7.031659545898437500e+02
-1.336428833007812500e+01	7.292091674804687500e+02
-1.136428833007812500e+01	7.292091674804687500e+02
-1.136428833007812500e+01	7.031659545898437500e+02
-1.036428833007812500e+01	7.552523803710937500e+02
-9.364288330078125000e+00	7.552523803710937500e+02
-8.364288330078125000e+00	7.552523803710937500e+02
-7.364288330078125000e+00	7.552523803710937500e+02
-6.364288330078125000e+00	7.552523803710937500e+02
-5.364288330078125000e+00	7.292091674804687500e+02
-4.364288330078125000e+00	7.031659545898437500e+02
-2.364288330078125000e+00	7.031659545898437500e+02
-2.364288330078125000e+00	7.031659545898437500e+02
-1.364288330078125000e+00	7.031659545898437500e+02
-3.642883300781250000e-01	7.292091674804687500e+02
6.357116699218750000e-01	7.292091674804687500e+02
1.635711669921875000e+00	7.031659545898437500e+02
2.635711669921875000e+00	6.771228027343750000e+02
3.635711669921875000e+00	6.771228027343750000e+02
5.635711669921875000e+00	8.073386840820312500e+02
6.635711669921875000e+00	7.812955322265625000e+02
7.635711669921875000e+00	7.552523803710937500e+02
9.635711669921875000e+00	7.292091674804687500e+02
9.635711669921875000e+00	7.292091674804687500e+02
1.063571166992187500e+01	7.031659545898437500e+02
1.163571166992187500e+01	6.771228027343750000e+02
1.363571166992187500e+01	6.771228027343750000e+02
1.363571166992187500e+01	6.510795898437500000e+02
1.463571166992187500e+01	6.510795898437500000e+02
1.563571166992187500e+01	6.510795898437500000e+02
1.663571166992187500e+01	6.250364379882812500e+02
1.763571166992187500e+01	5.989932250976562500e+02
1.863571166992187500e+01	5.989932250976562500e+02
1.963571166992187500e+01	5.989932250976562500e+02
2.063571166992187500e+01	5.989932250976562500e+02
2.163571166992187500e+01	5.729500732421875000e+02
2.263571166992187500e+01	5.469068603515625000e+02
2.363571166992187500e+01	5.469068603515625000e+02
2.463571166992187500e+01	5.208637084960937500e+02
2.563571166992187500e+01	5.469068603515625000e+02
2.663571166992187500e+01	5.469068603515625000e+02
2.763571166992187500e+01	5.208637084960937500e+02
2.763571166992187500e+01	5.208637084960937500e+02
2.863571166992187500e+01	4.948205261230468750e+02
3.063571166992187500e+01	5.208637084960937500e+02
3.163571166992187500e+01	4.948205261230468750e+02
3.263571166992187500e+01	4.948205261230468750e+02
3.363571166992187500e+01	4.948205261230468750e+02
3.363571166992187500e+01	4.948205261230468750e+02
3.563571166992187500e+01	4.687773132324218750e+02
3.563571166992187500e+01	4.687773132324218750e+02
3.663571166992187500e+01	4.687773132324218750e+02
3.763571166992187500e+01	4.687773132324218750e+02
3.963571166992187500e+01	4.427341308593750000e+02
3.963571166992187500e+01	4.427341308593750000e+02
4.063571166992187500e+01	4.427341308593750000e+02
4.163571166992187500e+01	4.427341308593750000e+02
4.263571166992187500e+01	4.166909484863281250e+02
4.863571166992187500e+01	3.655683593750000000e+02
4.963571166992187500e+01	3.576212463378906250e+02
4.963571166992187500e+01	3.576212463378906250e+02
5.063571166992187500e+01	3.615947875976562500e+02
5.163571166992187500e+01	3.496741027832031250e+02
5.263571166992187500e+01	3.496741027832031250e+02
5.363571166992187500e+01	3.377533874511718750e+02
5.463571166992187500e+01	3.457005310058593750e+02
5.463571166992187500e+01	3.457005310058593750e+02
5.563571166992187500e+01	3.377533874511718750e+02
5.663571166992187500e+01	3.337798156738281250e+02
5.763571166992187500e+01	3.298062438964843750e+02
5.863571166992187500e+01	3.258326721191406250e+02
5.963571166992187500e+01	3.178855285644531250e+02
6.063571166992187500e+01	3.178855285644531250e+02
6.163571166992187500e+01	3.178855285644531250e+02
6.263571166992187500e+01	3.218591003417968750e+02
6.263571166992187500e+01	3.218591003417968750e+02
6.363571166992187500e+01	3.099384155273437500e+02
6.563571166992187500e+01	2.980177001953125000e+02
6.563571166992187500e+01	3.099384155273437500e+02
6.663571166992187500e+01	2.940441284179687500e+02
6.763571166992187500e+01	2.860969848632812500e+02
6.863571166992187500e+01	2.860969848632812500e+02
6.963571166992187500e+01	2.821234130859375000e+02
6.963571166992187500e+01	2.900705566406250000e+02
7.063571166992187500e+01	2.900705566406250000e+02
7.163571166992187500e+01	2.860969848632812500e+02
7.263571166992187500e+01	2.781498413085937500e+02
7.363571166992187500e+01	2.741762695312500000e+02
7.463571166992187500e+01	2.702026977539062500e+02
7.563571166992187500e+01	2.662291259765625000e+02
7.663571166992187500e+01	2.622555847167968750e+02
7.763571166992187500e+01	2.622555847167968750e+02
7.863571166992187500e+01	2.622555847167968750e+02
7.863571166992187500e+01	2.582820129394531250e+02
7.963571166992187500e+01	2.582820129394531250e+02
8.063571166992187500e+01	2.463612976074218750e+02
8.163571166992187500e+01	2.503348693847656250e+02
8.263571166992187500e+01	2.463612976074218750e+02
8.363571166992187500e+01	2.463612976074218750e+02
8.463571166992187500e+01	2.423877258300781250e+02
8.563571166992187500e+01	2.423877258300781250e+02
8.663571166992187500e+01	2.423877258300781250e+02
8.663571166992187500e+01	2.423877258300781250e+02
8.763571166992187500e+01	2.264934539794921875e+02
8.863571166992187500e+01	2.225198822021484375e+02
8.963571166992187500e+01	2.225198822021484375e+02
9.063571166992187500e+01	2.185463104248046875e+02
9.163571166992187500e+01	2.185463104248046875e+02
9.263571166992187500e+01	2.145727386474609375e+02
9.363571166992187500e+01	2.105991668701171875e+02
9.463571166992187500e+01	2.105991668701171875e+02
9.563571166992187500e+01	2.066255950927734375e+02
9.563571166992187500e+01	2.066255950927734375e+02
9.663571166992187500e+01	2.026520385742187500e+02
9.763571166992187500e+01	1.947048950195312500e+02
9.863571166992187500e+01	1.947048950195312500e+02
9.963571166992187500e+01	1.907313232421875000e+02
1.006357116699218750e+02	1.907313232421875000e+02
1.016357116699218750e+02	1.907313232421875000e+02
1.026357116699218750e+02	1.907313232421875000e+02
1.026357116699218750e+02	1.867577514648437500e+02
1.046357116699218750e+02	1.827841796875000000e+02
1.046357116699218750e+02	1.788106231689453125e+02
1.056357116699218750e+02	1.748370513916015625e+02
1.066357116699218750e+02	1.668899078369140625e+02
1.076357116699218750e+02	1.668899078369140625e+02
1.086357116699218750e+02	1.668899078369140625e+02
1.096357116699218750e+02	1.708634796142578125e+02
1.106357116699218750e+02	1.668899078369140625e+02
1.116357116699218750e+02	1.629163360595703125e+02
1.116357116699218750e+02	1.629163360595703125e+02
1.136357116699218750e+02	1.589427642822265625e+02
1.136357116699218750e+02	1.549692077636718750e+02
1.146357116699218750e+02	1.509956359863281250e+02
1.156357116699218750e+02	1.509956359863281250e+02
1.166357116699218750e+02	1.509956359863281250e+02
1.176357116699218750e+02	1.390749206542968750e+02
1.186357116699218750e+02	1.430484924316406250e+02
1.196357116699218750e+02	1.351013488769531250e+02
1.206357116699218750e+02	1.311277923583984375e+02
1.206357116699218750e+02	1.311277923583984375e+02
1.216357116699218750e+02	1.351013488769531250e+02
1.226357116699218750e+02	1.311277923583984375e+02
1.236357116699218750e+02	1.271542129516601562e+02
1.246357116699218750e+02	1.231806488037109375e+02
1.256357116699218750e+02	1.192070770263671875e+02
1.266357116699218750e+02	1.192070770263671875e+02
1.276357116699218750e+02	1.152335052490234375e+02
1.286357116699218750e+02	1.112599411010742188e+02
1.296357116699218750e+02	1.112599411010742188e+02
1.296357116699218750e+02	1.112599411010742188e+02
1.306357116699218750e+02	1.072863693237304688e+02
1.316357116699218750e+02	9.933923339843750000e+01
1.326357116699218750e+02	9.536566162109375000e+01
1.336357116699218750e+02	9.536566162109375000e+01
1.346357116699218750e+02	9.933923339843750000e+01
1.356357116699218750e+02	9.536566162109375000e+01
1.366357116699218750e+02	9.139208984375000000e+01
1.376357116699218750e+02	9.139208984375000000e+01
1.376357116699218750e+02	9.139208984375000000e+01
1.386357116699218750e+02	9.139208984375000000e+01
1.396357116699218750e+02	8.344495391845703125e+01
1.406357116699218750e+02	8.344495391845703125e+01
1.416357116699218750e+02	7.947138214111328125e+01
1.426357116699218750e+02	7.549781799316406250e+01
1.436357116699218750e+02	7.549781799316406250e+01
1.446357116699218750e+02	6.755067443847656250e+01
1.456357116699218750e+02	6.755067443847656250e+01
1.456357116699218750e+02	6.755067443847656250e+01
1.466357116699218750e+02	6.357710647583007812e+01
1.476357116699218750e+02	5.960353851318359375e+01
1.486357116699218750e+02	5.960353851318359375e+01
1.496357116699218750e+02	5.562997055053710938e+01
1.516357116699218750e+02	4.768283081054687500e+01
1.536357116699218750e+02	4.450397491455078125e+01
1.546357116699218750e+02	3.814626312255859375e+01
1.556357116699218750e+02	3.536476516723632812e+01
1.576357116699218750e+02	3.099383926391601562e+01
1.586357116699218750e+02	2.940441322326660156e+01
1.596357116699218750e+02	2.543084335327148438e+01
1.616357116699218750e+02	2.463612937927246094e+01
1.626357116699218750e+02	2.463612937927246094e+01
1.646357116699218750e+02	2.264934539794921875e+01
1.656357116699218750e+02	2.304670143127441406e+01
1.666357116699218750e+02	2.225198745727539062e+01
1.676357116699218750e+02	2.145727348327636719e+01
1.696357116699218750e+02	2.145727348327636719e+01
1.706357116699218750e+02	2.145727348327636719e+01
1.716357116699218750e+02	2.145727348327636719e+01
1.736357116699218750e+02	2.145727348327636719e+01
1.746357116699218750e+02	2.066255950927734375e+01
1.756357116699218750e+02	2.145727348327636719e+01
1.776357116699218750e+02	2.066255950927734375e+01
1.786357116699218750e+02	1.986784553527832031e+01
1.796357116699218750e+02	2.026520347595214844e+01
1.816357116699218750e+02	2.105991744995117188e+01
1.826357116699218750e+02	2.105991744995117188e+01
1.836357116699218750e+02	2.185463142395019531e+01
1.846357116699218750e+02	2.145727348327636719e+01
1.866357116699218750e+02	2.066255950927734375e+01
1.876357116699218750e+02	2.145727348327636719e+01
1.896357116699218750e+02	2.304670143127441406e+01
1.906357116699218750e+02	2.225198745727539062e+01
1.916357116699218750e+02	2.105991744995117188e+01
1.936357116699218750e+02	2.225198745727539062e+01
1.946357116699218750e+02	2.225198745727539062e+01
1.956357116699218750e+02	2.225198745727539062e+01
1.976357116699218750e+02	2.264934539794921875e+01
1.986357116699218750e+02	2.264934539794921875e+01
1.996357116699218750e+02	2.264934539794921875e+01
2.016357116699218750e+02	2.384141540527343750e+01
2.026357116699218750e+02	2.384141540527343750e+01
2.036357116699218750e+02	2.463612937927246094e+01
2.056357116699218750e+02	2.503348541259765625e+01
2.066357116699218750e+02	2.622555732727050781e+01
2.076357116699218750e+02	2.702027130126953125e+01
2.096357116699218750e+02	2.821234130859375000e+01
2.106357116699218750e+02	2.900705528259277344e+01
2.116357116699218750e+02	3.258326721191406250e+01
2.136357116699218750e+02	3.258326721191406250e+01
2.146357116699218750e+02	3.536476516723632812e+01
2.166357116699218750e+02	3.695419311523437500e+01
2.176357116699218750e+02	4.013304901123046875e+01
2.186357116699218750e+02	4.172247695922851562e+01
2.196357116699218750e+02	4.291454696655273438e+01
2.216357116699218750e+02	4.490133285522460938e+01
2.226357116699218750e+02	4.728547286987304688e+01
2.246357116699218750e+02	5.086168670654296875e+01
2.256357116699218750e+02	5.125904464721679688e+01
2.266357116699218750e+02	5.483525466918945312e+01
2.276357116699218750e+02	5.602732467651367188e+01
2.296357116699218750e+02	5.642468261718750000e+01
2.306357116699218750e+02	5.801411056518554688e+01
2.326357116699218750e+02	6.039825057983398438e+01
2.336357116699218750e+02	6.198767852783203125e+01
2.346357116699218750e+02	6.238503646850585938e+01
2.366357116699218750e+02	6.755067443847656250e+01
2.366357116699218750e+02	6.556389617919921875e+01
2.386357116699218750e+02	6.755067443847656250e+01
2.386357116699218750e+02	6.556389617919921875e+01
2.396357116699218750e+02	6.755067443847656250e+01
2.406357116699218750e+02	6.755067443847656250e+01
2.416357116699218750e+02	6.755067443847656250e+01
2.426357116699218750e+02	6.953746032714843750e+01
2.436357116699218750e+02	6.953746032714843750e+01
2.436357116699218750e+02	6.953746032714843750e+01
2.446357116699218750e+02	7.351103210449218750e+01
2.466357116699218750e+02	7.351103210449218750e+01
2.466357116699218750e+02	7.351103210449218750e+01
2.476357116699218750e+02	7.549781799316406250e+01
2.486357116699218750e+02	7.549781799316406250e+01
2.496357116699218750e+02	7.748460388183593750e+01
2.506357116699218750e+02	7.748460388183593750e+01
2.516357116699218750e+02	7.549781799316406250e+01
2.516357116699218750e+02	7.549781799316406250e+01
2.526357116699218750e+02	7.748460388183593750e+01
2.546357116699218750e+02	7.947138214111328125e+01
2.546357116699218750e+02	7.549781799316406250e+01
2.556357116699218750e+02	7.748460388183593750e+01
2.566357116699218750e+02	8.145816802978515625e+01
2.576357116699218750e+02	8.145816802978515625e+01
2.586357116699218750e+02	7.947138214111328125e+01
2.596357116699218750e+02	8.145816802978515625e+01
2.596357116699218750e+02	8.145816802978515625e+01
2.606357116699218750e+02	7.947138214111328125e+01
2.616357116699218750e+02	8.344495391845703125e+01
2.626357116699218750e+02	8.344495391845703125e+01
2.636357116699218750e+02	7.947138214111328125e+01
2.646357116699218750e+02	8.543173980712890625e+01
2.656357116699218750e+02	8.543173980712890625e+01
2.666357116699218750e+02	8.741852569580078125e+01
2.676357116699218750e+02	8.543173980712890625e+01
2.676357116699218750e+02	8.543173980712890625e+01
2.686357116699218750e+02	8.344495391845703125e+01
2.696357116699218750e+02	8.741852569580078125e+01
2.706357116699218750e+02	8.741852569580078125e+01
2.716357116699218750e+02	8.543173980712890625e+01
2.726357116699218750e+02	8.741852569580078125e+01
2.736357116699218750e+02	8.940531158447265625e+01
2.746357116699218750e+02	8.741852569580078125e+01
2.756357116699218750e+02	8.940531158447265625e+01
2.766357116699218750e+02	8.940531158447265625e+01
2.776357116699218750e+02	9.139208984375000000e+01
2.776357116699218750e+02	9.139208984375000000e+01
2.786357116699218750e+02	8.940531158447265625e+01
2.796357116699218750e+02	8.940531158447265625e+01
2.806357116699218750e+02	9.139208984375000000e+01
2.816357116699218750e+02	9.139208984375000000e+01
2.826357116699218750e+02	9.139208984375000000e+01
2.836357116699218750e+02	8.940531158447265625e+01
2.836357116699218750e+02	9.536566162109375000e+01
2.846357116699218750e+02	9.536566162109375000e+01
2.856357116699218750e+02	9.139208984375000000e+01
2.866357116699218750e+02	9.536566162109375000e+01
2.876357116699218750e+02	9.337887573242187500e+01
2.886357116699218750e+02	9.139208984375000000e+01
2.896357116699218750e+02	9.933923339843750000e+01
2.906357116699218750e+02	9.337887573242187500e+01
2.916357116699218750e+02	9.337887573242187500e+01
2.916357116699218750e+02	9.536566162109375000e+01
2.926357116699218750e+02	9.735244750976562500e+01
2.936357116699218750e+02	9.536566162109375000e+01
2.946357116699218750e+02	9.933923339843750000e+01
2.956357116699218750e+02	9.933923339843750000e+01
2.966357116699218750e+02	9.933923339843750000e+01
2.976357116699218750e+02	1.013260192871093750e+02
2.986357116699218750e+02	9.933923339843750000e+01
2.996357116699218750e+02	9.735244750976562500e+01
2.996357116699218750e+02	1.013260192871093750e+02
3.006357116699218750e+02	1.013260192871093750e+02
3.016357116699218750e+02	9.933923339843750000e+01
3.026357116699218750e+02	1.033127975463867188e+02
3.036357116699218750e+02	1.013260192871093750e+02
3.046357116699218750e+02	9.933923339843750000e+01
3.056357116699218750e+02	1.013260192871093750e+02
3.066357116699218750e+02	1.033127975463867188e+02
3.076357116699218750e+02	1.052995834350585938e+02
3.076357116699218750e+02	1.072863693237304688e+02
3.086357116699218750e+02	1.072863693237304688e+02
3.096357116699218750e+02	1.052995834350585938e+02
3.106357116699218750e+02	1.072863693237304688e+02
3.116357116699218750e+02	1.033127975463867188e+02
3.126357116699218750e+02	1.072863693237304688e+02
3.126357116699218750e+02	1.072863693237304688e+02
3.146357116699218750e+02	1.092731552124023438e+02
3.146357116699218750e+02	1.072863693237304688e+02
3.156357116699218750e+02	1.092731552124023438e+02
3.166357116699218750e+02	1.072863693237304688e+02
3.176357116699218750e+02	1.132467269897460938e+02
3.186357116699218750e+02	1.132467269897460938e+02
3.196357116699218750e+02	1.152335052490234375e+02
3.196357116699218750e+02	1.152335052490234375e+02
3.206357116699218750e+02	1.172202911376953125e+02
3.216357116699218750e+02	1.152335052490234375e+02
3.226357116699218750e+02	1.152335052490234375e+02
3.236357116699218750e+02	1.211938629150390625e+02
3.246357116699218750e+02	1.192070770263671875e+02
3.256357116699218750e+02	1.231806488037109375e+02
3.256357116699218750e+02	1.231806488037109375e+02
3.266357116699218750e+02	1.192070770263671875e+02
3.276357116699218750e+02	1.251674346923828125e+02
3.286357116699218750e+02	1.251674346923828125e+02
3.296357116699218750e+02	1.271542129516601562e+02
3.306357116699218750e+02	1.331145629882812500e+02
3.316357116699218750e+02	1.331145629882812500e+02
3.326357116699218750e+02	1.390749206542968750e+02
3.336357116699218750e+02	1.390749206542968750e+02
3.336357116699218750e+02	1.351013488769531250e+02
3.346357116699218750e+02	1.410617065429687500e+02
3.356357116699218750e+02	1.410617065429687500e+02
3.366357116699218750e+02	1.390749206542968750e+02
3.376357116699218750e+02	1.490088500976562500e+02
3.386357116699218750e+02	1.470220642089843750e+02
3.396357116699218750e+02	1.470220642089843750e+02
3.406357116699218750e+02	1.589427642822265625e+02
3.416357116699218750e+02	1.688766937255859375e+02
3.416357116699218750e+02	1.609295501708984375e+02
3.436357116699218750e+02	1.708634796142578125e+02
3.436357116699218750e+02	1.788106231689453125e+02
3.446357116699218750e+02	1.827841796875000000e+02
3.456357116699218750e+02	1.907313232421875000e+02
3.466357116699218750e+02	2.046388092041015625e+02
3.476357116699218750e+02	2.105991668701171875e+02
3.486357116699218750e+02	1.907313232421875000e+02
3.496357116699218750e+02	1.629163360595703125e+02
3.496357116699218750e+02	1.251674346923828125e+02
3.506357116699218750e+02	5.165639877319335938e+01
3.516357116699218750e+02	2.185463142395019531e+01
3.526357116699218750e+02	1.192070770263671875e+01
3.546357116699218750e+02	4.215722560882568359e+00
3.556357116699218750e+02	6.387457847595214844e-01
3.576357116699218750e+02	6.387457847595214844e-01
3.576357116699218750e+02	5.109966397285461426e-01
3.586357116699218750e+02	5.109966397285461426e-01
3.596357116699218750e+02	5.109966397285461426e-01
3.606357116699218750e+02	5.109966397285461426e-01
3.616357116699218750e+02	5.109966397285461426e-01
3.616357116699218750e+02	5.109966397285461426e-01
3.626357116699218750e+02	5.109966397285461426e-01
3.646357116699218750e+02	5.109966397285461426e-01
3.646357116699218750e+02	7.664949893951416016e-01
