0	-1.0	0.19375	0.03125	2	-1.0	0.25549832393099503
1	-1.0	0.19375	0.03125	2	-1.0	0.25549832393099503
2	-1.0	0.19375	0.03125	2	-1.0	0.25549832393099503
3	-1.0	0.19375	0.0375	2	-1.0	0.306597988717194
4	-1.0	0.19375	0.0375	2	-1.0	0.306597988717194
5	-2.0	0.19375	0.0375	2	-2.0	0.306597988717194
6	-2.0	0.19375	0.0375	2	-2.0	0.306597988717194
7	-2.0	0.19375	0.0375	2	-2.0	0.306597988717194
8	-4.0	0.1875	0.04375	2	-4.0	0.357697653503393
9	-4.0	0.19375	0.04375	2	-4.0	0.357697653503393
10	-5.0	0.19375	0.06875	2	-5.0	0.562096312648189
11	-6.0	0.2	0.11875	2	-6.0	0.970893630937781
12	-7.0	0.19375	0.11875	2	-7.0	0.970893630937781
13	-8.0	0.19375	0.3375	2	-8.0	2.7593818984547465
14	-9.0	0.19375	0.83125	2	-9.0	6.796255416564468
15	-9.0	0.19375	1.10625	2	-9.0	9.044640667157223
16	-10.0	0.19375	1.10625	2	-10.0	9.044640667157223
17	-12.0	0.2	0.9875	2	-12.0	8.073747036219443
18	-12.0	0.19375	0.95	2	-12.0	7.767149047502248
19	-12.0	0.19375	0.94375	2	-12.0	7.716049382716049
20	-12.0	0.19375	0.95	2	-12.0	7.767149047502248
21	-12.0	0.19375	0.95	2	-12.0	7.767149047502248
22	-12.0	0.19375	0.95	2	-12.0	7.767149047502248
23	-12.0	0.19375	0.94375	2	-12.0	7.716049382716049
24	-12.0	0.19375	0.94375	2	-12.0	7.716049382716049
25	-12.0	0.1875	0.94375	2	-12.0	7.716049382716049
26	-12.0	0.19375	0.94375	2	-12.0	7.716049382716049
27	-13.0	0.1875	8.125	3	-13.0	516.5640005909602
28	-15.0	0.19375	10.15625	3	-15.0	645.7050007387003
29	-16.0	0.19375	10.625	3	-16.0	675.5067700035634
30	-17.0	0.19375	10.3125	3	-17.0	655.6389238269879
31	-18.0	0.2	10.0	3	-18.0	635.7710776504126
32	-20.0	0.19375	10.3125	3	-20.0	655.6389238269879
33	-21.0	0.19375	9.84375	3	-21.0	625.8371545621249
34	-23.0	0.19375	10.15625	3	-23.0	645.7050007387003
35	-24.0	0.19375	9.6875	3	-24.0	615.9032314738372
36	-25.0	0.19375	9.375	3	-25.0	596.0353852972618
37	-26.0	0.19375	9.6875	3	-26.0	615.9032314738372
38	-28.0	0.19375	9.53125	3	-28.0	605.9693083855495
39	-29.0	0.19375	9.53125	3	-29.0	605.9693083855495
40	-30.0	0.19375	9.6875	3	-30.0	615.9032314738372
41	-32.0	0.19375	9.6875	3	-32.0	615.9032314738372
42	-33.0	0.19375	8.90625	3	-33.0	566.2336160323987
43	-34.0	0.19375	8.90625	3	-34.0	566.2336160323987
44	-35.0	0.19375	9.21875	3	-35.0	586.1014622089741
45	-37.0	0.19375	9.21875	3	-37.0	586.1014622089741
46	-38.0	0.19375	9.0625	3	-38.0	576.1675391206865
47	-41.0	0.19375	8.59375	3	-41.0	546.3657698558234
48	-42.0	0.19375	8.59375	3	-42.0	546.3657698558234
49	-43.0	0.2	8.59375	3	-43.0	546.3657698558234
50	-45.0	0.19375	9.0625	3	-45.0	576.1675391206865
51	-46.0	0.19375	9.0625	3	-46.0	576.1675391206865
52	-47.0	0.19375	8.75	3	-47.0	556.299692944111
53	-48.0	0.2	8.4375	3	-48.0	536.4318467675356
54	-50.0	0.19375	8.59375	3	-50.0	546.3657698558234
55	-51.0	0.19375	8.28125	3	-51.0	526.497923679248
56	-52.0	0.19375	8.4375	3	-52.0	536.4318467675356
57	-54.0	0.19375	8.4375	3	-54.0	536.4318467675356
58	-55.0	0.19375	8.28125	3	-55.0	526.497923679248
59	-56.0	0.19375	8.125	3	-56.0	516.5640005909602
60	-58.0	0.19375	8.28125	3	-58.0	526.497923679248
61	-59.0	0.19375	8.28125	3	-59.0	526.497923679248
62	-60.0	0.19375	8.4375	3	-60.0	536.4318467675356
63	-62.0	0.19375	8.28125	3	-62.0	526.497923679248
64	-63.0	0.19375	8.125	3	-63.0	516.5640005909602
65	-64.0	0.19375	7.96875	3	-64.0	506.6300775026725
66	-66.0	0.19375	8.125	3	-66.0	516.5640005909602
67	-67.0	0.19375	7.5	3	-67.0	476.82830823780944
68	-68.0	0.19375	7.65625	3	-68.0	486.76223132609715
69	-69.0	0.19375	7.5	3	-69.0	476.82830823780944
70	-71.0	0.19375	7.5	3	-71.0	476.82830823780944
71	-73.0	0.19375	7.25	3	-73.0	460.9340312965491
72	-73.0	0.19375	7.1875	3	-73.0	456.96046206123407
73	-74.0	0.19375	7.0625	3	-74.0	449.0133235906039
74	-74.0	0.19375	7.0625	3	-74.0	449.0133235906039
75	-74.0	0.19375	6.875	3	-74.0	437.09261588465864
76	-75.0	0.19375	7.0	3	-75.0	445.03975435528884
77	-76.0	0.19375	7.25	3	-76.0	460.9340312965491
78	-77.0	0.19375	7.0	3	-77.0	445.03975435528884
79	-78.0	0.19375	6.6875	3	-78.0	425.1719081787134
80	-78.0	0.19375	6.9375	3	-78.0	441.06618511997374
81	-79.0	0.19375	7.125	3	-79.0	452.98689282591897
82	-80.0	0.19375	6.625	3	-80.0	421.19833894339837
83	-81.0	0.19375	6.375	3	-81.0	405.30406200213804
84	-82.0	0.19375	6.375	3	-82.0	405.30406200213804
85	-83.0	0.19375	6.625	3	-83.0	421.19833894339837
86	-83.0	0.19375	6.5	3	-83.0	413.2512004727682
87	-84.0	0.19375	6.25	3	-84.0	397.35692353150785
88	-85.0	0.19375	6.1875	3	-85.0	393.3833542961928
89	-86.0	0.19375	5.9375	3	-86.0	377.4890773549325
90	-87.0	0.19375	6.0	3	-87.0	381.4626465902476
91	-88.0	0.19375	6.0625	3	-88.0	385.4362158255626
92	-89.0	0.19375	5.9375	3	-89.0	377.4890773549325
93	-90.0	0.19375	5.9375	3	-90.0	377.4890773549325
94	-90.0	0.19375	5.625	3	-90.0	357.6212311783571
95	-91.0	0.19375	5.625	3	-91.0	357.6212311783571
96	-92.0	0.19375	5.6875	3	-92.0	361.59480041367215
97	-93.0	0.19375	5.5	3	-93.0	349.6740927077269
98	-94.0	0.19375	5.5	3	-94.0	349.6740927077269
99	-95.0	0.19375	5.3125	3	-95.0	337.7533850017817
100	-96.0	0.2	5.125	3	-96.0	325.83267729583645
101	-96.0	0.19375	5.0625	3	-96.0	321.85910806052135
102	-97.0	0.19375	4.9375	3	-97.0	313.9119695898912
103	-98.0	0.19375	4.75	3	-98.0	301.991261883946
104	-99.0	0.19375	4.75	3	-99.0	301.991261883946
105	-100.0	0.19375	4.75	3	-100.0	301.991261883946
106	-101.0	0.2	4.75	3	-101.0	301.991261883946
107	-102.0	0.19375	4.6875	3	-102.0	298.0176926486309
108	-103.0	0.19375	4.625	3	-103.0	294.04412341331584
109	-104.0	0.2	4.375	3	-104.0	278.1498464720555
110	-104.0	0.19375	4.3125	3	-104.0	274.1762772367404
111	-105.0	0.19375	4.25	3	-105.0	270.2027080014254
112	-106.0	0.19375	4.1875	3	-106.0	266.2291387661103
113	-107.0	0.2	4.0625	3	-107.0	258.2820002954801
114	-108.0	0.2	3.9375	3	-108.0	250.33486182484995
115	-109.0	0.19375	3.875	3	-109.0	246.36129258953488
116	-109.0	0.19375	3.625	3	-109.0	230.46701564827455
117	-110.0	0.19375	3.5625	3	-110.0	226.49344641295949
118	-112.0	0.19375	3.4375	3	-112.0	218.54630794232932
119	-112.0	0.19375	3.375	3	-112.0	214.57273870701425
120	-113.0	0.19375	3.25	3	-113.0	206.6256002363841
121	-114.0	0.19375	3.1875	3	-114.0	202.65203100106902
122	-115.0	0.19375	3.0625	3	-115.0	194.70489253043885
123	-116.0	0.19375	2.8125	3	-116.0	178.81061558917855
124	-117.0	0.19375	2.6875	3	-117.0	170.8634771185484
125	-117.0	0.19375	2.6875	3	-117.0	170.8634771185484
126	-118.0	0.19375	2.4375	3	-118.0	154.96920017728806
127	-120.0	0.2	2.25	3	-120.0	143.04849247134283
128	-120.0	0.2	2.25	3	-120.0	143.04849247134283
129	-121.0	0.19375	2.0625	3	-121.0	131.1277847653976
130	-122.0	0.19375	1.9375	3	-122.0	123.18064629476744
131	-123.0	0.19375	1.75	3	-123.0	111.25993858882221
132	-124.0	0.19375	1.625	3	-124.0	103.31280011819204
133	-125.0	0.19375	1.5	3	-125.0	95.3656616475619
134	-126.0	0.19375	1.359375	3	-126.0	86.42513086810297
135	-126.0	0.2	1.203125	3	-126.0	76.49120777981527
136	-126.0	0.19375	1.1875	3	-126.0	75.4978154709865
137	-127.0	0.19375	1.171875	3	-127.0	74.50442316215772
138	-127.0	0.19375	1.15625	3	-127.0	73.51103085332896
139	-128.0	0.19375	1.09375	3	-128.0	69.53746161801388
140	-129.0	0.2	1.03125	3	-129.0	65.5638923826988
141	-130.0	0.19375	0.953125	3	-130.0	60.596930838554954
142	-130.0	0.19375	0.84375	3	-130.0	53.64318467675356
143	-131.0	0.19375	0.75	3	-131.0	47.68283082378095
144	-132.0	0.19375	0.65625	3	-132.0	41.72247697080833
145	-133.0	0.19375	0.609375	3	-133.0	38.742300044322015
146	-134.0	0.19375	0.53125	3	-134.0	33.77533850017817
147	-135.0	0.19375	4.8125	2	-135.0	39.346741885373234
148	-136.0	0.19375	4.375	2	-136.0	35.7697653503393
149	-136.0	0.19375	4.125	2	-136.0	33.725778758891344
150	-136.0	0.19375	4.0	2	-136.0	32.703785463167364
151	-137.0	0.2	3.9375	2	-137.0	32.19278881530537
152	-138.0	0.19375	3.75	2	-138.0	30.659798871719403
153	-138.0	0.19375	3.5625	2	-138.0	29.126808928133432
154	-139.0	0.2	3.25	2	-139.0	26.57182568882348
155	-140.0	0.19375	3.125	2	-140.0	25.5498323930995
156	-141.0	0.19375	3.0625	2	-141.0	25.03883574523751
157	-142.0	0.19375	2.875	2	-142.0	23.505845801651542
158	-143.0	0.19375	2.8125	2	-143.0	22.994849153789552
159	-143.0	0.2	2.6875	2	-143.0	21.97285585806557
160	-144.0	0.2	2.625	2	-144.0	21.46185921020358
161	-146.0	0.19375	2.5	2	-146.0	20.4398659144796
162	-146.0	0.2	2.5	2	-146.0	20.4398659144796
163	-147.0	0.19375	2.5	2	-147.0	20.4398659144796
164	-148.0	0.19375	2.4375	2	-148.0	19.92886926661761
165	-148.0	0.19375	2.34375	2	-148.0	19.162374294824627
166	-149.0	0.19375	2.28125	2	-149.0	18.651377646962636
167	-150.0	0.19375	2.21875	2	-150.0	18.140380999100646
168	-150.0	0.19375	2.25	2	-150.0	18.39587932303164
169	-151.0	0.19375	2.28125	2	-151.0	18.651377646962636
170	-152.0	0.2	2.15625	2	-152.0	17.629384351238656
171	-152.0	0.19375	2.21875	2	-152.0	18.140380999100646
172	-153.0	0.19375	2.3125	2	-153.0	18.90687597089363
173	-153.0	0.19375	2.125	2	-153.0	17.37388602730766
174	-154.0	0.19375	2.09375	2	-154.0	17.118387703376666
175	-155.0	0.19375	2.0625	2	-155.0	16.862889379445672
176	-156.0	0.19375	2.0625	2	-156.0	16.862889379445672
177	-156.0	0.19375	2.03125	2	-156.0	16.607391055514675
178	-157.0	0.19375	2.03125	2	-157.0	16.607391055514675
179	-158.0	0.19375	2.0	2	-158.0	16.351892731583682
180	-159.0	0.19375	1.9375	2	-159.0	15.84089608372169
181	-160.0	0.19375	1.875	2	-160.0	15.329899435859701
182	-161.0	0.19375	1.8125	2	-161.0	14.818902787997711
183	-162.0	0.19375	1.75	2	-162.0	14.30790614013572
184	-163.0	0.19375	1.8125	2	-163.0	14.818902787997711
185	-163.0	0.19375	1.71875	2	-163.0	14.052407816204726
186	-164.0	0.19375	1.6875	2	-164.0	13.79690949227373
187	-165.0	0.2	1.6875	2	-165.0	13.79690949227373
188	-166.0	0.19375	1.71875	2	-166.0	14.052407816204726
189	-167.0	0.19375	1.625	2	-167.0	13.28591284441174
190	-168.0	0.19375	1.625	2	-168.0	13.28591284441174
191	-169.0	0.2	1.625	2	-169.0	13.28591284441174
192	-169.0	0.2	1.5625	2	-169.0	12.77491619654975
193	-170.0	0.2	1.5625	2	-170.0	12.77491619654975
194	-171.0	0.19375	1.5625	2	-171.0	12.77491619654975
195	-172.0	0.19375	1.53125	2	-172.0	12.519417872618755
196	-173.0	0.19375	1.53125	2	-173.0	12.519417872618755
197	-174.0	0.19375	1.53125	2	-174.0	12.519417872618755
198	-175.0	0.19375	1.5	2	-175.0	12.26391954868776
199	-175.0	0.19375	1.5	2	-175.0	12.26391954868776
200	-176.0	0.2	1.4375	2	-176.0	11.752922900825771
201	-177.0	0.19375	1.46875	2	-177.0	12.008421224756765
202	-178.0	0.2	1.375	2	-178.0	11.241926252963781
203	-179.0	0.2	1.34375	2	-179.0	10.986427929032786
204	-180.0	0.19375	1.28125	2	-180.0	10.475431281170795
205	-181.0	0.19375	1.34375	2	-181.0	10.986427929032786
206	-181.0	0.19375	1.3125	2	-181.0	10.73092960510179
207	-182.0	0.19375	1.21875	2	-182.0	9.964434633308805
208	-183.0	0.19375	1.09375	2	-183.0	8.942441337584825
209	-184.0	0.19375	1.09375	2	-184.0	8.942441337584825
210	-185.0	0.19375	0.9375	2	-185.0	7.664949717929851
211	-186.0	0.2	0.84375	2	-186.0	6.898454746136865
212	-186.0	0.19375	0.84375	2	-186.0	6.898454746136865
213	-187.0	0.19375	0.8125	2	-187.0	6.64295642220587
214	-188.0	0.19375	0.78125	2	-188.0	6.387458098274875
215	-189.0	0.19375	0.8125	2	-189.0	6.64295642220587
216	-191.0	0.19375	0.75	2	-191.0	6.13195977434388
217	-191.0	0.19375	0.75	2	-191.0	6.13195977434388
218	-191.0	0.2	0.7125	2	-191.0	5.825361785626686
219	-192.0	0.19375	0.70625	2	-192.0	5.774262120840487
220	-193.0	0.19375	0.6875	2	-193.0	5.6209631264818904
221	-195.0	0.19375	0.7	2	-195.0	5.723162456054288
222	-196.0	0.19375	0.73125	2	-196.0	5.978660779985283
223	-197.0	0.19375	0.71875	2	-197.0	5.876461450412886
224	-198.0	0.19375	0.725	2	-198.0	5.927561115199084
225	-199.0	0.19375	0.725	2	-199.0	5.927561115199084
226	-201.0	0.19375	0.74375	2	-201.0	6.0808601095576815
227	-202.0	0.2	0.76875	2	-202.0	6.2852587687024775
228	-203.0	0.19375	0.80625	2	-203.0	6.591856757419672
229	-205.0	0.19375	0.79375	2	-205.0	6.4896574278472725
230	-206.0	0.19375	0.8125	2	-206.0	6.64295642220587
231	-207.0	0.2	0.84375	2	-207.0	6.898454746136865
232	-209.0	0.19375	0.86875	2	-209.0	7.102853405281661
233	-210.0	0.2	0.88125	2	-210.0	7.205052734854059
234	-212.0	0.19375	0.95	2	-212.0	7.767149047502248
235	-213.0	0.19375	0.9625	2	-213.0	7.869348377074647
236	-214.0	0.19375	0.99375	2	-214.0	8.12484670100564
237	-215.0	0.2	1.0125	2	-215.0	8.278145695364238
238	-217.0	0.19375	1.05625	2	-217.0	8.635843348867631
239	-218.0	0.19375	1.09375	2	-218.0	8.942441337584825
240	-219.0	0.19375	1.125	2	-219.0	9.19793966151582
241	-220.0	0.19375	1.15625	2	-220.0	9.453437985446815
242	-222.0	0.2	1.21875	2	-222.0	9.964434633308805
243	-223.0	0.2	1.28125	2	-223.0	10.475431281170795
244	-224.0	0.19375	1.3125	2	-224.0	10.73092960510179
245	-225.0	0.2	1.3125	2	-225.0	10.73092960510179
246	-227.0	0.19375	1.375	2	-227.0	11.241926252963781
247	-228.0	0.19375	1.4375	2	-228.0	11.752922900825771
248	-229.0	0.2	1.46875	2	-229.0	12.008421224756765
249	-231.0	0.2	1.53125	2	-231.0	12.519417872618755
250	-232.0	0.19375	1.71875	2	-232.0	14.052407816204726
251	-233.0	0.19375	1.875	2	-233.0	15.329899435859701
252	-234.0	0.19375	2.0	2	-234.0	16.351892731583682
253	-236.0	0.19375	2.3125	2	-236.0	18.90687597089363
254	-237.0	0.19375	2.4375	2	-237.0	19.92886926661761
255	-238.0	0.1875	2.78125	2	-238.0	22.739350829858555
256	-240.0	0.1875	2.9375	2	-240.0	24.01684244951353
257	-241.0	0.1875	3.375	2	-241.0	27.59381898454746
258	-242.0	0.1875	3.53125	2	-242.0	28.871310604202435
259	-243.0	0.1875	3.78125	2	-243.0	30.915297195650396
260	-245.0	0.1875	3.96875	2	-245.0	32.44828713923636
261	-246.0	0.1875	4.375	2	-246.0	35.7697653503393
262	-248.0	0.1875	4.625	2	-248.0	37.81375194178726
263	-249.0	0.19375	4.875	2	-249.0	39.85773853323522
264	-250.0	0.1875	5.0	2	-250.0	40.8797318289592
265	-250.0	0.1875	5.125	2	-250.0	41.90172512468318
266	-250.0	0.1875	5.1875	2	-250.0	42.41272177254517
267	-251.0	0.1875	5.25	2	-251.0	42.92371842040716
268	-253.0	0.1875	5.5	2	-253.0	44.967705011855124
269	-253.0	0.1875	5.6875	2	-253.0	46.50069495544109
270	-254.0	0.1875	5.8125	2	-254.0	47.52268825116507
271	-255.0	0.1875	5.8125	2	-255.0	47.52268825116507
272	-256.0	0.1875	6.0625	2	-256.0	49.56667484261303
273	-256.0	0.1875	6.1875	2	-256.0	50.58866813833701
274	-257.0	0.1875	6.375	2	-257.0	52.12165808192298
275	-258.0	0.1875	6.5625	2	-258.0	53.654648025508955
276	-259.0	0.1875	6.625	2	-259.0	54.16564467337094
277	-260.0	0.19375	6.9375	2	-260.0	56.72062791268089
278	-261.0	0.1875	7.0	2	-261.0	57.23162456054288
279	-262.0	0.1875	7.125	2	-262.0	58.253617856266864
280	-263.0	0.1875	7.0625	2	-263.0	57.74262120840487
281	-263.0	0.1875	7.4375	2	-263.0	60.80860109557681
282	-264.0	0.18125	7.375	2	-264.0	60.297604447714825
283	-265.0	0.1875	7.8125	2	-265.0	63.87458098274875
284	-266.0	0.1875	7.8125	2	-266.0	63.87458098274875
285	-267.0	0.1875	7.875	2	-267.0	64.38557763061074
286	-268.0	0.1875	8.125	2	-268.0	66.4295642220587
287	-269.0	0.1875	8.1875	2	-269.0	66.94056086992069
288	-269.0	0.19375	8.3125	2	-269.0	67.96255416564468
289	-270.0	0.1875	8.4375	2	-270.0	68.98454746136865
290	-271.0	0.18125	8.5	2	-271.0	69.49554410923064
291	-272.0	0.1875	8.9375	2	-272.0	73.07252064426457
292	-273.0	0.1875	8.75	2	-273.0	71.5395307006786
293	-273.0	0.18125	8.9375	2	-273.0	73.07252064426457
294	-274.0	0.1875	8.75	2	-274.0	71.5395307006786
295	-276.0	0.1875	22.8125	2	-276.0	186.51377646962635
296	-276.0	0.18125	22.65625	2	-276.0	185.23628484997138
297	-277.0	0.18125	23.28125	2	-277.0	190.34625132859128
298	-278.0	0.18125	23.59375	2	-278.0	192.90123456790124
299	-278.0	0.18125	23.59375	2	-278.0	192.90123456790124
300	-279.0	0.1875	23.75	2	-279.0	194.1787261875562
301	-280.0	0.1875	9.6875	2	-280.0	79.20448041860845
302	-280.0	0.18125	10.0	2	-280.0	81.7594636579184
303	-281.0	0.18125	9.84375	2	-281.0	80.48197203826342
304	-282.0	0.1875	9.84375	2	-282.0	80.48197203826342
305	-282.0	0.18125	10.15625	2	-282.0	83.03695527757338
306	-283.0	0.1875	10.15625	2	-283.0	83.03695527757338
307	-283.0	0.1875	10.15625	2	-283.0	83.03695527757338
308	-283.0	0.19375	10.3125	2	-283.0	84.31444689722835
309	-284.0	0.1875	10.3125	2	-284.0	84.31444689722835
310	-284.0	0.18125	10.3125	2	-284.0	84.31444689722835
311	-285.0	0.18125	10.625	2	-285.0	86.8694301365383
312	-286.0	0.1875	10.3125	2	-286.0	84.31444689722835
313	-287.0	0.19375	10.3125	2	-287.0	84.31444689722835
314	-287.0	0.1875	10.3125	2	-287.0	84.31444689722835
315	-288.0	0.1875	10.625	2	-288.0	86.8694301365383
316	-289.0	0.1875	10.78125	2	-289.0	88.14692175619328
317	-290.0	0.18125	10.78125	2	-290.0	88.14692175619328
318	-290.0	0.1875	11.09375	2	-290.0	90.70190499550323
319	-291.0	0.18125	10.78125	2	-291.0	88.14692175619328
320	-292.0	0.18125	10.9375	2	-292.0	89.42441337584825
321	-293.0	0.1875	10.9375	2	-293.0	89.42441337584825
322	-293.0	0.1875	10.9375	2	-293.0	89.42441337584825
323	-294.0	0.1875	10.9375	2	-294.0	89.42441337584825
324	-295.0	0.1875	10.9375	2	-295.0	89.42441337584825
325	-296.0	0.18125	10.9375	2	-296.0	89.42441337584825
326	-296.0	0.1875	11.09375	2	-296.0	90.70190499550323
327	-297.0	0.18125	11.25	2	-297.0	91.97939661515821
328	-298.0	0.1875	11.25	2	-298.0	91.97939661515821
329	-299.0	0.1875	11.25	2	-299.0	91.97939661515821
330	-299.0	0.1875	11.40625	2	-299.0	93.25688823481318
331	-300.0	0.18125	11.40625	2	-300.0	93.25688823481318
332	-301.0	0.19375	11.25	2	-301.0	91.97939661515821
333	-302.0	0.1875	11.25	2	-302.0	91.97939661515821
334	-302.0	0.1875	11.5625	2	-302.0	94.53437985446816
335	-303.0	0.1875	11.71875	2	-303.0	95.81187147412312
336	-304.0	0.19375	11.5625	2	-304.0	94.53437985446816
337	-304.0	0.1875	11.875	2	-304.0	97.0893630937781
338	-305.0	0.1875	12.03125	2	-305.0	98.36685471343309
339	-306.0	0.1875	11.71875	2	-306.0	95.81187147412312
340	-307.0	0.1875	11.71875	2	-307.0	95.81187147412312
341	-308.0	0.1875	12.03125	2	-308.0	98.36685471343309
342	-309.0	0.18125	12.03125	2	-309.0	98.36685471343309
343	-309.0	0.18125	12.03125	2	-309.0	98.36685471343309
344	-310.0	0.1875	12.34375	2	-310.0	100.92183795274303
345	-311.0	0.1875	12.5	2	-311.0	102.199329572398
346	-312.0	0.1875	12.5	2	-312.0	102.199329572398
347	-313.0	0.1875	12.65625	2	-313.0	103.47682119205298
348	-314.0	0.1875	13.125	2	-314.0	107.30929605101791
349	-314.0	0.1875	13.125	2	-314.0	107.30929605101791
350	-315.0	0.1875	13.125	2	-315.0	107.30929605101791
351	-317.0	0.19375	13.28125	2	-317.0	108.58678767067288
352	-317.0	0.1875	13.28125	2	-317.0	108.58678767067288
353	-318.0	0.1875	13.28125	2	-318.0	108.58678767067288
354	-319.0	0.1875	13.59375	2	-319.0	111.14177090998282
355	-320.0	0.1875	13.59375	2	-320.0	111.14177090998282
356	-321.0	0.1875	13.90625	2	-321.0	113.69675414929277
357	-322.0	0.19375	14.0625	2	-322.0	114.97424576894775
358	-322.0	0.1875	13.90625	2	-322.0	113.69675414929277
359	-323.0	0.1875	13.90625	2	-323.0	113.69675414929277
360	-324.0	0.1875	14.375	2	-324.0	117.5292290082577
361	-325.0	0.1875	14.53125	2	-325.0	118.80672062791268
362	-326.0	0.18125	14.375	2	-326.0	117.5292290082577
363	-327.0	0.18125	14.53125	2	-327.0	118.80672062791268
364	-328.0	0.18125	14.375	2	-328.0	117.5292290082577
365	-329.0	0.1875	14.375	2	-329.0	117.5292290082577
366	-329.0	0.18125	14.375	2	-329.0	117.5292290082577
367	-330.0	0.18125	14.6875	2	-330.0	120.08421224756765
368	-331.0	0.1875	14.53125	2	-331.0	118.80672062791268
369	-332.0	0.1875	14.84375	2	-332.0	121.36170386722263
370	-333.0	0.1875	15.15625	2	-333.0	123.91668710653258
371	-334.0	0.1875	15.15625	2	-334.0	123.91668710653258
372	-335.0	0.1875	16.25	2	-335.0	132.8591284441174
373	-335.0	0.18125	16.71875	2	-335.0	136.69160330308233
374	-336.0	0.1875	16.71875	2	-336.0	136.69160330308233
375	-337.0	0.19375	16.40625	2	-337.0	134.13662006377237
376	-338.0	0.1875	17.1875	2	-338.0	140.52407816204726
377	-339.0	0.1875	17.5	2	-339.0	143.0790614013572
378	-340.0	0.18125	16.71875	2	-340.0	136.69160330308233
379	-341.0	0.18125	17.34375	2	-341.0	141.80156978170223
380	-342.0	0.1875	17.65625	2	-342.0	144.3565530210122
381	-343.0	0.1875	20.46875	2	-343.0	167.35140217480173
382	-343.0	0.1875	20.46875	2	-343.0	167.35140217480173
383	-344.0	0.1875	21.5625	2	-344.0	176.29384351238656
384	-345.0	0.18125	21.71875	2	-345.0	177.57133513204153
385	-346.0	0.1875	22.03125	2	-346.0	180.1263183713515
386	-347.0	0.1875	23.28125	2	-347.0	190.34625132859128
387	-348.0	0.1875	23.4375	2	-348.0	191.62374294824625
388	-349.0	0.1875	23.75	2	-349.0	194.1787261875562
389	-350.0	0.1875	24.6875	2	-350.0	201.84367590548607
390	-351.0	0.1875	2.625	3	-351.0	166.88990788323332
391	-351.0	0.1875	2.3125	3	-351.0	147.02206170665792
392	-351.0	0.1875	2.25	3	-351.0	143.04849247134283
393	-352.0	0.19375	2.125	3	-352.0	135.1013540007127
394	-352.0	0.19375	2.0	3	-352.0	127.15421553008252
395	-353.0	0.19375	1.75	3	-353.0	111.25993858882221
396	-354.0	0.1875	1.6875	3	-354.0	107.28636935350713
397	-355.0	0.1875	1.6875	3	-355.0	107.28636935350713
398	-356.0	0.19375	1.8125	3	-356.0	115.23350782413728
399	-357.0	0.1875	2.125	3	-357.0	135.1013540007127
400	-357.0	0.1875	2.375	3	-357.0	150.995630941973
401	-358.0	0.1875	2.5	3	-358.0	158.94276941260316
402	-359.0	0.1875	2.4375	3	-359.0	154.96920017728806
403	-360.0	0.1875	2.4375	3	-360.0	154.96920017728806
404	-361.0	0.1875	2.0625	3	-361.0	131.1277847653976
405	-362.0	0.1875	1.875	3	-362.0	119.20707705945236
406	-362.0	0.1875	1.875	3	-362.0	119.20707705945236
407	-363.0	0.1875	1.875	3	-363.0	119.20707705945236
408	-365.0	0.1875	2.0625	3	-365.0	131.1277847653976
409	-365.0	0.1875	2.0625	3	-365.0	131.1277847653976
410	-366.0	0.1875	2.5625	3	-366.0	162.91633864791822
411	-367.0	0.1875	3.0625	3	-367.0	194.70489253043885
412	-368.0	0.1875	4.375	3	-368.0	278.1498464720555
413	-369.0	0.1875	8.9375	3	-369.0	568.2204006500563
414	-369.0	0.1875	11.0625	3	-369.0	703.321754650769
415	-371.0	0.1875	1.125	4	-371.0	584.7784010765384
416	-371.0	0.19375	0.71875	4	-371.0	373.6084229100107
417	-371.0	0.19375	0.6875	4	-371.0	357.3645784356624
418	-371.0	0.1875	0.59375	4	-371.0	308.6330450126175
419	-372.0	0.1875	0.5625	4	-372.0	292.3892005382692
420	-372.0	0.1875	0.6875	4	-372.0	357.3645784356624
421	-373.0	0.1875	1.0	4	-373.0	519.8030231791453
422	-374.0	0.19375	0.6875	4	-374.0	357.3645784356624
423	-375.0	0.1875	0.34375	4	-375.0	178.6822892178312
424	-376.0	0.1875	0.3125	4	-376.0	162.4384447434829
425	-377.0	0.1875	1.625	3	-377.0	103.31280011819204
426	-377.0	0.19375	1.53125	3	-377.0	97.35244626521943
427	-378.0	0.1875	1.53125	3	-378.0	97.35244626521943
428	-379.0	0.1875	1.46875	3	-379.0	93.37887702990434
429	-379.0	0.19375	1.4375	3	-379.0	91.39209241224681
430	-380.0	0.19375	1.40625	3	-380.0	89.40530779458928
431	-380.0	0.19375	1.4375	3	-380.0	91.39209241224681
432	-381.0	0.19375	1.40625	3	-381.0	89.40530779458928
433	-382.0	0.1875	1.40625	3	-382.0	89.40530779458928
434	-383.0	0.19375	1.375	3	-383.0	87.41852317693173
435	-383.0	0.19375	1.375	3	-383.0	87.41852317693173
436	-384.0	0.19375	1.53125	3	-384.0	97.35244626521943
437	-385.0	0.1875	2.59375	3	-385.0	164.90312326557577
438	-386.0	0.1875	2.59375	3	-386.0	164.90312326557577
439	-386.0	0.1875	4.125	3	-386.0	262.2555695307952
440	-387.0	0.1875	5.53125	3	-387.0	351.6608773253845
441	-388.0	0.19375	4.53125	3	-388.0	288.0837695603432
442	-388.0	0.19375	3.75	3	-388.0	238.41415411890472
443	-389.0	0.19375	3.28125	3	-389.0	208.61238485404164
444	-389.0	0.1875	3.125	3	-389.0	198.67846176575392
445	-389.0	0.1875	3.125	3	-389.0	198.67846176575392
446	-390.0	0.2	2.96875	3	-390.0	188.74453867746624
447	-390.0	0.19375	2.75	3	-390.0	174.83704635386346
448	-391.0	0.19375	2.75	3	-391.0	174.83704635386346
449	-391.0	0.19375	2.625	3	-391.0	166.88990788323332
450	-391.0	0.2	2.5625	3	-391.0	162.91633864791822
451	-391.0	0.19375	2.5625	3	-391.0	162.91633864791822
452	-392.0	0.19375	2.4375	3	-392.0	154.96920017728806
453	-393.0	0.2	2.125	3	-393.0	135.1013540007127
454	-393.0	0.19375	2.125	3	-393.0	135.1013540007127
455	-394.0	0.1875	1.9375	3	-394.0	123.18064629476744
456	-395.0	0.1875	1.875	3	-395.0	119.20707705945236
457	-395.0	0.1875	1.875	3	-395.0	119.20707705945236
458	-396.0	0.1875	1.875	3	-396.0	119.20707705945236
459	-397.0	0.19375	1.8125	3	-397.0	115.23350782413728
460	-397.0	0.2	1.8125	3	-397.0	115.23350782413728
461	-398.0	0.2	1.875	3	-398.0	119.20707705945236
462	-399.0	0.1875	1.875	3	-399.0	119.20707705945236
463	-399.0	0.19375	1.8125	3	-399.0	115.23350782413728
464	-400.0	0.19375	1.75	3	-400.0	111.25993858882221
465	-401.0	0.19375	1.75	3	-401.0	111.25993858882221
466	-402.0	0.2	1.75	3	-402.0	111.25993858882221
467	-403.0	0.19375	1.6875	3	-403.0	107.28636935350713
468	-404.0	0.19375	1.6875	3	-404.0	107.28636935350713
469	-404.0	0.2	1.625	3	-404.0	103.31280011819204
470	-405.0	0.2	1.5	3	-405.0	95.3656616475619
471	-406.0	0.19375	1.5	3	-406.0	95.3656616475619
472	-407.0	0.19375	1.5	3	-407.0	95.3656616475619
473	-407.0	0.2	1.4375	3	-407.0	91.39209241224681
474	-409.0	0.2	1.4375	3	-409.0	91.39209241224681
475	-409.0	0.19375	1.375	3	-409.0	87.41852317693173
476	-410.0	0.19375	1.4375	3	-410.0	91.39209241224681
477	-411.0	0.19375	1.4375	3	-411.0	91.39209241224681
478	-412.0	0.19375	1.4375	3	-412.0	91.39209241224681
479	-413.0	0.19375	1.3125	3	-413.0	83.44495394161666
480	-414.0	0.2	1.3125	3	-414.0	83.44495394161666
481	-414.0	0.19375	1.3125	3	-414.0	83.44495394161666
482	-414.0	0.19375	1.34375	3	-414.0	85.4317385592742
483	-415.0	0.19375	1.328125	3	-415.0	84.43834625044542
484	-416.0	0.19375	1.375	3	-416.0	87.41852317693173
485	-417.0	0.19375	1.296875	3	-417.0	82.45156163278789
486	-418.0	0.19375	1.3125	3	-418.0	83.44495394161666
487	-418.0	0.19375	1.3125	3	-418.0	83.44495394161666
488	-419.0	0.19375	1.3125	3	-419.0	83.44495394161666
489	-420.0	0.19375	1.296875	3	-420.0	82.45156163278789
490	-421.0	0.2	1.234375	3	-421.0	78.4779923974728
491	-422.0	0.19375	1.21875	3	-422.0	77.48460008864403
492	-423.0	0.19375	1.265625	3	-423.0	80.46477701513034
493	-423.0	0.19375	1.21875	3	-423.0	77.48460008864403
494	-424.0	0.19375	1.21875	3	-424.0	77.48460008864403
495	-426.0	0.2	1.171875	3	-426.0	74.50442316215772
496	-426.0	0.19375	1.171875	3	-426.0	74.50442316215772
497	-427.0	0.19375	1.15625	3	-427.0	73.51103085332896
498	-428.0	0.2	1.1875	3	-428.0	75.4978154709865
499	-429.0	0.19375	1.140625	3	-429.0	72.51763854450019
500	-430.0	0.19375	1.171875	3	-430.0	74.50442316215772
501	-431.0	0.19375	1.15625	3	-431.0	73.51103085332896
502	-431.0	0.19375	1.125	3	-431.0	71.52424623567141
503	-432.0	0.19375	1.15625	3	-432.0	73.51103085332896
504	-433.0	0.19375	1.125	3	-433.0	71.52424623567141
505	-434.0	0.19375	1.125	3	-434.0	71.52424623567141
506	-435.0	0.19375	1.140625	3	-435.0	72.51763854450019
507	-436.0	0.19375	1.078125	3	-436.0	68.5440693091851
508	-437.0	0.19375	1.078125	3	-437.0	68.5440693091851
509	-437.0	0.2	1.046875	3	-437.0	66.55728469152757
510	-438.0	0.2	1.0625	3	-438.0	67.55067700035634
511	-439.0	0.19375	1.0625	3	-439.0	67.55067700035634
512	-440.0	0.19375	1.046875	3	-440.0	66.55728469152757
513	-441.0	0.19375	1.0	3	-441.0	63.57710776504126
514	-441.0	0.19375	1.015625	3	-441.0	64.57050007387002
515	-443.0	0.19375	1.0	3	-443.0	63.57710776504126
516	-444.0	0.2	0.984375	3	-444.0	62.58371545621249
517	-444.0	0.2	0.984375	3	-444.0	62.58371545621249
518	-445.0	0.19375	0.96875	3	-445.0	61.59032314738372
519	-446.0	0.19375	0.953125	3	-446.0	60.596930838554954
520	-447.0	0.19375	0.96875	3	-447.0	61.59032314738372
521	-448.0	0.19375	0.96875	3	-448.0	61.59032314738372
522	-448.0	0.1875	0.921875	3	-448.0	58.61014622089741
523	-449.0	0.1875	0.9375	3	-449.0	59.60353852972618
524	-450.0	0.1875	0.921875	3	-450.0	58.61014622089741
525	-451.0	0.1875	0.921875	3	-451.0	58.61014622089741
526	-452.0	0.19375	0.921875	3	-452.0	58.61014622089741
527	-453.0	0.1875	0.890625	3	-453.0	56.62336160323987
528	-454.0	0.1875	0.875	3	-454.0	55.629969294411104
529	-454.0	0.1875	0.875	3	-454.0	55.629969294411104
530	-455.0	0.1875	0.875	3	-455.0	55.629969294411104
531	-456.0	0.1875	0.859375	3	-456.0	54.63657698558233
532	-457.0	0.1875	0.859375	3	-457.0	54.63657698558233
533	-458.0	0.19375	0.828125	3	-458.0	52.649792367924796
534	-459.0	0.1875	0.796875	3	-459.0	50.663007750267255
535	-460.0	0.19375	0.796875	3	-460.0	50.663007750267255
536	-460.0	0.19375	0.78125	3	-460.0	49.66961544143848
537	-461.0	0.19375	0.78125	3	-461.0	49.66961544143848
538	-462.0	0.19375	0.78125	3	-462.0	49.66961544143848
539	-463.0	0.1875	0.734375	3	-463.0	46.68943851495217
540	-464.0	0.19375	0.78125	3	-464.0	49.66961544143848
541	-464.0	0.1875	0.75	3	-464.0	47.68283082378095
542	-465.0	0.1875	0.75	3	-465.0	47.68283082378095
543	-466.0	0.1875	0.71875	3	-466.0	45.696046206123405
544	-467.0	0.1875	0.71875	3	-467.0	45.696046206123405
545	-467.0	0.19375	0.71875	3	-467.0	45.696046206123405
546	-468.0	0.19375	0.671875	3	-468.0	42.7158692796371
547	-469.0	0.1875	0.703125	3	-469.0	44.70265389729464
548	-470.0	0.1875	0.671875	3	-470.0	42.7158692796371
549	-471.0	0.19375	0.671875	3	-471.0	42.7158692796371
550	-471.0	0.19375	0.640625	3	-471.0	40.729084661979556
551	-472.0	0.1875	0.625	3	-472.0	39.73569235315079
552	-473.0	0.19375	0.609375	3	-473.0	38.742300044322015
553	-474.0	0.1875	0.609375	3	-474.0	38.742300044322015
554	-475.0	0.1875	0.625	3	-475.0	39.73569235315079
555	-476.0	0.1875	0.5625	3	-476.0	35.762123117835706
556	-476.0	0.19375	0.5625	3	-476.0	35.762123117835706
557	-477.0	0.1875	0.5625	3	-477.0	35.762123117835706
558	-478.0	0.1875	0.5625	3	-478.0	35.762123117835706
559	-479.0	0.1875	0.5625	3	-479.0	35.762123117835706
560	-480.0	0.1875	0.546875	3	-480.0	34.76873080900694
561	-481.0	0.19375	0.515625	3	-481.0	32.7819461913494
562	-482.0	0.1875	0.515625	3	-482.0	32.7819461913494
563	-483.0	0.1875	0.484375	3	-483.0	30.79516157369186
564	-484.0	0.1875	0.5	3	-484.0	31.78855388252063
565	-484.0	0.1875	0.484375	3	-484.0	30.79516157369186
566	-485.0	0.1875	0.453125	3	-485.0	28.80837695603432
567	-486.0	0.1875	0.484375	3	-486.0	30.79516157369186
568	-487.0	0.1875	0.484375	3	-487.0	30.79516157369186
569	-487.0	0.1875	0.4375	3	-487.0	27.814984647205552
570	-489.0	0.1875	0.4375	3	-489.0	27.814984647205552
571	-489.0	0.19375	0.40625	3	-489.0	25.82820002954801
572	-491.0	0.1875	4.1875	2	-491.0	34.23677540675333
573	-491.0	0.19375	4.1875	2	-491.0	34.23677540675333
574	-491.0	0.1875	4.0625	2	-491.0	33.21478211102935
575	-492.0	0.19375	4.125	2	-492.0	33.725778758891344
576	-492.0	0.1875	4.1875	2	-492.0	34.23677540675333
577	-493.0	0.1875	4.0625	2	-493.0	33.21478211102935
578	-494.0	0.19375	4.0625	2	-494.0	33.21478211102935
579	-495.0	0.1875	3.8125	2	-495.0	31.17079551958139
580	-496.0	0.19375	3.625	2	-496.0	29.637805575995422
581	-496.0	0.19375	3.4375	2	-496.0	28.10481563240945
582	-497.0	0.19375	3.4375	2	-497.0	28.10481563240945
583	-498.0	0.19375	3.25	2	-498.0	26.57182568882348
584	-499.0	0.19375	3.1875	2	-499.0	26.06082904096149
585	-500.0	0.2	3.0625	2	-500.0	25.03883574523751
586	-501.0	0.19375	2.9375	2	-501.0	24.01684244951353
587	-501.0	0.2	2.875	2	-501.0	23.505845801651542
588	-502.0	0.1875	2.8125	2	-502.0	22.994849153789552
589	-503.0	0.1875	2.75	2	-503.0	22.483852505927562
590	-503.0	0.19375	2.5	2	-503.0	20.4398659144796
591	-504.0	0.1875	2.4375	2	-504.0	19.92886926661761
592	-505.0	0.1875	2.5	2	-505.0	20.4398659144796
593	-506.0	0.19375	2.1875	2	-506.0	17.88488267516965
594	-507.0	0.1875	2.125	2	-507.0	17.37388602730766
595	-508.0	0.2	1.875	2	-508.0	15.329899435859701
596	-508.0	0.19375	1.75	2	-508.0	14.30790614013572
597	-509.0	0.19375	1.5625	2	-509.0	12.77491619654975
598	-510.0	0.19375	1.4375	2	-510.0	11.752922900825771
599	-511.0	0.19375	1.3125	2	-511.0	10.73092960510179
600	-512.0	0.2	1.0625	2	-512.0	8.68694301365383
601	-513.0	0.2	0.9375	2	-513.0	7.664949717929851
602	-513.0	0.19375	0.8125	2	-513.0	6.64295642220587
603	-515.0	0.19375	0.6875	2	-515.0	5.6209631264818904
604	-517.0	0.1875	0.546875	2	-517.0	4.471220668792412
605	-518.0	0.19375	0.546875	2	-518.0	4.471220668792412
606	-519.0	0.2	0.46875	2	-519.0	3.8324748589649253
607	-520.0	0.19375	0.453125	2	-520.0	3.7047256969994278
608	-521.0	0.19375	0.4375	2	-521.0	3.57697653503393
609	-523.0	0.19375	0.421875	2	-523.0	3.4492273730684326
610	-524.0	0.19375	0.40625	2	-524.0	3.321478211102935
611	-525.0	0.19375	0.390625	2	-525.0	3.1937290491374375
612	-527.0	0.19375	0.375	2	-527.0	3.06597988717194
613	-528.0	0.19375	0.359375	2	-528.0	2.938230725206443
614	-529.0	0.19375	0.34375	2	-529.0	2.8104815632409452
615	-529.0	0.2	0.3375	2	-529.0	2.7593818984547465
616	-530.0	0.19375	0.3375	2	-530.0	2.7593818984547465
617	-530.0	0.19375	0.3375	2	-530.0	2.7593818984547465
618	-531.0	0.19375	0.325	2	-531.0	2.657182568882348
619	-532.0	0.19375	0.31875	2	-532.0	2.606082904096149
620	-533.0	0.19375	0.3125	2	-533.0	2.55498323930995
621	-533.0	0.19375	0.3125	2	-533.0	2.55498323930995
622	-534.0	0.2	0.30625	2	-534.0	2.5038835745237513
623	-535.0	0.19375	0.3	2	-535.0	2.452783909737552
624	-536.0	0.2	0.3	2	-536.0	2.452783909737552
625	-537.0	0.19375	0.2875	2	-537.0	2.3505845801651537
626	-538.0	0.19375	0.29375	2	-538.0	2.4016842449513534
627	-538.0	0.19375	0.29375	2	-538.0	2.4016842449513534
628	-539.0	0.19375	0.275	2	-539.0	2.248385250592756
629	-540.0	0.19375	0.2875	2	-540.0	2.3505845801651537
630	-541.0	0.19375	0.2875	2	-541.0	2.3505845801651537
631	-542.0	0.19375	0.28125	2	-542.0	2.299484915378955
632	-542.0	0.19375	0.28125	2	-542.0	2.299484915378955
633	-543.0	0.19375	0.275	2	-543.0	2.248385250592756
634	-544.0	0.19375	0.275	2	-544.0	2.248385250592756
635	-545.0	0.19375	0.2875	2	-545.0	2.3505845801651537
636	-545.0	0.19375	0.275	2	-545.0	2.248385250592756
637	-546.0	0.2	0.2875	2	-546.0	2.3505845801651537
638	-547.0	0.19375	0.29375	2	-547.0	2.4016842449513534
639	-548.0	0.19375	0.3125	2	-548.0	2.55498323930995
640	-549.0	0.19375	0.3	2	-549.0	2.452783909737552
641	-550.0	0.19375	0.3125	2	-550.0	2.55498323930995
642	-551.0	0.19375	0.3125	2	-551.0	2.55498323930995
643	-552.0	0.2	0.325	2	-552.0	2.657182568882348
644	-552.0	0.2	0.3375	2	-552.0	2.7593818984547465
645	-553.0	0.19375	0.34375	2	-553.0	2.8104815632409452
646	-554.0	0.19375	0.3625	2	-554.0	2.963780557599542
647	-555.0	0.19375	0.3875	2	-555.0	3.1681792167443383
648	-556.0	0.2	0.3875	2	-556.0	3.1681792167443383
649	-556.0	0.19375	0.4125	2	-556.0	3.372577875889134
650	-558.0	0.19375	0.43125	2	-558.0	3.5258768702477314
651	-558.0	0.19375	0.4625	2	-558.0	3.781375194178726
652	-559.0	0.19375	0.475	2	-559.0	3.883574523751124
653	-560.0	0.19375	0.48125	2	-560.0	3.9346741885373233
654	-561.0	0.19375	0.50625	2	-561.0	4.139072847682119
655	-562.0	0.19375	0.51875	2	-562.0	4.241272177254517
656	-563.0	0.2	0.53125	2	-563.0	4.343471506826915
657	-563.0	0.19375	0.5625	2	-563.0	4.59896983075791
658	-564.0	0.19375	0.5625	2	-564.0	4.59896983075791
659	-565.0	0.19375	0.5625	2	-565.0	4.59896983075791
660	-566.0	0.19375	0.575	2	-566.0	4.701169160330307
661	-566.0	0.19375	0.60625	2	-566.0	4.9566674842613025
662	-568.0	0.19375	0.59375	2	-568.0	4.854468154688905
663	-568.0	0.19375	0.6125	2	-568.0	5.007767149047503
664	-569.0	0.2	0.6375	2	-569.0	5.212165808192298
665	-570.0	0.2	0.725	2	-570.0	5.927561115199084
666	-570.0	0.19375	0.725	2	-570.0	5.927561115199084
667	-572.0	0.19375	0.75625	2	-572.0	6.183059439130079
668	-572.0	0.19375	0.79375	2	-572.0	6.4896574278472725
669	-573.0	0.19375	0.85	2	-573.0	6.9495544109230645
670	-574.0	0.19375	0.89375	2	-574.0	7.307252064426458
671	-575.0	0.19375	0.95625	2	-575.0	7.818248712288447
672	-576.0	0.19375	1.01875	2	-576.0	8.329245360150438
673	-577.0	0.2	1.25	2	-577.0	10.2199329572398
674	-578.0	0.2	1.625	2	-578.0	13.28591284441174
675	-580.0	0.19375	2.0625	2	-580.0	16.862889379445672
676	-580.0	0.2	3.5625	2	-580.0	29.126808928133432
677	-580.0	0.19375	3.9375	2	-580.0	32.19278881530537
678	-581.0	0.2	6.4375	2	-581.0	52.632654729784974
679	-580.0	0.2	7.75	2	-580.0	63.36358433488676
680	-582.0	0.19375	11.0625	2	-582.0	90.44640667157223
681	-583.0	0.19375	14.84375	2	-583.0	121.36170386722263
682	-584.0	0.19375	19.21875	2	-584.0	157.13146921756194
683	-584.0	0.19375	20.0	2	-584.0	163.5189273158368
684	-586.0	0.2	21.71875	2	-586.0	177.57133513204153
685	-586.0	0.19375	24.0625	2	-586.0	196.73370942686617
686	-587.0	0.19375	26.09375	2	-587.0	213.34110048238082
687	-589.0	0.19375	2.96875	3	-589.0	188.74453867746624
688	-590.0	0.2	3.0625	3	-590.0	194.70489253043885
689	-591.0	0.19375	3.1875	3	-591.0	202.65203100106902
690	-592.0	0.19375	3.59375	3	-592.0	228.48023103061703
691	-594.0	0.2	3.75	3	-594.0	238.41415411890472
692	-594.0	0.19375	3.78125	3	-594.0	240.40093873656227
693	-596.0	0.19375	3.96875	3	-596.0	252.3216464425075
694	-597.0	0.19375	3.9375	3	-597.0	250.33486182484995
695	-598.0	0.2	4.21875	3	-598.0	268.2159233837678
696	-600.0	0.2	4.1875	3	-600.0	266.2291387661103
697	-601.0	0.2	4.4375	3	-601.0	282.1234157073706
698	-602.0	0.19375	4.40625	3	-602.0	280.13663108971303
699	-604.0	0.19375	4.65625	3	-604.0	296.03090803097336
700	-605.0	0.19375	4.75	3	-605.0	301.991261883946
701	-605.0	0.19375	5.125	3	-605.0	325.83267729583645
702	-606.0	0.19375	4.8125	3	-606.0	305.9648311192611
703	-605.0	0.19375	5.1875	3	-605.0	329.80624653115154
704	-607.0	0.2	5.5625	3	-607.0	353.647661943042
705	-608.0	0.2	5.3125	3	-608.0	337.7533850017817
706	-609.0	0.19375	5.5625	3	-609.0	353.647661943042
707	-610.0	0.19375	5.6875	3	-610.0	361.59480041367215
708	-612.0	0.19375	5.8125	3	-612.0	369.54193888430234
709	-613.0	0.2	5.5	3	-613.0	349.6740927077269
710	-614.0	0.2	6.0625	3	-614.0	385.4362158255626
711	-616.0	0.2	6.25	3	-616.0	397.35692353150785
712	-617.0	0.19375	6.25	3	-617.0	397.35692353150785
713	-618.0	0.19375	6.0625	3	-618.0	385.4362158255626
714	-619.0	0.19375	6.25	3	-619.0	397.35692353150785
715	-621.0	0.2	6.5	3	-621.0	413.2512004727682
716	-622.0	0.19375	6.6875	3	-622.0	425.1719081787134
717	-623.0	0.19375	6.9375	3	-623.0	441.06618511997374
718	-625.0	0.19375	6.875	3	-625.0	437.09261588465864
719	-626.0	0.19375	6.625	3	-626.0	421.19833894339837
720	-627.0	0.19375	6.8125	3	-627.0	433.1190466493436
721	-628.0	0.19375	7.25	3	-628.0	460.9340312965491
722	-630.0	0.2	7.125	3	-630.0	452.98689282591897
723	-631.0	0.2	7.4375	3	-631.0	472.85473900249434
724	-632.0	0.19375	7.375	3	-632.0	468.8811697671793
725	-634.0	0.19375	7.4375	3	-634.0	472.85473900249434
726	-635.0	0.19375	7.5	3	-635.0	476.82830823780944
727	-636.0	0.2	7.25	3	-636.0	460.9340312965491
728	-637.0	0.2	7.625	3	-637.0	484.77544670843963
729	-639.0	0.19375	7.6875	3	-639.0	488.74901594375467
730	-640.0	0.19375	8.0625	3	-640.0	512.5904313556451
731	-642.0	0.19375	7.5625	3	-642.0	480.80187747312453
732	-643.0	0.2	8.25	3	-643.0	524.5111390615904
733	-644.0	0.19375	8.4375	3	-644.0	536.4318467675356
734	-645.0	0.19375	8.0	3	-645.0	508.6168621203301
735	-647.0	0.19375	8.1875	3	-647.0	520.5375698262753
736	-648.0	0.19375	8.5	3	-648.0	540.4054160028508
737	-649.0	0.19375	8.5625	3	-649.0	544.3789852381658
738	-650.0	0.19375	8.4375	3	-650.0	536.4318467675356
739	-652.0	0.19375	8.625	3	-652.0	548.3525544734808
740	-653.0	0.19375	8.75	3	-653.0	556.299692944111
741	-655.0	0.19375	8.75	3	-655.0	556.299692944111
742	-656.0	0.19375	8.6875	3	-656.0	552.326123708796
743	-657.0	0.19375	8.9375	3	-657.0	568.2204006500563
744	-658.0	0.19375	9.125	3	-658.0	580.1411083560015
745	-659.0	0.19375	9.0625	3	-659.0	576.1675391206865
746	-660.0	0.2	8.90625	3	-660.0	566.2336160323987
747	-661.0	0.2	9.21875	3	-661.0	586.1014622089741
748	-662.0	0.2	9.375	3	-662.0	596.0353852972618
749	-663.0	0.19375	9.21875	3	-663.0	586.1014622089741
750	-664.0	0.19375	9.21875	3	-664.0	586.1014622089741
751	-664.0	0.19375	9.375	3	-664.0	596.0353852972618
752	-665.0	0.19375	9.375	3	-665.0	596.0353852972618
753	-666.0	0.19375	9.53125	3	-666.0	605.9693083855495
754	-667.0	0.19375	9.53125	3	-667.0	605.9693083855495
755	-667.0	0.19375	9.375	3	-667.0	596.0353852972618
756	-668.0	0.19375	9.53125	3	-668.0	605.9693083855495
757	-669.0	0.2	9.6875	3	-669.0	615.9032314738372
758	-670.0	0.19375	9.53125	3	-670.0	605.9693083855495
759	-671.0	0.19375	9.84375	3	-671.0	625.8371545621249
760	-672.0	0.19375	9.84375	3	-672.0	625.8371545621249
761	-673.0	0.19375	9.6875	3	-673.0	615.9032314738372
762	-674.0	0.2	9.6875	3	-674.0	615.9032314738372
763	-674.0	0.19375	9.6875	3	-674.0	615.9032314738372
764	-675.0	0.19375	10.15625	3	-675.0	645.7050007387003
765	-676.0	0.19375	9.84375	3	-676.0	625.8371545621249
766	-677.0	0.19375	9.84375	3	-677.0	625.8371545621249
767	-678.0	0.19375	9.375	3	-678.0	596.0353852972618
768	-679.0	0.2	9.6875	3	-679.0	615.9032314738372
769	-679.0	0.2	10.0	3	-679.0	635.7710776504126
770	-680.0	0.2	9.84375	3	-680.0	625.8371545621249
771	-681.0	0.19375	9.84375	3	-681.0	625.8371545621249
772	-682.0	0.19375	9.84375	3	-682.0	625.8371545621249
773	-683.0	0.2	9.84375	3	-683.0	625.8371545621249
774	-684.0	0.2	9.84375	3	-684.0	625.8371545621249
775	-684.0	0.2	9.84375	3	-684.0	625.8371545621249
776	-685.0	0.19375	10.3125	3	-685.0	655.6389238269879
777	-687.0	0.19375	10.46875	3	-687.0	665.5728469152757
778	-687.0	0.2	10.0	3	-687.0	635.7710776504126
779	-688.0	0.19375	10.15625	3	-688.0	645.7050007387003
780	-689.0	0.2	9.6875	3	-689.0	615.9032314738372
781	-690.0	0.2	10.625	3	-690.0	675.5067700035634
782	-691.0	0.19375	10.46875	3	-691.0	665.5728469152757
783	-692.0	0.19375	10.78125	3	-692.0	685.4406930918511
784	-692.0	0.19375	10.625	3	-692.0	675.5067700035634
785	-693.0	0.19375	10.46875	3	-693.0	665.5728469152757
786	-694.0	0.2	10.3125	3	-694.0	655.6389238269879
787	-695.0	0.19375	10.625	3	-695.0	675.5067700035634
788	-696.0	0.19375	11.40625	3	-696.0	725.1763854450019
789	-697.0	0.19375	11.25	3	-697.0	715.2424623567142
790	-697.0	0.19375	10.625	3	-697.0	675.5067700035634
791	-698.0	0.19375	10.9375	3	-698.0	695.3746161801388
792	-699.0	0.19375	11.875	3	-699.0	754.978154709865
793	-700.0	0.19375	12.03125	3	-700.0	764.9120777981526
794	-701.0	0.19375	11.40625	3	-701.0	725.1763854450019
795	-702.0	0.19375	11.5625	3	-702.0	735.1103085332895
796	-703.0	0.19375	9.375	3	-703.0	596.0353852972618
797	-704.0	0.19375	3.90625	3	-704.0	248.34807720719243
798	-705.0	0.19375	0.3125	3	-705.0	19.867846176575394
799	-705.0	0.19375	0.15625	3	-705.0	9.933923088287697
800	-706.0	0.19375	0.15625	3	-706.0	9.933923088287697
801	-707.0	0.19375	0.15625	3	-707.0	9.933923088287697
802	-708.0	0.19375	0.15625	3	-708.0	9.933923088287697
803	-709.0	0.19375	0.15625	3	-709.0	9.933923088287697
