
#$Filter:1
#$	0	1	 1
#$	1	op06	0.251188643150958
#$	2	op09	0.02848931924611138
#$	3	op18*op18*op18	3.9810717055349725e-06
#$	4	ns12	1e-7
#$	5	0	 1e-22
#$POWER:41.0, mW
#$WAVELENGTH:532,nm
#$OBJECT:Air, bscat
angle	ref	signal	signal_std	filter	Time	freq	duty_cycle
308.0	0.168749957813	0.0130083372405	0.00564945566407	0	1510672539.5323637	30.5671641791	0.537313432836
307.5	0.170833290625	0.0149965721796	0.00497969375258	0	1510672540.3162587	30.5671641791	0.529850746269
306.5	0.168749957813	0.0140263570376	0.00532835268605	0	1510672541.1182482	30.5671641791	0.537313432836
306.0	0.168749957813	0.0152838280879	0.0049011583816	0	1510672541.5381591	30.5671641791	0.529850746269
305.0	0.168749957813	0.0145268126076	0.00559294476867	0	1510672542.305098	30.3407407407	0.533362598771
304.5	0.168749957813	0.0160869261777	0.00592610207638	0	1510672543.0987175	30.5671641791	0.537313432836
304.0	0.168749957813	0.0170710239558	0.0058007674233	0	1510672543.5264752	30.5671641791	0.529850746269
303.0	0.170833290625	0.0197374979107	0.00787429779535	0	1510672544.3118007	30.5671641791	0.537313432836
302.0	0.170833290625	0.0194891333044	0.00681932556446	0	1510672545.079605	30.5671641791	0.537313432836
301.5	0.168749957813	0.0195307999606	0.00657651816651	0	1510672545.5334394	30.3407407407	0.540715539947
300.5	0.168749957813	0.022788633904	0.0079252619744	0	1510672546.3362236	30.5671641791	0.529850746269
300.0	0.168749957813	0.0250113716505	0.00819612449541	0	1510672547.1303222	30.5671641791	0.537313432836
299.0	0.168749957813	0.0246636334352	0.00831218497423	0	1510672547.53922	30.5671641791	0.537313432836
298.5	0.168749957813	0.0283595014571	0.0106078042832	0	1510672548.319758	30.3407407407	0.540715539947
297.5	0.168749957813	0.0269453958072	0.0111685478822	0	1510672549.111593	30.5671641791	0.537313432836
297.0	0.170833290625	0.00308131700631	0.0171469107509	0	1510672549.5864615	30.1176470588	0.558823529412
296.0	0.170833290625	0.0104028603414	0.0171333564242	0	1510672550.3602638	30.1176470588	0.558823529412
295.0	0.168749957813	0.0733313308735	0.019054646561	0	1510672551.2205727	30.1176470588	0.551481721826
294.0	0.168749957813	0.0124222404295	0.0213801792329	0	1510672552.0254703	29.897810219	0.562020460358
293.5	0.170833290625	0.0354386666105	0.0162240413891	0	1510672552.527419	29.6811594203	0.550724637681
292.5	0.168749957813	0.0239258584369	0.0199260213945	0	1510672553.2997994	30.1176470588	0.558823529412
292.0	0.170833290625	0.0387492462651	0.0183622973665	0	1510672554.0651274	30.3407407407	0.555531167691
291.0	0.168749957813	0.0451060699579	0.0139695211134	0	1510672554.593077	30.5671641791	0.537313432836
290.5	0.168749957813	0.0269894597467	0.017370073219	0	1510672555.3629932	30.5671641791	0.55223880597
289.5	0.168749957813	0.0755552527855	0.0229608487177	0	1510672556.202712	30.1176470588	0.558823529412
288.5	0.168749957813	0.052124093504	0.0146725327543	0	1510672557.0303807	30.3407407407	0.555531167691
288.0	0.168749957813	0.0538419212457	0.01504167082	0	1510672557.5316648	30.3407407407	0.555531167691
287.0	0.168749957813	0.0550845108488	0.0172214832626	0	1510672558.299546	30.3407407407	0.555531167691
286.0	0.168749957813	0.0612476092059	0.0188095312332	0	1510672559.0693736	30.3407407407	0.555531167691
285.5	0.168749957813	0.0670808364044	0.0186248954119	0	1510672559.5793114	30.3407407407	0.555531167691
284.5	0.168749957813	0.0676739960155	0.0210743065213	0	1510672560.3512635	30.3407407407	0.555531167691
284.0	0.168749957813	0.0349314922882	0.0092928202543	0	1510672561.1929438	30.3407407407	0.555531167691
282.5	0.168749957813	0.0721100001409	0.0229364719876	0	1510672562.09004	30.1176470588	0.544117647059
282.0	0.170833290625	0.0255439215944	0.0828169978436	0	1510672562.527877	30.1176470588	0.544117647059
281.5	0.170833290625	0.0815892094975	0.0260044625217	0	1510672563.2942839	30.1176470588	0.566190785204

#$Filter:1
#$	0	1	 1
#$	1	op06	0.251188643150958
#$	2	op09	0.02848931924611138
#$	3	op18*op18*op18	3.9810717055349725e-06
#$	4	ns12	1e-7
#$	5	0	 1e-22
#$POWER:41.0, mW
#$WAVELENGTH:532,nm
#$OBJECT:Air, bscat
angle	ref	signal	signal_std	filter	Time	freq	duty_cycle
280.0	0.168749957813	0.0876774709581	0.0241956234486	0	1510672569.019039	30.3407407407	0.533362598771
279.0	0.166666625	0.0883188054513	0.0286310734691	0	1510672570.026274	30.5671641791	0.529850746269
278.5	0.168749957813	0.0979585157147	0.0267585526919	0	1510672571.02256	30.3407407407	0.533362598771
278.0	0.168749957813	0.0931887247173	0.0286064679596	0	1510672572.022395	30.5671641791	0.537313432836
277.0	0.168749957813	0.108011739874	0.0282501630218	0	1510672573.01581	30.1176470588	0.529411764706
276.0	0.168749957813	0.0797123694524	0.0471621764527	0	1510672574.0202172	30.1176470588	0.558944408393
275.5	0.168749957813	0.104349318147	0.0306768201401	0	1510672575.0079896	30.1176470588	0.558823529412
274.5	0.168749957813	0.0928909521931	0.0310365999348	0	1510672576.0258076	30.5671641791	0.537313432836
274.0	0.168749957813	0.104294349352	0.0348918369459	0	1510672577.0216286	30.1176470588	0.544117647059
273.0	0.168749957813	0.101262564305	0.0385859923198	0	1510672578.0323932	30.5671641791	0.537313432836
272.5	0.168749957813	0.112035400368	0.0357263788229	0	1510672579.0153131	30.1176470588	0.558823529412
271.5	0.168749957813	0.107125434998	0.0325865495561	0	1510672580.0442135	30.1176470588	0.544117647059
271.0	0.168749957813	0.0825916729875	0.052008812847	0	1510672581.0638275	30.1176470588	0.558823529412
270.0	0.170833290625	0.0876893784755	0.0484104146481	0	1510672582.0560305	29.897810219	0.562020460358
269.0	0.168749957813	0.107476163607	0.0358450393531	0	1510672583.0337112	30.1176470588	0.551470588235
268.5	0.170833290625	0.111983450117	0.0331451786409	0	1510672584.0166154	30.5671641791	0.537313432836
267.5	0.168749957813	0.110382412881	0.0277297913729	0	1510672585.025124	30.3407407407	0.555531167691
266.5	0.168749957813	0.11796028797	0.032455127281	0	1510672586.021222	30.3407407407	0.548178226514
266.0	0.168749957813	0.110166894618	0.0360003657571	0	1510672587.0186954	30.1176470588	0.558823529412
265.0	0.168749957813	0.115291141812	0.0309925748541	0	1510672588.0479796	30.3407407407	0.548178226514
264.0	0.168749957813	0.116063903364	0.0359024712656	0	1510672589.0218208	30.3407407407	0.555531167691
263.0	0.168749957813	0.0999790173468	0.0410277568375	0	1510672590.0196276	30.5671641791	0.537313432836
262.5	0.168749957813	0.0940916431438	0.0279844802953	0	1510672591.0225363	30.3407407407	0.533362598771
261.5	0.168749957813	0.082162586297	0.0226716091508	0	1510672592.0114186	30.5671641791	0.529850746269
260.5	0.166666625	0.0867304896453	0.0252374597231	0	1510672593.010223	30.5671641791	0.529850746269
260.0	0.168749957813	0.117569522054	0.0298777794219	0	1510672594.0249183	30.3407407407	0.525899912204
259.0	0.168749957813	0.127538500879	0.0331154924865	0	1510672595.0238707	30.5671641791	0.529850746269
258.0	0.168749957813	0.0487451659394	0.0686564414469	0	1510672596.0765953	30.3407407407	0.555531167691
257.0	0.170833290625	0.107560794662	0.0563237020034	0	1510672597.0255787	30.1176470588	0.558823529412
256.5	0.168749957813	0.127347263659	0.0373314347278	0	1510672598.0214515	30.3407407407	0.555531167691
255.5	0.168749957813	0.135754096533	0.0399123209293	0	1510672599.0203364	30.1176470588	0.544117647059
254.5	0.168749957813	0.122406827541	0.0472851502221	0	1510672600.0160918	30.1176470588	0.529411764706
254.0	0.168749957813	0.133223087735	0.0442287101263	0	1510672601.0115483	30.5671641791	0.522388059701
253.0	0.166666625	0.143803410445	0.0316086457171	0	1510672602.0110064	30.5671641791	0.522388059701
252.0	0.168749957813	0.143704946067	0.0372838321248	0	1510672603.0257387	30.5671641791	0.529850746269
251.0	0.166666625	0.120436681641	0.0393069919401	0	1510672604.0235941	30.5671641791	0.529850746269
250.0	0.168749957813	0.093666323557	0.0301261885719	0	1510672605.0193179	30.1176470588	0.529411764706
249.5	0.170833290625	0.119024596285	0.0477817199687	0	1510672606.0122533	30.3407407407	0.548178226514
249.5	0.168749957813	0.152499359141	0.0406782847768	0	1510672607.0219557	30.5671641791	0.537313432836
249.5	0.168749957813	0.154636960601	0.0434851397738	0	1510672608.0191004	30.1176470588	0.544117647059
249.5	0.170833290625	0.164340928653	0.0467447638494	0	1510672609.015646	30.1176470588	0.544117647059
249.5	0.168749957813	0.159399977183	0.044762175616	0	1510672610.0116816	30.1176470588	0.529411764706
249.5	0.170833290625	0.0220225861397	0.0820894198673	0	1510672611.0105758	29.897810219	0.554774083546
249.5	0.170833290625	0.0946889208578	0.0720420692366	0	1510672612.026362	29.6811594203	0.550724637681
249.5	0.168749957813	0.165968632215	0.0483359640106	0	1510672613.0221586	30.1176470588	0.558823529412
249.5	0.168749957813	0.141697831605	0.0592876921793	0	1510672614.0185719	30.3407407407	0.555531167691
249.5	0.168749957813	0.142823625008	0.054618729439	0	1510672615.0267549	30.1176470588	0.551470588235
249.5	0.168749957813	0.135411491845	0.055015686986	0	1510672616.0227046	30.3407407407	0.555531167691

#$Filter:1
#$	0	1	 1
#$	1	op06	0.251188643150958
#$	2	op09	0.02848931924611138
#$	3	op18*op18*op18	3.9810717055349725e-06
#$	4	ns12	1e-7
#$	5	0	 1e-22
#$POWER:41.0, mW
#$WAVELENGTH:532,nm
#$OBJECT:Air, bscat
angle	ref	signal	signal_std	filter	Time	freq	duty_cycle
249.5	0.168749957813	0.144155469914	0.0359948230102	0	1510672621.5184312	30.5671641791	0.537313432836
249.5	0.170833290625	0.135676960504	0.0486894247773	0	1510672622.2869692	30.1176470588	0.529411764706
249.5	0.170833290625	0.135882270715	0.0374482564794	0	1510672623.0546365	30.3407407407	0.533362598771

#$Filter:op09
#$	0	1	 1
#$	1	op06	0.251188643150958
#$	2	op09	0.02848931924611138
#$	3	op18*op18*op18	3.9810717055349725e-06
#$	4	ns12	1e-7
#$	5	0	 1e-22
#$POWER:41.0, mW
#$WAVELENGTH:532,nm
#$OBJECT:Air, bscat
angle	ref	signal	signal_std	filter	Time	freq	duty_cycle
286.5	0.170833290625	0.00203216235711	0.00184044678849	2	1510672804.67448	29.6811594203	0.550724637681
286.0	0.170833290625	0.00146605376454	0.0014279676472	2	1510672805.6696503	29.897810219	0.54742114237
285.5	0.168749957813	0.00160852639882	0.00167827182225	2	1510672806.6637027	29.897810219	0.554774083546
284.5	0.168749957813	0.000974715584681	0.00135673854162	2	1510672807.6854708	29.897810219	0.554774083546
284.0	0.170833290625	0.00196430044669	0.00174505890201	2	1510672808.6814172	29.897810219	0.554774083546
283.0	0.168749957813	0.00209934588039	0.00152982389466	2	1510672809.6851342	29.897810219	0.54742114237
282.0	0.168749957813	0.00138344963707	0.00169840367329	2	1510672810.6728919	29.897810219	0.54742114237
281.0	0.168749957813	0.00210974095519	0.00175763498762	2	1510672811.668389	29.897810219	0.562020460358
279.5	0.170833290625	0.00229686817328	0.00183733358678	2	1510672812.686626	30.1176470588	0.544117647059

#$Filter:1
#$	0	1	 1
#$	1	op06	0.251188643150958
#$	2	op09	0.02848931924611138
#$	3	op18*op18*op18	3.9810717055349725e-06
#$	4	ns12	1e-7
#$	5	0	 1e-22
#$POWER:41.0, mW
#$WAVELENGTH:532,nm
#$OBJECT:Air, bscat
angle	ref	signal	signal_std	filter	Time	freq	duty_cycle
278.0	0.168749957813	0.0962131732608	0.0241137270228	0	1510672835.2608109	29.6811594203	0.550724637681
277.0	0.168749957813	0.089189420129	0.0336189400312	0	1510672836.0372527	29.6811594203	0.528985507246
276.5	0.170833290625	0.105450299417	0.0298205284809	0	1510672836.810571	29.6811594203	0.550724637681
276.0	0.170833290625	0.104973092036	0.0270827428962	0	1510672837.2646296	29.6811594203	0.536231884058
275.0	0.168749957813	0.0969646723363	0.0299182007503	0	1510672838.0308888	29.2571428571	0.542857142857
274.0	0.168749957813	0.102639102899	0.0283105272796	0	1510672838.7878249	29.6811594203	0.550724637681
273.5	0.170833290625	0.104194151623	0.0258184960078	0	1510672839.2547572	29.6811594203	0.550724637681
272.5	0.168749957813	0.0988932155894	0.037019266954	0	1510672840.0264359	29.6811594203	0.557971014493
271.5	0.168749957813	0.110250911324	0.031443031137	0	1510672840.791951	29.897810219	0.554774083546
271.0	0.168749957813	0.107038098489	0.0292247695536	0	1510672841.2600257	29.897810219	0.554774083546
270.5	0.168749957813	0.0991955197556	0.031578722853	0	1510672842.0322104	29.897810219	0.554774083546
269.5	0.170833290625	0.104596839948	0.0284006272249	0	1510672842.7966614	29.897810219	0.554774083546
269.0	0.170833290625	0.111720995867	0.0326495732166	0	1510672843.261769	29.897810219	0.562020460358
268.0	0.170833290625	0.103585154553	0.037102112265	0	1510672844.043602	29.897810219	0.562020460358
267.5	0.168749957813	0.10650653103	0.036258553567	0	1510672844.811005	29.897810219	0.554774083546
266.5	0.168749957813	0.119478318827	0.0350573888943	0	1510672845.2567313	29.897810219	0.562020460358
266.0	0.168749957813	0.112146507945	0.0343736629211	0	1510672846.0276585	29.897810219	0.554774083546
265.0	0.168749957813	0.113248579929	0.0289236858047	0	1510672846.8044877	29.2571428571	0.542857142857
264.5	0.170833290625	0.123056691925	0.0298315143499	0	1510672847.258411	29.6811594203	0.536231884058
263.5	0.170833290625	0.113981572306	0.0298180938388	0	1510672848.0183144	29.6811594203	0.550724637681
262.5	0.170833290625	0.108280518499	0.0296924362456	0	1510672848.781199	29.6811594203	0.550724637681
262.0	0.170833290625	0.082710563556	0.0223025142894	0	1510672849.263313	29.897810219	0.554774083546
261.5	0.170833290625	0.0856958548647	0.0242837142798	0	1510672850.0231822	29.6811594203	0.550724637681
260.5	0.168749957813	0.0891565782285	0.0260576399758	0	1510672850.785996	29.6811594203	0.550724637681
260.0	0.170833290625	0.113615171895	0.0314414038527	0	1510672851.2587092	29.2571428571	0.542857142857
259.0	0.168749957813	0.112343035317	0.0438154743659	0	1510672852.026267	29.897810219	0.562020460358
258.5	0.168749957813	0.13112033759	0.0385392373354	0	1510672852.7893157	29.897810219	0.562020460358
258.0	0.168749957813	0.128466135975	0.0371767488552	0	1510672853.2585237	29.897810219	0.554774083546
257.0	0.170833290625	0.139390721455	0.0394927152889	0	1510672854.0283923	29.6811594203	0.550724637681
256.0	0.170833290625	0.128168735465	0.0331063589339	0	1510672854.8002667	29.6811594203	0.557983193277
255.5	0.170833290625	0.134725041934	0.0361836915697	0	1510672855.2552834	29.897810219	0.554774083546
254.5	0.170833290625	0.138463640598	0.0379888355576	0	1510672856.019312	29.897810219	0.54742114237
253.5	0.168749957813	0.145717912288	0.0390049358865	0	1510672856.7776768	29.897810219	0.554774083546
253.0	0.170833290625	0.14201652844	0.0363439320893	0	1510672857.261603	29.897810219	0.54742114237
252.5	0.168749957813	0.154748824626	0.0439735566147	0	1510672858.023927	29.897810219	0.54742114237
251.5	0.170833290625	0.132260229241	0.0400730067233	0	1510672858.7896633	29.897810219	0.554774083546
251.0	0.170833290625	0.11958643306	0.0350954959625	0	1510672859.2586	29.897810219	0.562020460358
250.0	0.168749957813	0.100679600982	0.0301765751933	0	1510672860.0155306	29.897810219	0.562020460358
249.5	0.170833290625	0.124919128314	0.0337845963602	0	1510672860.7843642	29.897810219	0.562020460358
249.0	0.170833290625	0.15801075902	0.0457404139612	0	1510672861.2541568	30.1176470588	0.558823529412
248.0	0.170833290625	0.147608303536	0.0411119878164	0	1510672862.017869	29.897810219	0.554774083546
247.0	0.170833290625	0.153412568812	0.050693377695	0	1510672862.7851949	30.1176470588	0.558823529412
246.5	0.170833290625	0.167269779154	0.0462356772582	0	1510672863.2577477	29.897810219	0.562020460358
245.5	0.170833290625	0.141262041979	0.0577368996653	0	1510672864.0238895	29.897810219	0.562020460358
244.5	0.168749957813	0.158337917056	0.0446304331442	0	1510672864.7937872	30.1176470588	0.558823529412
244.0	0.168749957813	0.154873847048	0.0462414934774	0	1510672865.2616808	30.1176470588	0.558728098637
243.5	0.170833290625	0.18631389204	0.0507331129006	0	1510672866.0275354	29.897810219	0.562020460358
242.5	0.170833290625	0.17156787413	0.0559182855983	0	1510672866.7865822	29.897810219	0.562020460358
242.0	0.170833290625	0.175151832667	0.0494009704989	0	1510672867.2539523	30.1176470588	0.558823529412
241.0	0.170833290625	0.16041166287	0.0398804522454	0	1510672868.018268	30.1176470588	0.551470588235
240.0	0.168749957813	0.136553319087	0.0540279097192	0	1510672868.7751932	29.897810219	0.562020460358
239.5	0.170833290625	0.147833154289	0.0391299217763	0	1510672869.257063	29.897810219	0.54742114237
239.0	0.168749957813	0.138247017495	0.0569100437854	0	1510672870.0329795	29.2571428571	0.542857142857
238.0	0.172916623438	0.130277078275	0.0477949906595	0	1510672870.8044157	29.897810219	0.554774083546
237.0	0.170833290625	0.127666777934	0.0292339593587	0	1510672871.2667427	29.6811594203	0.550724637681
236.5	0.170833290625	0.116847905261	0.039706833413	0	1510672872.0267947	29.897810219	0.540174765558
235.5	0.170833290625	0.109635879685	0.0337735969396	0	1510672872.7965484	29.6811594203	0.550840336134
235.0	0.170833290625	0.116697976524	0.0305438823798	0	1510672873.2656085	29.6811594203	0.550724637681
234.5	0.170833290625	0.111483450985	0.0342934596955	0	1510672874.0314171	29.897810219	0.562020460358
233.5	0.170833290625	0.119304598377	0.0352218426046	0	1510672874.7901125	29.6811594203	0.550724637681
233.0	0.170833290625	0.129007090255	0.0333736310569	0	1510672875.2521415	29.897810219	0.540174765558
232.0	0.170833290625	0.123956340637	0.0316465274423	0	1510672876.0130732	29.6811594203	0.536231884058
231.0	0.170833290625	0.116900972316	0.0280356710444	0	1510672876.7789953	29.6811594203	0.550724637681
230.5	0.170833290625	0.122259460376	0.0298558341838	0	1510672877.2603848	29.2571428571	0.542857142857
229.5	0.170833290625	0.123194270166	0.0313919971771	0	1510672878.0258749	29.6811594203	0.521739130435
229.0	0.170833290625	0.117717830795	0.0364441763741	0	1510672878.7966285	29.4676258993	0.525155279503
228.0	0.170833290625	0.147957253779	0.0314140000918	0	1510672879.2622776	29.4676258993	0.525155279503
227.5	0.170833290625	0.126486163374	0.0346681686881	0	1510672880.0411885	29.4676258993	0.532401656315
226.5	0.170833290625	0.130845352964	0.0361011218509	0	1510672880.803024	29.2571428571	0.528571428571
226.0	0.170833290625	0.129055078503	0.0280151471864	0	1510672881.25682	29.4676258993	0.525155279503
225.0	0.170833290625	0.153635033905	0.0400846758205	0	1510672882.0267143	29.2571428571	0.528571428571
224.5	0.170833290625	0.145083368964	0.050953432882	0	1510672882.793142	29.4676258993	0.532401656315
224.0	0.170833290625	0.172616749775	0.0453565750242	0	1510672883.2591405	29.4676258993	0.525155279503
223.0	0.170833290625	0.187390663535	0.0411162935667	0	1510672884.0184114	29.2571428571	0.528571428571
222.0	0.170833290625	0.169801667834	0.037530350292	0	1510672884.787748	29.2571428571	0.528571428571
221.5	0.170833290625	0.183241818859	0.0414844053783	0	1510672885.2687857	29.2571428571	0.528571428571
220.5	0.170833290625	0.199517046356	0.064787523428	0	1510672886.0416644	29.4676258993	0.532401656315
219.5	0.168749957813	0.22429063993	0.0503038864502	0	1510672886.8025389	29.2571428571	0.528571428571
219.0	0.170833290625	0.247988679858	0.059231671291	0	1510672887.2610729	29.4676258993	0.532401656315
218.0	0.170833290625	0.277935177876	0.0665421506269	0	1510672888.0262277	29.4676258993	0.525155279503
217.5	0.170833290625	0.260094484876	0.0574227673959	0	1510672888.7926705	29.4676258993	0.532401656315
217.0	0.170833290625	0.336491944361	0.0764113624035	0	1510672889.259115	29.4676258993	0.532401656315
216.0	0.170833290625	0.280149124671	0.069119903064	0	1510672890.0290418	29.4676258993	0.532401656315
215.0	0.170833290625	0.292130397474	0.0719034348501	0	1510672890.7969265	29.4676258993	0.532401656315
214.5	0.170833290625	0.314068160693	0.0699770774798	0	1510672891.2558506	29.4676258993	0.525155279503
214.0	0.170833290625	0.288408796029	0.0840972250603	0	1510672892.0347402	29.6811594203	0.536231884058
213.0	0.170833290625	0.3400617499	0.0793319939478	0	1510672892.8015037	29.6811594203	0.528985507246
212.5	0.168749957813	0.410920009131	0.0961994847798	0	1510672893.2585518	29.4676258993	0.532401656315
211.5	0.170833290625	0.442124565914	0.0977285963114	0	1510672894.023893	29.6811594203	0.528985507246
210.5	0.170833290625	0.565443048975	0.143863267255	0	1510672894.8032198	29.4676258993	0.532401656315
210.0	0.170833290625	0.546955572206	0.120548062114	0	1510672895.2592697	29.6811594203	0.528985507246
209.5	0.170833290625	0.490333658779	0.140329541813	0	1510672896.016712	29.6811594203	0.536231884058
208.5	0.170833290625	0.530929188893	0.121739787515	0	1510672896.7858987	29.6811594203	0.521739130435
208.0	0.170833290625	0.623810751416	0.132011889197	0	1510672897.2543967	29.6811594203	0.521739130435
207.0	0.168749957813	0.707368790464	0.158300023724	0	1510672898.036707	29.6811594203	0.536231884058
206.0	0.170833290625	0.629652560447	0.137818155173	0	1510672898.813698	29.6811594203	0.528985507246
206.0	0.170833290625	0.705745791305	0.162567465787	0	1510672899.258391	29.6811594203	0.536231884058
205.5	0.168749957813	0.704256096337	0.170474552801	0	1510672900.0243804	29.6811594203	0.536231884058
205.0	0.170833290625	0.716898566758	0.142940814423	0	1510672900.7938604	29.6811594203	0.521739130435
205.0	0.170833290625	0.734635187961	0.165884071631	0	1510672901.3290782	29.4676258993	0.532401656315
204.5	0.170833290625	0.765501600739	0.183587836702	0	1510672902.0891845	29.6811594203	0.536231884058
204.0	0.170833290625	0.408593422617	0.0886772942651	0	1510672902.9178262	29.6811594203	0.528985507246
204.0	0.170833290625	0.856282940516	0.183165004103	0	1510672903.8208275	29.4676258993	0.532401656315
203.5	0.168749957813	0.0905017694892	0.870586160098	0	1510672904.2607832	29.6811594203	0.536231884058
203.0	0.170833290625	0.92992808293	0.23743599857	0	1510672905.0287766	29.6811594203	0.536231884058
203.0	0.170833290625	0.992035990127	0.242380621381	0	1510672905.797527	29.4676258993	0.525155279503
202.5	0.170833290625	1.0174902317	0.243217473487	0	1510672906.254472	29.6811594203	0.536231884058
202.5	0.168749957813	1.07511288927	0.261388967451	0	1510672907.0203402	29.4676258993	0.532401656315
202.0	0.168749957813	1.09258967669	0.257217022406	0	1510672907.7972376	29.6811594203	0.536231884058
202.0	0.170833290625	1.15008980646	0.263217167043	0	1510672908.2571278	29.6811594203	0.536231884058
201.5	0.170833290625	1.21803290774	0.275892286404	0	1510672909.0219347	29.6811594203	0.536231884058
201.0	0.170833290625	1.23873423159	0.318389968879	0	1510672909.7819397	29.4676258993	0.525155279503
201.0	0.170833290625	1.30461543372	0.259599678852	0	1510672910.261698	29.4676258993	0.525155279503
200.5	0.170833290625	1.34663879728	0.315642162215	0	1510672911.027766	29.4676258993	0.532401656315
200.5	0.170833290625	1.42813038218	0.358509519742	0	1510672911.7985954	29.4676258993	0.525155279503
200.0	0.170833290625	1.64141516586	0.342070645926	0	1510672912.3117535	29.4676258993	0.525155279503
200.0	0.168749957813	1.69880997431	0.389594723056	0	1510672913.0704134	29.4676258993	0.532401656315
199.5	0.170833290625	0.644063687129	0.169325915873	0	1510672913.899266	29.4676258993	0.525155279503
199.0	0.170833290625	1.74679421436	0.324825944604	0	1510672914.8220894	29.4676258993	0.525155279503
199.0	0.170833290625	0.331794567612	1.18029273839	0	1510672915.2640715	29.4676258993	0.532401656315
198.5	0.170833290625	1.93983465623	0.469940032476	0	1510672916.0310423	29.4676258993	0.525155279503
198.0	0.170833290625	2.07369094163	0.507787886412	0	1510672916.789884	29.4676258993	0.525155279503
198.0	0.170833290625	2.28146872788	0.511287046665	0	1510672917.258949	29.2571428571	0.528571428571
197.5	0.170833290625	2.42381591945	0.639030519229	0	1510672918.047808	29.4676258993	0.532401656315
197.0	0.170833290625	2.82886217745	0.655983792107	0	1510672918.8156145	29.6811594203	0.528985507246
197.0	0.170833290625	3.10429351498	0.661685317814	0	1510672919.2594826	29.6811594203	0.528985507246
196.5	0.170833290625	3.15141296698	0.757082067275	0	1510672920.0172389	29.4676258993	0.532401656315
196.5	0.170833290625	3.87717943047	0.855037466921	0	1510672920.8379653	29.4676258993	0.532401656315
196.0	0.170833290625	1.0878556383	4.41587816696	0	1510672921.2638311	29.4676258993	0.532401656315
195.5	0.170833290625	3.69736390166	1.05332476994	0	1510672922.034624	29.4676258993	0.532401656315
195.5	0.170833290625	3.90286787674	0.895303991811	0	1510672922.8015041	29.4676258993	0.532401656315
195.5	0.168749957813	4.59130251379	0.924412942394	0	1510672923.2569687	29.4676258993	0.525155279503
195.0	0.170833290625	4.87708750664	1.15391514222	0	1510672924.0248837	29.4676258993	0.532401656315
194.5	0.170833290625	5.72738568348	1.36046455943	0	1510672924.8023772	29.4676258993	0.532401656315
194.5	0.170833290625	6.57283610932	1.37790271827	0	1510672925.2584457	29.4676258993	0.525155279503
194.0	0.170833290625	6.98834048202	1.64438548422	0	1510672926.0185533	29.4676258993	0.525155279503
193.5	0.170833290625	7.67624196935	1.77217409819	0	1510672926.8338969	29.4676258993	0.532401656315
193.5	0.170833290625	1.10945705368	9.04554411459	0	1510672927.2572742	29.2571428571	0.528571428571
193.0	0.170833290625	8.40130649904	3.05452643187	0	1510672928.020157	29.4676258993	0.532401656315

#$Filter:1
#$	0	1	 1
#$	1	op06	0.251188643150958
#$	2	op09	0.02848931924611138
#$	3	op18*op18*op18	3.9810717055349725e-06
#$	4	ns12	1e-7
#$	5	0	 1e-22
#$POWER:41.0, mW
#$WAVELENGTH:532,nm
#$OBJECT:Air, bscat
angle	ref	signal	signal_std	filter	Time	freq	duty_cycle
192.5	0.170833290625	11.9099846832	2.64171156791	0	1510672931.174409	29.4676258993	0.525155279503
192.5	0.170833290625	13.745125409	2.97914641354	0	1510672931.9346495	29.4676258993	0.525155279503
192.0	0.170833290625	16.8345730131	3.57437877794	0	1510672932.753546	29.4676258993	0.532401656315

#$Filter:op09
#$	0	1	 1
#$	1	op06	0.251188643150958
#$	2	op09	0.02848931924611138
#$	3	op18*op18*op18	3.9810717055349725e-06
#$	4	ns12	1e-7
#$	5	0	 1e-22
#$POWER:41.0, mW
#$WAVELENGTH:532,nm
#$OBJECT:Air, bscat
angle	ref	signal	signal_std	filter	Time	freq	duty_cycle
191.5	0.170833290625	0.58976612322	0.129931123277	2	1510672947.7497115	29.2571428571	0.528571428571
191.0	0.170833290625	0.665585017832	0.175696686122	2	1510672948.2551322	29.4676258993	0.525258799172
191.0	0.170833290625	1.57703415579	0.505326919379	2	1510672949.0900502	29.2571428571	0.528571428571

#$Filter:op09
#$	0	1	 1
#$	1	op06	0.251188643150958
#$	2	op09	0.02848931924611138
#$	3	op18*op18*op18	3.9810717055349725e-06
#$	4	ns12	1e-7
#$	5	0	 1e-22
#$POWER:41.0, mW
#$WAVELENGTH:532,nm
#$OBJECT:Air, bscat
angle	ref	signal	signal_std	filter	Time	freq	duty_cycle
190.5	0.170833290625	1.53513434418	0.336447683911	2	1510672951.7941425	29.2571428571	0.528571428571
190.0	0.170833290625	0.505454193045	2.24501996491	2	1510672952.2454667	29.2571428571	0.550010206165

#$Filter:op09
#$	0	1	 1
#$	1	op06	0.251188643150958
#$	2	op09	0.02848931924611138
#$	3	op18*op18*op18	3.9810717055349725e-06
#$	4	ns12	1e-7
#$	5	0	 1e-22
#$POWER:41.0, mW
#$WAVELENGTH:532,nm
#$OBJECT:Air, bscat
angle	ref	signal	signal_std	filter	Time	freq	duty_cycle
189.5	0.170833290625	8.02116850664	1.75130330699	2	1510672957.1798801	29.0496453901	0.53199195171

#$Filter:op18*op18*op18
#$	0	1	 1
#$	1	op06	0.251188643150958
#$	2	op09	0.02848931924611138
#$	3	op18*op18*op18	3.9810717055349725e-06
#$	4	ns12	1e-7
#$	5	0	 1e-22
#$POWER:41.0, mW
#$WAVELENGTH:532,nm
#$OBJECT:Air, bscat
angle	ref	signal	signal_std	filter	Time	freq	duty_cycle
189.0	0.170833290625	0.0898484623864	0.0208736472265	3	1510672980.1710591	29.2571428571	0.528571428571
189.0	0.170833290625	0.0950660488919	0.0229188255217	3	1510672980.9490385	29.2571428571	0.528571428571
189.0	0.170833290625	0.104044480748	0.0265821276988	3	1510672981.7169511	29.4676258993	0.532401656315
189.0	0.170833290625	0.10766045626	0.0247606354136	3	1510672982.1659234	29.4676258993	0.532401656315
189.0	0.170833290625	0.053992149286	0.014510704505	3	1510672982.993348	29.4676258993	0.532401656315
188.5	0.170833290625	0.075819038093	0.0264433144866	3	1510672983.8173628	29.4676258993	0.525155279503
188.5	0.170833290625	0.0246118000018	0.0490026176354	3	1510672984.670649	29.4676258993	0.532401656315

#$Filter:op18*op18*op18
#$	0	1	 1
#$	1	op06	0.251188643150958
#$	2	op09	0.02848931924611138
#$	3	op18*op18*op18	3.9810717055349725e-06
#$	4	ns12	1e-7
#$	5	0	 1e-22
#$POWER:41.0, mW
#$WAVELENGTH:532,nm
#$OBJECT:Air, bscat
angle	ref	signal	signal_std	filter	Time	freq	duty_cycle
188.5	0.170833290625	0.080524857637	0.0195617967579	3	1510672988.1659877	29.4676258993	0.525155279503
188.5	0.170833290625	0.0733103785663	0.0195963848963	3	1510672988.922461	29.4676258993	0.525155279503
188.5	0.170833290625	0.0779355571626	0.0212915162662	3	1510672989.6967673	29.4676258993	0.525155279503
188.5	0.170833290625	0.0840099542036	0.0205788814544	3	1510672990.16826	29.4676258993	0.532401656315
188.0	0.168749957813	0.0905444841226	0.0270625873652	3	1510672990.9385927	29.6811594203	0.528985507246
188.0	0.168749957813	0.160913152414	0.0436695111664	3	1510672991.7664511	29.6811594203	0.536231884058
188.0	0.170833290625	0.0324932714466	0.0917512567231	3	1510672992.1733716	29.6811594203	0.536231884058

#$Filter:op18*op18*op18
#$	0	1	 1
#$	1	op06	0.251188643150958
#$	2	op09	0.02848931924611138
#$	3	op18*op18*op18	3.9810717055349725e-06
#$	4	ns12	1e-7
#$	5	0	 1e-22
#$POWER:41.0, mW
#$WAVELENGTH:532,nm
#$OBJECT:Air, bscat
angle	ref	signal	signal_std	filter	Time	freq	duty_cycle
188.0	0.170833290625	5.03206661659	1.28715173947	3	1510672999.6631224	29.4676258993	0.532401656315
188.0	0.170833290625	7.00074783178	1.8366296259	3	1510673000.1410606	29.4676258993	0.532401656315
188.0	0.170833290625	8.753193814	1.66992331395	3	1510673000.9753141	29.6811594203	0.528985507246

#$Filter:op18*op18*op18
#$	0	1	 1
#$	1	op06	0.251188643150958
#$	2	op09	0.02848931924611138
#$	3	op18*op18*op18	3.9810717055349725e-06
#$	4	ns12	1e-7
#$	5	0	 1e-22
#$POWER:41.0, mW
#$WAVELENGTH:532,nm
#$OBJECT:Air, bscat
angle	ref	signal	signal_std	filter	Time	freq	duty_cycle
187.5	0.168749957813	21.8582970205	4.43812103778	3	1510673011.1774995	29.6811594203	0.521739130435
187.5	0.170833290625	21.2563436873	4.60238912914	3	1510673011.9380813	29.6811594203	0.521739130435
187.5	0.170833290625	15.8215196282	3.78608307592	3	1510673012.7023928	29.6811594203	0.528985507246
187.5	0.170833290625	4.58446737144	1.15300348547	3	1510673013.1733167	29.4676258993	0.532401656315

#$Filter:op18*op18*op18
#$	0	1	 1
#$	1	op06	0.251188643150958
#$	2	op09	0.02848931924611138
#$	3	op18*op18*op18	3.9810717055349725e-06
#$	4	ns12	1e-7
#$	5	0	 1e-22
#$POWER:41.0, mW
#$WAVELENGTH:532,nm
#$OBJECT:Air, bscat
angle	ref	signal	signal_std	filter	Time	freq	duty_cycle
187.0	0.170833290625	0.0539509499865	0.0159907584937	3	1510673021.1741102	29.2571428571	0.535714285714
187.0	0.170833290625	0.042258727383	0.0119011702099	3	1510673021.935841	29.2571428571	0.528571428571
187.0	0.170833290625	0.0207861948723	0.00838006063494	3	1510673022.7109523	29.2571428571	0.528571428571
187.0	0.170833290625	0.0147456103487	0.00463612057927	3	1510673023.17069	29.4676258993	0.532401656315

#$Filter:op18*op18*op18
#$	0	1	 1
#$	1	op06	0.251188643150958
#$	2	op09	0.02848931924611138
#$	3	op18*op18*op18	3.9810717055349725e-06
#$	4	ns12	1e-7
#$	5	0	 1e-22
#$POWER:41.0, mW
#$WAVELENGTH:532,nm
#$OBJECT:Air, bscat
angle	ref	signal	signal_std	filter	Time	freq	duty_cycle
187.0	0.170833290625	0.00379109051038	0.00179355268974	3	1510673028.7268295	29.4676258993	0.532401656315
186.5	0.170833290625	0.00287005967938	0.0013527029019	3	1510673029.7457232	29.4676258993	0.525155279503
186.5	0.170833290625	0.00602173418625	0.0027589369288	3	1510673030.665545	29.6811594203	0.528985507246
186.5	0.170833290625	0.00539587883324	0.00293519476401	3	1510673031.1115656	29.4676258993	0.532401656315

#$Filter:op09
#$	0	1	 1
#$	1	op06	0.251188643150958
#$	2	op09	0.02848931924611138
#$	3	op18*op18*op18	3.9810717055349725e-06
#$	4	ns12	1e-7
#$	5	0	 1e-22
#$POWER:41.0, mW
#$WAVELENGTH:532,nm
#$OBJECT:Air, bscat
angle	ref	signal	signal_std	filter	Time	freq	duty_cycle
186.5	0.170833290625	29.6561421498	5.56439754555	2	1510673043.7825491	29.6811594203	0.521739130435
186.5	0.170833290625	27.6697874455	5.44361595676	2	1510673044.2766013	29.6811594203	0.528985507246
186.0	0.170833290625	25.6764312531	4.83567762311	2	1510673045.0339417	29.4676258993	0.525155279503
186.0	0.170833290625	22.0669307111	5.11814146921	2	1510673045.8028142	29.4676258993	0.532401656315
186.0	0.170833290625	19.4842667712	4.82806369025	2	1510673046.2810576	29.4676258993	0.525155279503
186.0	0.170833290625	19.4609628162	4.20416937568	2	1510673047.046045	29.6811594203	0.528985507246
186.0	0.170833290625	17.1191504224	3.68354927154	2	1510673047.8028233	29.6811594203	0.536231884058
186.0	0.170833290625	15.2439166468	3.27899986209	2	1510673048.2830539	29.6811594203	0.536231884058

#$Filter:op09
#$	0	1	 1
#$	1	op06	0.251188643150958
#$	2	op09	0.02848931924611138
#$	3	op18*op18*op18	3.9810717055349725e-06
#$	4	ns12	1e-7
#$	5	0	 1e-22
#$POWER:41.0, mW
#$WAVELENGTH:532,nm
#$OBJECT:Air, bscat
angle	ref	signal	signal_std	filter	Time	freq	duty_cycle
185.5	0.170833290625	42.0547421467	9.64474646729	2	1510673055.6576252	29.6811594203	0.528985507246
185.5	0.170833290625	44.3956744803	8.84755795957	2	1510673056.6716692	29.4676258993	0.532401656315
185.5	0.170833290625	43.5764680888	5.34897793986	2	1510673057.6703458	29.4676258993	0.532401656315
185.5	0.168749957813	41.0900188459	6.39176227596	2	1510673058.6629438	29.6811594203	0.528985507246
185.0	0.168749957813	39.8639891712	6.46404002505	2	1510673059.672716	29.6811594203	0.528985507246
185.0	0.170833290625	39.0955624254	9.28292291331	2	1510673060.692999	29.6811594203	0.521739130435
184.5	0.170833290625	2.21214102403	0.553232509355	2	1510673061.6658583	29.6811594203	0.536231884058
184.0	0.168749957813	0.636009326092	0.16844250383	2	1510673062.7428095	29.6811594203	0.528985507246
184.0	0.170833290625	0.962059380081	0.230862302028	2	1510673063.73952	29.6811594203	0.528985507246
183.5	0.170833290625	0.689761116027	0.152339212129	2	1510673064.6560545	29.4676258993	0.532401656315
183.0	0.170833290625	0.208448065427	0.042311945042	2	1510673065.7474356	29.6811594203	0.521739130435
182.5	0.170833290625	0.389355102386	0.106196891329	2	1510673066.7242138	29.6811594203	0.550724637681

#$Filter:op09
#$	0	1	 1
#$	1	op06	0.251188643150958
#$	2	op09	0.02848931924611138
#$	3	op18*op18*op18	3.9810717055349725e-06
#$	4	ns12	1e-7
#$	5	0	 1e-22
#$POWER:41.0, mW
#$WAVELENGTH:532,nm
#$OBJECT:Air, bscat
angle	ref	signal	signal_std	filter	Time	freq	duty_cycle
182.0	0.170833290625	0.274684805278	0.0722126823875	2	1510673072.1673713	30.1176470588	0.544117647059
181.5	0.170833290625	0.237504942625	0.0602406835811	2	1510673072.9441586	30.1176470588	0.544117647059
181.0	0.170833290625	0.23982615087	0.0822238255621	2	1510673073.7127113	29.6811594203	0.557983193277
181.0	0.170833290625	0.304081120561	0.0799390730911	2	1510673074.1736267	29.897810219	0.554774083546
180.5	0.170833290625	0.244073539436	0.0649605893393	2	1510673074.9383943	29.897810219	0.554774083546
180.0	0.168749957813	0.135001387108	0.0354090538623	2	1510673075.7157938	29.897810219	0.562020460358
179.5	0.170833290625	0.0798693893874	0.0230158723465	2	1510673076.2297869	29.897810219	0.554774083546
179.5	0.170833290625	0.00517093887821	0.0417465708277	2	1510673077.0025194	29.897810219	0.54742114237
179.0	0.170833290625	0.0350003464645	0.011015562602	2	1510673077.8503995	29.897810219	0.562020460358
178.5	0.170833290625	0.0578328721426	0.0185159014035	2	1510673078.6832256	29.897810219	0.54742114237
178.0	0.170833290625	0.0593048303002	0.0183160101831	2	1510673079.172181	29.897810219	0.562020460358
178.0	0.170833290625	0.0558488131878	0.0148524194426	2	1510673079.9620817	29.897810219	0.54742114237
177.5	0.168749957813	0.0527488146048	0.0155031997487	2	1510673080.75909	29.897810219	0.554774083546
177.0	0.170833290625	0.0473042649571	0.0180665404563	2	1510673081.1895876	30.1176470588	0.558823529412
176.5	0.170833290625	0.0516491595739	0.0181637752313	2	1510673081.9707804	30.1176470588	0.558823529412
176.0	0.170833290625	0.0469006931194	0.013957935221	2	1510673082.7496893	29.897810219	0.54742114237
176.0	0.172916623438	0.0497640112915	0.0160063477875	2	1510673083.1701353	30.1176470588	0.558823529412
175.5	0.170833290625	0.0519333955785	0.0148183787356	2	1510673083.9596686	30.1176470588	0.558728098637
175.0	0.168749957813	0.0464135039817	0.0152257024553	2	1510673084.7372425	30.1176470588	0.558823529412
175.0	0.168749957813	0.0546977682634	0.0163029565144	2	1510673085.1613832	30.1176470588	0.551481721826
174.5	0.170833290625	0.0448776173683	0.0205235742972	2	1510673085.955149	30.1176470588	0.558823529412
174.0	0.168749957813	0.0410233261975	0.0119151910666	2	1510673086.7419484	29.897810219	0.54742114237
174.0	0.170833290625	0.037637378553	0.0117329635687	2	1510673087.2318645	30.1176470588	0.551470588235
173.5	0.168749957813	0.00232271559487	0.0208624039602	2	1510673087.9919999	30.1176470588	0.558823529412
173.0	0.172916623438	0.0186161453488	0.00568190660957	2	1510673088.8212948	30.1176470588	0.558823529412
172.5	0.170833290625	0.0337331006339	0.0108938949929	2	1510673089.7237744	30.1176470588	0.558823529412
172.0	0.168749957813	0.00301485033895	0.0103028034348	2	1510673090.1666524	30.1176470588	0.544117647059
172.0	0.170833290625	0.0331384823269	0.0114318706522	2	1510673090.9879518	29.897810219	0.554774083546
171.5	0.168749957813	0.0358790921085	0.00908675915895	2	1510673091.7450285	30.1176470588	0.544117647059
171.0	0.168749957813	0.00366405404339	0.0201071873698	2	1510673092.2338948	30.1176470588	0.558823529412
171.0	0.168749957813	0.0366352955007	0.0100093342206	2	1510673093.007239	29.6811594203	0.550724637681
170.5	0.168749957813	0.0684286648323	0.0232089552073	2	1510673093.8481076	30.1176470588	0.558823529412
170.0	0.168749957813	0.0368372345879	0.0137692455184	2	1510673094.7253885	30.1176470588	0.558823529412
169.5	0.170833290625	0.00250652650913	0.00987260546575	2	1510673095.169626	30.3407407407	0.548178226514
169.0	0.168749957813	0.0318571252612	0.0102234584824	2	1510673095.991604	30.1176470588	0.558823529412
169.0	0.170833290625	0.0292853248136	0.00878764784611	2	1510673096.7535036	30.3407407407	0.548178226514
168.5	0.168749957813	0.00228269599161	0.0174436699342	2	1510673097.237583	30.1176470588	0.558823529412
168.0	0.168749957813	0.0250022698391	0.0106990615454	2	1510673098.001331	30.1176470588	0.551481721826
167.5	0.168749957813	0.0487725572513	0.0147546496095	2	1510673098.8512142	30.3407407407	0.555531167691
167.0	0.168749957813	0.0274731308709	0.00974113921088	2	1510673099.7291987	30.1176470588	0.558823529412
167.0	0.170833290625	0.000364314216773	0.00849716402746	2	1510673100.1730883	30.5671641791	0.55223880597
166.5	0.170833290625	0.0307300453581	0.0137968819313	2	1510673100.993877	30.3407407407	0.555531167691
166.0	0.170833290625	0.0324482211797	0.00990156705558	2	1510673101.7549248	30.1176470588	0.551481721826
166.0	0.168749957813	5.20567064544e-05	0.0186038887902	2	1510673102.240786	30.1176470588	0.558823529412
165.5	0.168749957813	0.00128456826293	0.0179385096198	2	1510673103.0166912	30.3407407407	0.555531167691
165.0	0.168749957813	0.0597493185095	0.0182492972228	2	1510673103.8681169	30.3407407407	0.555531167691
164.5	0.168749957813	0.0236350442357	0.00639988985517	2	1510673104.7314887	30.3407407407	0.548178226514
164.5	0.168749957813	0.000103900502044	0.00587643796827	2	1510673105.1742194	30.3407407407	0.548178226514
164.0	0.168749957813	0.0188362040214	0.00639313277193	2	1510673105.9972541	30.3407407407	0.555531167691
163.5	0.170833290625	0.0168620505244	0.00343444188099	2	1510673106.7860115	30.3407407407	0.555531167691
163.0	0.168749957813	0.0411624401062	0.0093860920137	2	1510673107.745423	30.3407407407	0.548178226514
162.5	0.168749957813	0.0384493500711	0.0129306170131	2	1510673108.1670027	30.3407407407	0.555531167691
162.0	0.168749957813	0.0560375753371	0.0181876827156	2	1510673109.0137515	30.1176470588	0.551481721826
161.5	0.170833290625	0.0124823252732	0.00821366631124	2	1510673110.0997024	30.1176470588	0.558823529412
161.5	0.352083245313	0.00700616376471	0.00355058348795	2	1510673110.875557	60.2352941176	0.610294117647
161.0	0.3499999125	0.00022018773838	0.00500893904556	2	1510673111.7302442	nan	nan
160.5	0.166666625	0.00505266995025	0.00648490993752	2	1510673112.162933	60.2352941176	0.535309396486
160.0	0.3499999125	0.00219076281906	0.0222132544295	2	1510673112.9970477	nan	nan
159.5	0.170833290625	0.0245306699463	0.0077680771638	2	1510673113.8355808	60.2352941176	0.536764705882
159.5	0.0	nan	3.44468033416e-05	2	1510673114.6798627	nan	nan
159.0	0.170833290625	0.00722391418318	0.00716311377862	2	1510673115.2394145	60.2352941176	0.558823529412
158.5	0.164583292188	0.0342228151538	0.0107468780502	2	1510673115.999771	60.2352941176	0.529411764706
158.0	0.195833284375	0.00790216884499	0.00301594895585	2	1510673116.8523762	60.2352941176	0.558823529412
157.5	0.168749957813	0.0169437050416	0.00399331830557	2	1510673117.7312973	60.2352941176	0.558823529412
157.5	0.0	0.000168120113009	0.0212338564553	2	1510673118.172825	nan	nan
157.0	0.170833290625	0.0135733724101	0.0051312652249	2	1510673118.996821	60.2352941176	0.551489686784
156.5	0.352083245313	0.000454049730724	0.00262088839309	2	1510673119.7687228	nan	nan
156.5	0.172916623438	0.000112061824722	0.00866720860546	2	1510673120.242969	60.2352941176	0.529411764706
156.0	0.3499999125	0.0240436555368	0.0182653714678	2	1510673121.0174108	60.2352941176	0.813725490196
155.5	0.3499999125	0.00143010716935	0.00245958352459	2	1510673121.8557534	59.795620438	0.715336134454
155.0	0.166666625	0.0154032604575	0.00367185094699	2	1510673122.7341335	59.8830409357	0.508739495798
155.0	0.352083245313	nan	0.0210139768776	2	1510673123.1663787	nan	nan
154.5	0.166666625	0.0179899986738	0.00579755321843	2	1510673123.99954	59.8830409357	0.514621848739
154.0	0.3499999125	0.0047688068383	0.00484151572384	2	1510673124.7739558	nan	nan
153.5	0.166666625	0.00771918574527	0.00700422849527	2	1510673125.245103	59.5348837209	0.511596638655
153.5	0.3499999125	0.0220466188199	0.0188534875444	2	1510673126.021048	59.795620438	0.817647058824
153.0	0.352083245313	0.00501970672228	0.00194803112269	2	1510673126.8589854	59.3623188406	0.528991596639
152.5	0.168749957813	0.0109922550867	0.00427404246347	2	1510673127.7368057	59.3623188406	0.521848739496
152.0	0.20833328125	5.49768381076e-05	0.0131601919516	2	1510673128.1683116	nan	nan

#$Filter:op18*op18*op18
#$	0	1	 1
#$	1	op06	0.251188643150958
#$	2	op09	0.02848931924611138
#$	3	op18*op18*op18	3.9810717055349725e-06
#$	4	ns12	1e-7
#$	5	0	 1e-22
#$POWER:41.0, mW
#$WAVELENGTH:532,nm
#$OBJECT:Air, bscat
angle	ref	signal	signal_std	filter	Time	freq	duty_cycle

#$Filter:op18*op18*op18
#$	0	1	 1
#$	1	op06	0.251188643150958
#$	2	op09	0.02848931924611138
#$	3	op18*op18*op18	3.9810717055349725e-06
#$	4	ns12	1e-7
#$	5	0	 1e-22
#$POWER:41.0, mW
#$WAVELENGTH:532,nm
#$OBJECT:Air, bscat
angle	ref	signal	signal_std	filter	Time	freq	duty_cycle

#$Filter:op09
#$	0	1	 1
#$	1	op06	0.251188643150958
#$	2	op09	0.02848931924611138
#$	3	op18*op18*op18	3.9810717055349725e-06
#$	4	ns12	1e-7
#$	5	0	 1e-22
#$POWER:41.0, mW
#$WAVELENGTH:532,nm
#$OBJECT:Air, bscat
angle	ref	signal	signal_std	filter	Time	freq	duty_cycle
91.0	0.3499999125	0.0271387898428	0.0126231367162	2	1510673405.9465	60.2352941176	0.558823529412
90.5	0.166666625	0.0114145325257	0.00447950248331	2	1510673406.9284306	60.5917159763	0.550267379679
90.0	0.166666625	0.0122442188188	0.00407817743023	2	1510673407.9422467	60.5917159763	0.544385026738
89.5	0.166666625	0.0115899966745	0.00527319226951	2	1510673408.878122	60.5917159763	0.55614973262
89.0	0.279166596875	nan	0.00351454338053	2	1510673409.949937	nan	nan
88.5	0.166666625	0.0151899340325	0.00399749805046	2	1510673410.9263537	60.5917159763	0.550267379679

#$Filter:op09
#$	0	1	 1
#$	1	op06	0.251188643150958
#$	2	op09	0.02848931924611138
#$	3	op18*op18*op18	3.9810717055349725e-06
#$	4	ns12	1e-7
#$	5	0	 1e-22
#$POWER:41.0, mW
#$WAVELENGTH:532,nm
#$OBJECT:Air, bscat
angle	ref	signal	signal_std	filter	Time	freq	duty_cycle
87.5	0.168749957813	0.0149579027401	0.00562867201629	2	1510673414.4761066	60.2352941176	0.558823529412

#$Filter:op09
#$	0	1	 1
#$	1	op06	0.251188643150958
#$	2	op09	0.02848931924611138
#$	3	op18*op18*op18	3.9810717055349725e-06
#$	4	ns12	1e-7
#$	5	0	 1e-22
#$POWER:41.0, mW
#$WAVELENGTH:532,nm
#$OBJECT:Air, bscat
angle	ref	signal	signal_std	filter	Time	freq	duty_cycle

#$Filter:op09
#$	0	1	 1
#$	1	op06	0.251188643150958
#$	2	op09	0.02848931924611138
#$	3	op18*op18*op18	3.9810717055349725e-06
#$	4	ns12	1e-7
#$	5	0	 1e-22
#$POWER:41.0, mW
#$WAVELENGTH:532,nm
#$OBJECT:Air, bscat
angle	ref	signal	signal_std	filter	Time	freq	duty_cycle
86.5	0.197916617188	0.0384032779262	0.00883086113662	2	1510673419.9514723	60.2352941176	0.547089381207
86.0	0.168749957813	0.0389492460867	0.0102835582578	2	1510673420.4553988	60.2352941176	0.558823529412
85.5	0.3499999125	0.0510819764768	0.0233568632602	2	1510673421.2938995	60.6814814815	0.614750445633
85.5	0.168749957813	0.0334484810422	0.00801374772456	2	1510673422.1357808	60.2352941176	0.536783804431
84.5	0.166666625	6.12638951958e-07	9.91685468088e-05	2	1510673422.9510276	59.8830409357	0.514621848739
84.5	0.168749957813	0.0355200335416	0.0104862255488	2	1510673423.5199351	59.8830409357	0.508739495798

#$Filter:op09
#$	0	1	 1
#$	1	op06	0.251188643150958
#$	2	op09	0.02848931924611138
#$	3	op18*op18*op18	3.9810717055349725e-06
#$	4	ns12	1e-7
#$	5	0	 1e-22
#$POWER:41.0, mW
#$WAVELENGTH:532,nm
#$OBJECT:Air, bscat
angle	ref	signal	signal_std	filter	Time	freq	duty_cycle
83.5	0.3499999125	0.00124232234682	0.0445892050279	2	1510673426.941243	nan	nan
83.0	0.3499999125	0.00880501502527	0.0742588620107	2	1510673427.953217	nan	nan
82.5	0.172916623438	0.0852368357525	0.021082787286	2	1510673428.8689282	58.8505747126	0.546050420168
81.5	0.168749957813	0.126785916295	0.0316218115107	2	1510673429.8626122	58.8505747126	0.551764705882
81.0	0.0	0.235464833109	0.225644653398	2	1510673430.9407463	nan	nan

#$Filter:op09
#$	0	1	 1
#$	1	op06	0.251188643150958
#$	2	op09	0.02848931924611138
#$	3	op18*op18*op18	3.9810717055349725e-06
#$	4	ns12	1e-7
#$	5	0	 1e-22
#$POWER:41.0, mW
#$WAVELENGTH:532,nm
#$OBJECT:Air, bscat
angle	ref	signal	signal_std	filter	Time	freq	duty_cycle
80.5	0.168749957813	5.58388215745	1.92219036142	2	1510673445.9495842	59.3623188406	0.521848739496
80.5	0.168749957813	8.58783298709	1.67744089027	2	1510673446.447336	59.1907514451	0.520336134454
80.5	0.352083245313	0.666283088515	9.0330702404	2	1510673447.2730966	nan	nan

#$Filter:op18*op18*op18
#$	0	1	 1
#$	1	op06	0.251188643150958
#$	2	op09	0.02848931924611138
#$	3	op18*op18*op18	3.9810717055349725e-06
#$	4	ns12	1e-7
#$	5	0	 1e-22
#$POWER:41.0, mW
#$WAVELENGTH:532,nm
#$OBJECT:Air, bscat
angle	ref	signal	signal_std	filter	Time	freq	duty_cycle
80.0	0.168749957813	0.00557790271045	0.00308565230977	3	1510673473.3833385	59.1907514451	0.549243697479
80.0	0.172916623438	0.00587970386136	0.00272910820029	3	1510673474.14906	58.8505747126	0.546050420168
79.5	0.168749957813	0.00403839768321	0.00254519470467	3	1510673474.9106274	58.8505747126	0.551764705882
79.5	0.168749957813	0.00449817800371	0.00267581134671	3	1510673475.376972	59.1907514451	0.560672268908
79.5	0.168749957813	0.00899298581654	0.00360478235135	3	1510673476.2078292	58.8505747126	0.551764705882
79.0	0.3499999125	0.0301098074459	0.0202753140841	3	1510673476.962932	nan	nan
79.0	0.166666625	0.00310035344137	0.0213485953411	3	1510673477.438779	59.795620438	0.518277310924

#$Filter:op18*op18*op18
#$	0	1	 1
#$	1	op06	0.251188643150958
#$	2	op09	0.02848931924611138
#$	3	op18*op18*op18	3.9810717055349725e-06
#$	4	ns12	1e-7
#$	5	0	 1e-22
#$POWER:41.0, mW
#$WAVELENGTH:532,nm
#$OBJECT:Air, bscat
angle	ref	signal	signal_std	filter	Time	freq	duty_cycle
78.5	0.170833290625	0.107449468087	0.0249410974839	3	1510673759.4187374	61.5939849624	0.541443850267
78.5	0.3499999125	0.000857051067788	0.000895398359046	3	1510673760.277684	61.686746988	0.58431372549
78.0	0.166666625	0.0022944171935	0.00161920713191	3	1510673761.0964873	61.686746988	0.548128342246
78.0	0.166666625	0.000148309286652	0.000913684192923	3	1510673761.9143877	61.686746988	0.548128342246

#$Filter:op18*op18*op18
#$	0	1	 1
#$	1	op06	0.251188643150958
#$	2	op09	0.02848931924611138
#$	3	op18*op18*op18	3.9810717055349725e-06
#$	4	ns12	1e-7
#$	5	0	 1e-22
#$POWER:41.0, mW
#$WAVELENGTH:532,nm
#$OBJECT:Air, bscat
angle	ref	signal	signal_std	filter	Time	freq	duty_cycle
78.0	0.166666625	0.00730832151938	0.0029387519796	3	1510673767.9285166	61.686746988	0.542245989305
77.5	0.168749957813	0.0069072563377	0.00297811385945	3	1510673768.8694258	61.5939849624	0.548796791444

#$Filter:op18*op18*op18
#$	0	1	 1
#$	1	op06	0.251188643150958
#$	2	op09	0.02848931924611138
#$	3	op18*op18*op18	3.9810717055349725e-06
#$	4	ns12	1e-7
#$	5	0	 1e-22
#$POWER:41.0, mW
#$WAVELENGTH:532,nm
#$OBJECT:Air, bscat
angle	ref	signal	signal_std	filter	Time	freq	duty_cycle
77.5	0.166666625	0.00509005249093	0.00294692832549	3	1510673771.9449422	61.686746988	0.506060606061
77.0	0.164583292188	0.00546438035433	0.00306201857615	3	1510673772.4469323	61.686746988	0.506060606061
77.0	0.3499999125	0.00500822541824	0.0198186211489	3	1510673773.278613	nan	nan
76.5	0.164583292188	0.03710144	0.0	3	1510673774.1027515	61.3173652695	0.509090909091

#$Filter:op18*op18*op18
#$	0	1	 1
#$	1	op06	0.251188643150958
#$	2	op09	0.02848931924611138
#$	3	op18*op18*op18	3.9810717055349725e-06
#$	4	ns12	1e-7
#$	5	0	 1e-22
#$POWER:41.0, mW
#$WAVELENGTH:532,nm
#$OBJECT:Air, bscat
angle	ref	signal	signal_std	filter	Time	freq	duty_cycle
76.5	0.164583292188	0.161503095825	0.0374181692697	3	1510673781.3885028	61.3173652695	0.514973262032
76.0	0.168749957813	1.80974235117e-05	0.00132489506062	3	1510673782.2283826	61.1343283582	0.522281639929

#$Filter:op09
#$	0	1	 1
#$	1	op06	0.251188643150958
#$	2	op09	0.02848931924611138
#$	3	op18*op18*op18	3.9810717055349725e-06
#$	4	ns12	1e-7
#$	5	0	 1e-22
#$POWER:41.0, mW
#$WAVELENGTH:532,nm
#$OBJECT:Air, bscat
angle	ref	signal	signal_std	filter	Time	freq	duty_cycle
76.0	0.166666625	7.90773353031	2.45977240982	2	1510673791.9577613	61.3173652695	0.514973262032
75.5	0.166666625	2.91442579469	0.557433510471	2	1510673792.874926	61.686746988	0.506060606061

#$Filter:op09
#$	0	1	 1
#$	1	op06	0.251188643150958
#$	2	op09	0.02848931924611138
#$	3	op18*op18*op18	3.9810717055349725e-06
#$	4	ns12	1e-7
#$	5	0	 1e-22
#$POWER:41.0, mW
#$WAVELENGTH:532,nm
#$OBJECT:Air, bscat
angle	ref	signal	signal_std	filter	Time	freq	duty_cycle
75.5	0.164583292188	1.86382199781	0.40655726072	2	1510673795.3793163	61.3173652695	0.509090909091
75.5	0.166666625	1.45116148925	0.309961308319	2	1510673796.1259487	61.3173652695	0.509090909091
75.0	0.164583292188	1.04155439911	0.235618594448	2	1510673796.8941762	61.3173652695	0.514973262032
75.0	0.166666625	0.982749754313	0.248492280706	2	1510673797.3960757	60.9523809524	0.523707664884
74.5	0.166666625	0.254185972955	0.0566520093478	2	1510673798.2280335	60.9523809524	0.506060606061
74.5	0.166666625	0.000619846469037	0.030780915374	2	1510673799.0183895	60.9523809524	0.523707664884
74.5	0.3499999125	0.0192745650268	0.123195328145	2	1510673799.9396744	nan	nan
74.0	0.166666625	0.146103582457	0.176162096188	2	1510673800.3736286	60.6814814815	0.525846702317
74.0	0.166666625	0.198679422119	0.0730525236861	2	1510673801.1665978	60.9523809524	0.511942959002
74.0	0.166666625	0.075969421172	0.019781697554	2	1510673801.9860935	60.9523809524	0.511942959002
73.5	0.3499999125	0.00193963027735	0.0188088054199	2	1510673802.4118981	nan	nan
73.5	0.166666625	0.0645779670776	0.0189513029633	2	1510673803.252215	60.9523809524	0.517825311943
73.5	0.166666625	0.000147128023482	0.00780656578715	2	1510673804.046069	60.9523809524	0.523707664884
73.0	0.166666625	0.0551021613127	0.0149216472977	2	1510673804.8809447	60.6814814815	0.525846702317
73.0	0.166666625	0.0571209717953	0.0147118367326	2	1510673805.3764172	60.6814814815	0.518493761141
73.0	0.166666625	0.0493854434406	0.0149208366584	2	1510673806.1669295	61.1343283582	0.514928698752
72.5	0.166666625	0.0453412900971	0.0135684765698	2	1510673806.9357095	60.9523809524	0.523707664884
72.5	0.166666625	0.0403976101711	0.018464639866	2	1510673807.378569	60.9523809524	0.511942959002
72.5	0.166666625	0.0421178488553	0.011782676456	2	1510673808.1384003	60.9523809524	0.517825311943
72.0	0.170833290625	0.0413876384626	0.012317735591	2	1510673808.8950016	60.5917159763	0.55614973262
72.0	0.166666625	0.0371280682083	0.0134632691842	2	1510673809.4249218	61.1343283582	0.514928698752
71.5	0.3499999125	0.00897499481991	0.00840720638768	2	1510673810.1851356	nan	nan
71.5	0.268749932813	0.0169325629643	0.00534550391104	2	1510673811.0379817	60.9523809524	0.523707664884
71.5	0.168749957813	0.0376109881559	0.0119212633715	2	1510673811.9354017	60.6814814815	0.525846702317
71.0	0.0729166484375	nan	0.00882217285929	2	1510673812.381684	nan	nan
71.0	0.166666625	0.0300248143583	0.00902084117775	2	1510673813.2216377	60.5917159763	0.55614973262
71.0	0.0	0.000283564743924	0.000194275533973	2	1510673813.9817004	nan	nan
71.0	0.170833290625	0.00346515981048	0.0164914689873	2	1510673814.4476388	60.2352941176	0.558823529412
70.5	0.3499999125	0.013071353051	0.00519496509922	2	1510673815.2064936	60.6814814815	0.592691622103
70.5	0.3499999125	0.0426720213538	0.021255248293	2	1510673816.0579212	60.6814814815	0.577762923351
70.0	0.166666625	0.0241939132157	0.00748588863904	2	1510673816.9392807	60.5917159763	0.55614973262
70.0	0.070833315625	0.00596450468171	0.00627391054542	2	1510673817.3811343	nan	nan
70.0	0.166666625	0.0200169920119	0.00709732261554	2	1510673818.204053	60.2352941176	0.55901706137
69.5	0.0	nan	5.67057368567e-05	2	1510673818.976924	nan	nan
69.5	0.168749957813	0.0123630171216	0.00654213976393	2	1510673819.4496107	60.6814814815	0.525846702317
69.5	0.352083245313	0.024530293476	0.021700805006	2	1510673820.2205806	nan	nan
