
#$Filter:1
#$	0	1	 1
#$	1	op06	0.251188643150958
#$	2	op09	0.02848931924611138
#$	3	op18*op18*op18	3.9810717055349725e-06
#$	4	ns12	1e-7
#$	5	0	 1e-22
#$POWER:41.6, mW
#$WAVELENGTH:532,nm
#$OBJECT:SiNW24, bscat
angle	ref	signal	signal_std	filter	Time	freq	duty_cycle
283.0	0.168749957813	0.133139526681	0.0339196692182	0	1510671855.5242047	58.8505747126	0.517142857143
283.0	0.17499995625	0.116377772026	0.0473040846827	0	1510671856.3482666	58.5142857143	0.542857142857
282.5	0.168749957813	0.109107700643	0.0578153111098	0	1510671857.1540256	58.8505747126	0.551764705882
282.0	0.168749957813	0.177089512744	0.0460347261558	0	1510671858.0187867	58.8505747126	0.551764705882
281.5	0.170833290625	0.245031755489	0.0717608367334	0	1510671858.5309992	58.5142857143	0.514285714286
281.5	0.170833290625	0.421174565139	0.0982134429662	0	1510671859.2917264	58.9352517986	0.553991596639
281.0	0.354166578125	0.0842392656816	0.459642020946	0	1510671860.1265802	58.5142857143	0.628571428571
280.5	0.168749957813	0.194172142114	0.459327319488	0	1510671860.5494983	58.0992907801	0.517658730159
280.0	0.168749957813	1.0358007189	0.759500215429	0	1510671861.3900342	58.1818181818	0.522698412698
280.0	0.170833290625	1.02686785623	0.230515705759	0	1510671862.1600792	58.1818181818	0.516984126984

#$Filter:1
#$	0	1	 1
#$	1	op06	0.251188643150958
#$	2	op09	0.02848931924611138
#$	3	op18*op18*op18	3.9810717055349725e-06
#$	4	ns12	1e-7
#$	5	0	 1e-22
#$POWER:41.6, mW
#$WAVELENGTH:532,nm
#$OBJECT:SiNW24, bscat
angle	ref	signal	signal_std	filter	Time	freq	duty_cycle
279.0	0.168749957813	0.854415230745	0.398184909413	0	1510671866.1305392	58.5142857143	0.55002334267
278.5	0.170833290625	0.346392511701	0.501675130954	0	1510671866.6345825	58.8505747126	0.557478991597
278.5	0.168749957813	1.08540812669	0.247752609945	0	1510671867.4019997	58.8505747126	0.517142857143
278.0	0.168749957813	1.07987081265	0.263432000836	0	1510671868.171345	57.8531073446	0.553650793651
277.5	0.170833290625	1.03371322697	0.311900737557	0	1510671868.6281252	57.2867132867	0.545436507937
277.0	0.17499995625	1.07046212467	0.265673366129	0	1510671869.3961937	57.2867132867	0.545436507937
277.0	0.170833290625	1.11697621648	0.266516574272	0	1510671870.1631956	57.5280898876	0.550476190476
276.5	0.168749957813	0.646813268995	0.509666607188	0	1510671870.631148	58.0992907801	0.517658730159
276.0	0.168749957813	1.13188402402	0.236583781342	0	1510671871.4067147	58.1818181818	0.511428571429
275.5	0.168749957813	1.13321970063	0.257987445408	0	1510671872.1677043	58.5142857143	0.514285714286
275.5	0.168749957813	0.791142048541	0.478563094616	0	1510671872.6346288	58.5142857143	0.514285714286
275.0	0.168749957813	1.19812728311	0.279679911922	0	1510671873.4025311	58.5142857143	0.542857142857
274.5	0.168749957813	1.1072577877	0.285878968258	0	1510671874.1716135	58.8505747126	0.528739495798
274.5	0.168749957813	0.719348331045	0.532829471936	0	1510671874.6383715	58.5142857143	0.514285714286
274.0	0.168749957813	1.24931026504	0.262301096329	0	1510671875.405801	58.5142857143	0.514285714286
273.5	0.168749957813	1.22690654589	0.265893692677	0	1510671876.1699026	58.5142857143	0.514285714286
273.5	0.168749957813	1.19933943606	0.324577567599	0	1510671876.6306252	58.1818181818	0.511428571429
273.0	0.170833290625	1.25864724043	0.280457427885	0	1510671877.39394	58.1818181818	0.516984126984
272.5	0.168749957813	1.19718084007	0.311462748452	0	1510671878.1663833	58.5142857143	0.557166199813
272.5	0.170833290625	0.113379505631	0.609623227005	0	1510671878.63463	58.5142857143	0.514285714286
272.0	0.170833290625	1.19636804537	0.286437480957	0	1510671879.41461	58.0992907801	0.517658730159
271.5	0.168749957813	1.21936151852	0.290278961322	0	1510671880.1845126	57.5280898876	0.550476190476
271.0	0.170833290625	0.93645685086	0.539896283772	0	1510671880.6373415	57.6901408451	0.521031746032
270.5	0.170833290625	1.23049654232	0.300142991417	0	1510671881.404223	58.0992907801	0.517658730159
270.5	0.168749957813	1.24843288348	0.268946566388	0	1510671882.1741927	58.5142857143	0.514285714286
270.0	0.170833290625	1.14791351008	0.397852545559	0	1510671882.6331406	58.5142857143	0.514285714286
269.5	0.170833290625	1.3508418914	0.301252536576	0	1510671883.3951013	58.5142857143	0.514285714286
269.5	0.172916623438	1.27413002335	0.296998326856	0	1510671884.1528864	58.9352517986	0.546848739496
269.0	0.168749957813	1.28448013687	0.312712219463	0	1510671884.633833	58.5142857143	0.52
268.5	0.168749957813	1.29026812899	0.27219467737	0	1510671885.4087355	58.5142857143	0.514285714286
268.5	0.168749957813	1.26262953398	0.292895324019	0	1510671886.170607	58.5142857143	0.514285714286
268.0	0.170833290625	1.38059466748	0.33908764235	0	1510671886.638515	58.5142857143	0.514285714286
267.5	0.168749957813	1.35089497908	0.282913249568	0	1510671887.4036126	58.5142857143	0.514285714286
267.0	0.172916623438	1.27716683245	0.30930547779	0	1510671888.174195	58.5142857143	0.542857142857
267.0	0.168749957813	1.01358660955	0.509530712655	0	1510671888.631293	58.5142857143	0.514285714286
266.5	0.170833290625	1.34026165988	0.285482379173	0	1510671889.400152	58.5142857143	0.514285714286
266.0	0.168749957813	1.36918153328	0.28402360415	0	1510671890.1670418	58.5142857143	0.514285714286
266.0	0.172916623438	0.877075611063	0.582349553542	0	1510671890.6336014	58.9352517986	0.553991596639
265.5	0.172916623438	1.38050185575	0.317406421826	0	1510671891.3925018	58.9352517986	0.546848739496
265.0	0.172916623438	1.42381820045	0.353816338316	0	1510671892.157818	59.1907514451	0.554957983193
264.5	0.168749957813	1.15922321119	0.482338087552	0	1510671892.6376417	59.5348837209	0.55243697479
264.5	0.168749957813	1.31688657047	0.334070698091	0	1510671893.4023855	59.3623188406	0.521848739496
264.0	0.168749957813	1.30598432824	0.329828101542	0	1510671894.1743705	59.5348837209	0.55243697479
263.5	0.166666625	1.32709012407	0.521218974643	0	1510671894.6403294	59.3623188406	0.521848739496
263.5	0.170833290625	1.37007042162	0.329149545998	0	1510671895.4000592	59.3623188406	0.521848739496
263.0	0.168749957813	1.398507326	0.320670851083	0	1510671896.1622078	59.5348837209	0.517478991597
262.5	0.168749957813	1.23903333994	0.495608635144	0	1510671896.633013	59.5348837209	0.523361344538
262.0	0.168749957813	1.50077903234	0.32630550401	0	1510671897.4687822	59.5348837209	0.505714285714
261.5	0.352083245313	1.47438585895	1.86920335162	0	1510671898.2417529	nan	nan

#$Filter:1
#$	0	1	 1
#$	1	op06	0.251188643150958
#$	2	op09	0.02848931924611138
#$	3	op18*op18*op18	3.9810717055349725e-06
#$	4	ns12	1e-7
#$	5	0	 1e-22
#$POWER:41.6, mW
#$WAVELENGTH:532,nm
#$OBJECT:SiNW24, bscat
angle	ref	signal	signal_std	filter	Time	freq	duty_cycle
261.5	0.170833290625	1.45703515487	0.344995311301	0	1510671905.5166337	58.1818181818	0.522698412698
261.0	0.168749957813	1.47683864012	0.355711963091	0	1510671906.2795541	58.1818181818	0.545396825397
260.5	0.170833290625	1.45600569013	0.348161674185	0	1510671907.0374317	57.8531073446	0.547936507937
260.0	0.170833290625	0.720793777419	0.720153357662	0	1510671907.5174966	58.0992907801	0.517658730159
259.5	0.168749957813	1.54373957045	0.343626473037	0	1510671908.295316	58.1818181818	0.517142857143

#$Filter:1
#$	0	1	 1
#$	1	op06	0.251188643150958
#$	2	op09	0.02848931924611138
#$	3	op18*op18*op18	3.9810717055349725e-06
#$	4	ns12	1e-7
#$	5	0	 1e-22
#$POWER:41.6, mW
#$WAVELENGTH:532,nm
#$OBJECT:SiNW24, bscat
angle	ref	signal	signal_std	filter	Time	freq	duty_cycle
259.0	0.172916623438	1.52569048341	0.381852639739	0	1510671913.0225222	58.5142857143	0.542857142857
259.0	0.172916623438	0.884592347763	0.718262448223	0	1510671913.495599	58.8505747126	0.551764705882
259.0	0.172916623438	1.56404163178	0.367838528454	0	1510671914.2712817	58.9352517986	0.546848739496
258.5	0.170833290625	1.57446944683	0.344175660544	0	1510671915.0432909	58.5142857143	0.514285714286
258.5	0.172916623438	0.590438133507	0.767646323222	0	1510671915.497251	58.9352517986	0.546848739496
258.0	0.172916623438	1.52568199807	0.356860641492	0	1510671916.2667146	58.8505747126	0.546050420168
258.0	0.168749957813	1.70123096072	0.359638333406	0	1510671917.0306325	58.8505747126	0.505714285714
258.0	0.168749957813	0.620003406253	0.883447882363	0	1510671917.5018365	58.8505747126	0.551764705882
257.5	0.168749957813	1.59203924393	0.403520623501	0	1510671918.2688649	59.1907514451	0.554957983193
257.5	0.172916623438	1.68945035795	0.407755845691	0	1510671919.0385768	58.9352517986	0.553991596639
257.0	0.170833290625	1.34032908087	0.670040770285	0	1510671919.5046523	59.1907514451	0.554957983193
257.0	0.168749957813	1.7836909326	0.427254758309	0	1510671920.2705145	58.8505747126	0.546050420168
256.5	0.172916623438	1.83321535366	0.489233299191	0	1510671921.041177	58.8505747126	0.557478991597
256.5	0.172916623438	1.93967698027	0.53684758306	0	1510671921.4981134	58.8505747126	0.551764705882
256.5	0.168749957813	1.97229447371	0.469296313611	0	1510671922.2673328	59.1907514451	0.549243697479
256.0	0.168749957813	1.927683164	0.479147334692	0	1510671923.0318515	59.3623188406	0.521848739496
256.0	0.168749957813	1.46345239105	0.783847361012	0	1510671923.5010219	59.3623188406	0.521848739496
255.5	0.168749957813	2.10288867544	0.506667418306	0	1510671924.2677467	59.5348837209	0.55243697479
255.5	0.168749957813	1.99249484838	0.448106241811	0	1510671925.0397563	59.5348837209	0.517478991597
255.5	0.168749957813	1.57016176382	0.731770773957	0	1510671925.4966266	59.5348837209	0.517478991597
255.0	0.168749957813	1.88389709847	0.405258675652	0	1510671926.2636201	59.8830409357	0.508739495798
255.0	0.168749957813	1.74903195333	0.371317043327	0	1510671927.0281212	59.8830409357	0.514621848739
254.5	0.172916623438	0.751856657017	0.827334497971	0	1510671927.4973276	59.795620438	0.554831932773
254.5	0.168749957813	1.70426426286	0.355986125487	0	1510671928.266999	59.8830409357	0.508739495798
254.0	0.168749957813	1.7270427271	0.34909934126	0	1510671929.0320027	59.795620438	0.540145148969
254.0	0.170833290625	1.45812609783	0.674813835064	0	1510671929.491536	60.5917159763	0.544415584416
254.0	0.168749957813	1.71208074828	0.449906367882	0	1510671930.2570057	60.2352941176	0.558823529412
253.5	0.166666625	1.58845335395	0.341800935515	0	1510671931.0226915	60.2352941176	0.535294117647
253.5	0.168749957813	1.50317701835	0.447233517327	0	1510671931.5046947	60.5917159763	0.550267379679
253.5	0.170833290625	1.50253819936	0.393107352118	0	1510671932.2756493	60.5917159763	0.55614973262
253.0	0.170833290625	1.5787308851	0.396047725768	0	1510671933.0543766	60.5917159763	0.550267379679
253.0	0.170833290625	1.50024827512	0.414207748646	0	1510671933.4974084	60.5917159763	0.562210338681
252.5	0.170833290625	1.51113957003	0.39963347522	0	1510671934.267479	60.5917159763	0.556343264579
252.5	0.168749957813	1.46555064707	0.383874681395	0	1510671935.0457337	60.6814814815	0.525846702317
252.0	0.168749957813	0.791091609415	0.755212207441	0	1510671935.4920201	60.5917159763	0.544385026738
252.0	0.168749957813	1.57200870049	0.376600494764	0	1510671936.2538676	60.2352941176	0.547074102368
252.0	0.166666625	1.45122690346	0.289840053966	0	1510671937.0145545	60.2352941176	0.529411764706
251.5	0.168749957813	0.0292727134181	0.81462903898	0	1510671937.5029874	60.2352941176	0.505882352941
251.5	0.168749957813	1.42618697667	0.340779831493	0	1510671938.262524	59.5348837209	0.55243697479
251.0	0.172916623438	1.37462558704	0.339507573628	0	1510671939.0275435	58.9352517986	0.553991596639
251.0	0.172916623438	0.932825621494	0.631356767903	0	1510671939.499526	59.1907514451	0.560672268908
251.0	0.168749957813	1.53324565655	0.366267371384	0	1510671940.266064	58.8505747126	0.546050420168
250.5	0.168749957813	1.43535754714	0.401140613745	0	1510671941.0312257	59.3623188406	0.536134453782
250.5	0.168749957813	1.29539228388	0.53824565698	0	1510671941.4941788	59.5348837209	0.55243697479
250.0	0.168749957813	1.41364885049	0.387035514375	0	1510671942.2502024	59.3623188406	0.528991596639
250.0	0.172916623438	1.40914109415	0.352997491077	0	1510671943.0159516	59.1907514451	0.554957983193
249.5	0.172916623438	1.29736012291	0.505196299688	0	1510671943.4955478	59.1907514451	0.554957983193
249.5	0.170833290625	1.38953325591	0.348218008017	0	1510671944.2596724	59.1907514451	0.554957983193
249.5	0.168749957813	1.44954452148	0.362699597649	0	1510671945.019774	59.3623188406	0.521848739496
249.0	0.168749957813	1.15514927104	0.571728768449	0	1510671945.4986126	59.3623188406	0.521848739496
249.0	0.168749957813	1.45041286054	0.342685272066	0	1510671946.264448	59.5348837209	0.517478991597
248.5	0.168749957813	1.40746448189	0.357537475308	0	1510671947.0303848	59.1907514451	0.554957983193
248.5	0.170833290625	0.433760575321	0.748522492227	0	1510671947.491966	58.9352517986	0.546848739496
248.5	0.172916623438	1.50542679451	0.337037957047	0	1510671948.2671907	58.5142857143	0.542857142857
248.0	0.17499995625	1.50311394046	0.349687902922	0	1510671949.035093	58.5142857143	0.542857142857
248.0	0.172916623438	1.03626024454	0.626046538294	0	1510671949.4945323	58.8505747126	0.546050420168
247.5	0.168749957813	1.45296051793	0.35372253588	0	1510671950.2599545	59.1907514451	0.549243697479
247.5	0.170833290625	1.4164031397	0.373132879	0	1510671951.0396488	58.8505747126	0.557478991597
247.0	0.168749957813	1.02469531683	0.584117404799	0	1510671951.4998293	59.3623188406	0.521848739496
247.0	0.172916623438	1.4092725235	0.341054067009	0	1510671952.2651162	58.8505747126	0.546050420168
246.5	0.168749957813	1.44041049561	0.314507744292	0	1510671953.0374565	58.5142857143	0.514285714286
246.5	0.172916623438	1.15028966088	0.520779380913	0	1510671953.4923484	58.9352517986	0.546848739496
246.5	0.172916623438	1.43952198218	0.338333877898	0	1510671954.2553601	58.9352517986	0.546848739496
246.0	0.172916623438	1.42263393363	0.365683762273	0	1510671955.0232139	58.8505747126	0.551764705882
246.0	0.170833290625	1.37964053318	0.421850289492	0	1510671955.4950993	58.8505747126	0.551764705882
246.0	0.168749957813	1.35560702498	0.324159562099	0	1510671956.2599394	59.1907514451	0.549243697479
245.5	0.172916623438	1.37127878477	0.341701351323	0	1510671957.031972	59.1907514451	0.549243697479
245.5	0.170833290625	1.22625545479	0.463354539442	0	1510671957.4983218	58.8505747126	0.546050420168
245.0	0.170833290625	1.37766872637	0.339434581452	0	1510671958.2647586	58.8505747126	0.551764705882
245.0	0.172916623438	1.37558112589	0.361639001907	0	1510671959.0344102	58.8505747126	0.557478991597
244.5	0.172916623438	1.32653774737	0.35465925767	0	1510671959.5024228	58.8505747126	0.551764705882
244.5	0.172916623438	1.38745413134	0.363268481575	0	1510671960.2703145	59.1907514451	0.554957983193
244.5	0.172916623438	1.41633275215	0.328931244537	0	1510671961.0391567	58.8505747126	0.546050420168
244.0	0.170833290625	1.39669970766	0.361773230765	0	1510671961.495235	59.1907514451	0.549243697479
244.0	0.168749957813	1.32952424027	0.324715069311	0	1510671962.2600338	58.8505747126	0.551764705882
243.5	0.170833290625	1.39185678874	0.30378344278	0	1510671963.038984	58.5142857143	0.514285714286
243.5	0.170833290625	0.444040795211	0.729759834356	0	1510671963.4984128	58.1818181818	0.516984126984
243.5	0.170833290625	1.3922378998	0.321082035221	0	1510671964.264703	58.0992907801	0.517658730159
243.0	0.170833290625	1.27895693971	0.309095528188	0	1510671965.0336177	58.0992907801	0.517658730159
243.0	0.170833290625	1.27160780882	0.430712203367	0	1510671965.5016887	58.1818181818	0.516984126984
242.5	0.170833290625	1.32512316528	0.280730706972	0	1510671966.2683425	58.1818181818	0.511428571429
242.5	0.168749957813	1.24381979258	0.292206782646	0	1510671967.0382977	58.1818181818	0.522698412698
242.0	0.168749957813	1.16054759597	0.348160950806	0	1510671967.4952075	58.1818181818	0.522698412698
242.0	0.168749957813	1.35920838899	0.307602346926	0	1510671968.263783	58.5142857143	0.52
242.0	0.166666625	1.28922119358	0.314286854562	0	1510671969.0285602	58.5142857143	0.525714285714
241.5	0.168749957813	1.27451866381	0.311126370686	0	1510671969.4939291	58.5142857143	0.514285714286
241.5	0.168749957813	1.28051075655	0.265118017728	0	1510671970.2627854	58.5142857143	0.514285714286
241.0	0.168749957813	1.34571191059	0.340604527953	0	1510671971.0305803	58.8505747126	0.523025210084
241.0	0.170833290625	1.34038505287	0.302985908209	0	1510671971.50262	58.5142857143	0.514285714286
241.0	0.168749957813	1.33027687129	0.279180721895	0	1510671972.266629	58.5142857143	0.514285714286
240.5	0.168749957813	1.28585539479	0.270655393901	0	1510671973.025979	58.5142857143	0.514285714286
240.5	0.168749957813	1.28062803134	0.352997114877	0	1510671973.495292	58.5142857143	0.525714285714
240.0	0.168749957813	1.35574657625	0.336045496069	0	1510671974.2618203	58.1818181818	0.528412698413
240.0	0.170833290625	1.32149767525	0.302019451647	0	1510671975.030194	58.1818181818	0.516984126984
240.0	0.168749957813	1.26242686816	0.382794887524	0	1510671975.4980297	58.5142857143	0.514285714286
239.5	0.168749957813	1.2810034186	0.307687797191	0	1510671976.2749844	58.1818181818	0.522698412698
239.5	0.170833290625	1.31984944621	0.288318808873	0	1510671977.0467625	58.5142857143	0.514285714286
239.0	0.166666625	1.29492885372	0.29584248748	0	1510671977.5016162	58.5142857143	0.52
239.0	0.170833290625	1.2464359975	0.278795112025	0	1510671978.2704535	58.5142857143	0.514285714286
238.5	0.168749957813	1.25178063575	0.286811345027	0	1510671979.0384965	58.5142857143	0.514285714286
238.5	0.170833290625	1.27718918943	0.303791249469	0	1510671979.5035694	58.1818181818	0.516984126984
238.0	0.168749957813	1.32186118809	0.315487003525	0	1510671980.2823074	58.1818181818	0.522698412698
238.0	0.170833290625	1.2602459688	0.27942834053	0	1510671981.0500612	58.1818181818	0.516984126984
238.0	0.170833290625	1.17016011839	0.357363442392	0	1510671981.497131	58.1818181818	0.516984126984
237.5	0.170833290625	1.25501838052	0.29693629808	0	1510671982.2655754	58.1818181818	0.522698412698
237.5	0.168749957813	1.22871619018	0.279982961213	0	1510671983.035052	58.1818181818	0.517142857143
237.0	0.168749957813	1.15037736132	0.267768325496	0	1510671983.4997258	58.5142857143	0.514285714286
237.0	0.166666625	1.21471743826	0.312597280659	0	1510671984.278791	58.5142857143	0.531428571429
237.0	0.168749957813	1.18683389573	0.258669071919	0	1510671985.0396128	58.5142857143	0.542857142857
236.5	0.170833290625	1.07021538327	0.341469335464	0	1510671985.5015118	58.5142857143	0.55002334267
236.5	0.172916623438	1.14699601177	0.285364289127	0	1510671986.2713044	58.9352517986	0.553991596639
236.0	0.168749957813	1.17277570396	0.306088061495	0	1510671987.0281377	58.8505747126	0.551764705882
236.0	0.168749957813	1.20283663169	0.325546451983	0	1510671987.4973009	58.8505747126	0.551764705882
236.0	0.172916623438	1.14236260159	0.278443550556	0	1510671988.2671452	58.8505747126	0.551764705882
235.5	0.172916623438	1.20489415656	0.296546436205	0	1510671989.0330997	58.9352517986	0.553991596639
235.5	0.172916623438	1.24733287832	0.298197919724	0	1510671989.4918544	58.9352517986	0.546848739496
235.0	0.168749957813	1.18659015489	0.293435267343	0	1510671990.2595053	58.5142857143	0.55002334267
235.0	0.168749957813	1.25235804181	0.282549541417	0	1510671991.0217733	58.5142857143	0.514285714286
235.0	0.170833290625	1.1945499625	0.315638496419	0	1510671991.5036137	58.5142857143	0.514285714286
234.5	0.170833290625	1.19068675754	0.262647768285	0	1510671992.2636504	58.5142857143	0.514285714286
234.5	0.168749957813	1.19095939585	0.264208382182	0	1510671993.0283399	58.5142857143	0.542857142857
234.0	0.168749957813	1.10601549198	0.301979696326	0	1510671993.497417	58.9352517986	0.553991596639
234.0	0.172916623438	1.16547840011	0.275639892823	0	1510671994.2770274	58.5142857143	0.542857142857
233.5	0.172916623438	1.18853778992	0.282011928793	0	1510671995.0456033	58.5142857143	0.542857142857
233.5	0.170833290625	1.10157296344	0.286448318367	0	1510671995.490549	58.5142857143	0.542857142857
233.0	0.168749957813	1.18017683133	0.260398714538	0	1510671996.2569	58.9352517986	0.546848739496
233.0	0.168749957813	1.22519016374	0.269801032104	0	1510671997.026434	58.5142857143	0.514285714286
233.0	0.168749957813	1.14272849359	0.281566264678	0	1510671997.4953697	58.5142857143	0.514285714286
232.5	0.168749957813	1.10045270159	0.273483628265	0	1510671998.2604373	58.9352517986	0.554014939309
232.5	0.172916623438	1.18863765802	0.270152103153	0	1510671999.0314703	58.5142857143	0.542857142857
232.5	0.168749957813	1.00931242573	0.405928991642	0	1510671999.4993722	58.8505747126	0.551764705882
232.0	0.172916623438	1.22872230025	0.295579090403	0	1510672000.2662706	58.9352517986	0.553991596639
232.0	0.172916623438	1.12089807912	0.268652520434	0	1510672001.0440938	58.9352517986	0.546848739496
231.5	0.172916623438	1.08259526757	0.305580131521	0	1510672001.4916227	58.5142857143	0.542857142857
231.5	0.172916623438	1.14344459209	0.284165496253	0	1510672002.2559857	58.5142857143	0.55002334267
231.0	0.17499995625	1.13353069952	0.256165239183	0	1510672003.025968	58.9352517986	0.539495798319
231.0	0.172916623438	1.1122696299	0.266747488638	0	1510672003.4957087	58.5142857143	0.542857142857
231.0	0.170833290625	1.14171337102	0.282306182078	0	1510672004.2616112	58.9352517986	0.553991596639
230.5	0.168749957813	1.16058640062	0.274837870505	0	1510672005.0304153	58.5142857143	0.542857142857
230.5	0.172916623438	1.13747970763	0.322276024491	0	1510672005.4994853	58.9352517986	0.553991596639
230.0	0.172916623438	1.20907082618	0.290205629502	0	1510672006.2672875	58.9352517986	0.546848739496
230.0	0.168749957813	1.12487539369	0.259163033368	0	1510672007.0323486	58.8505747126	0.546050420168
230.0	0.172916623438	1.11038255716	0.309784258816	0	1510672007.4918334	58.8505747126	0.557478991597
229.5	0.172916623438	1.07966192105	0.270234535529	0	1510672008.267241	59.1907514451	0.554957983193
229.5	0.172916623438	1.0760993668	0.286030454806	0	1510672009.028056	58.8505747126	0.557478991597
229.0	0.168749957813	1.05976991124	0.290242196	0	1510672009.4949124	59.1907514451	0.554957983193
229.0	0.168749957813	1.160574447	0.291534351183	0	1510672010.2726982	59.1907514451	0.554957983193
228.5	0.168749957813	1.13743222488	0.286451298097	0	1510672011.0357928	59.1907514451	0.554957983193

#$Filter:1
#$	0	1	 1
#$	1	op06	0.251188643150958
#$	2	op09	0.02848931924611138
#$	3	op18*op18*op18	3.9810717055349725e-06
#$	4	ns12	1e-7
#$	5	0	 1e-22
#$POWER:41.6, mW
#$WAVELENGTH:532,nm
#$OBJECT:SiNW24, bscat
angle	ref	signal	signal_std	filter	Time	freq	duty_cycle
228.5	0.168749957813	1.1747013261	0.304931967425	0	1510672012.0156426	58.8505747126	0.551764705882
228.0	0.168749957813	1.03314125919	0.352165624274	0	1510672012.4713635	59.1907514451	0.554957983193
228.0	0.168749957813	1.11567001094	0.284617694686	0	1510672013.2382762	59.1907514451	0.554957983193
227.5	0.168749957813	1.08718181118	0.277543257424	0	1510672014.0318687	59.1907514451	0.554957983193
227.5	0.168749957813	0.802980167913	0.446285806207	0	1510672014.4670405	58.8505747126	0.551764705882
227.5	0.168749957813	1.06454389341	0.266868546624	0	1510672015.2289758	59.1907514451	0.549243697479
227.0	0.172916623438	1.14344848789	0.304452461525	0	1510672016.0214372	59.1907514451	0.554957983193
227.0	0.168749957813	0.505597873372	0.535165500705	0	1510672016.4673903	59.1907514451	0.554957983193

#$Filter:1
#$	0	1	 1
#$	1	op06	0.251188643150958
#$	2	op09	0.02848931924611138
#$	3	op18*op18*op18	3.9810717055349725e-06
#$	4	ns12	1e-7
#$	5	0	 1e-22
#$POWER:41.6, mW
#$WAVELENGTH:532,nm
#$OBJECT:SiNW24, bscat
angle	ref	signal	signal_std	filter	Time	freq	duty_cycle
292.0	0.168749957813	0.196467218866	0.120422301765	0	1510672256.0371397	59.1907514451	0.543361344538
292.0	0.168749957813	0.22740512682	0.0753481762943	0	1510672256.5474298	59.3623188406	0.521848739496
291.5	0.168749957813	0.178086454087	0.0436709403764	0	1510672257.3412704	59.1907514451	0.549243697479
291.0	0.168749957813	0.0808039314257	0.0227436647745	0	1510672258.1850893	58.9352517986	0.518067226891
290.5	0.170833290625	0.000173167503406	0.00913420767648	0	1510672259.04196	59.5348837209	0.55243697479
290.0	0.168749957813	0.0780094763246	0.0223177439012	0	1510672259.6089883	59.1907514451	0.549243697479
289.5	0.354166578125	0.0387153866453	0.0113516374756	0	1510672260.3789036	59.5348837209	0.558151260504
289.0	0.168749957813	0.0763467696288	0.0259534269414	0	1510672261.1667533	59.5348837209	0.523361344538
288.5	0.168749957813	0.0120073216653	0.0450201131154	0	1510672262.101494	58.1818181818	0.516984126984
288.0	0.352083245313	0.00425640480247	0.0184848706954	0	1510672262.5474668	nan	nan
287.5	0.170833290625	0.0915514380492	0.0244002592098	0	1510672263.307879	58.0992907801	0.517658730159
287.0	0.170833290625	0.0926387222489	0.02288934042	0	1510672264.071208	58.1818181818	0.516984126984
287.0	0.170833290625	0.0655694567481	0.0401656712741	0	1510672264.5406718	58.5142857143	0.514285714286
286.5	0.168749957813	0.0933310756697	0.0229912243477	0	1510672265.3096747	58.8505747126	0.522857142857
286.0	0.172916623438	0.0975204838232	0.024774827402	0	1510672266.0758555	58.5142857143	0.542857142857
285.5	0.172916623438	0.0761804299461	0.0418390381209	0	1510672266.542695	58.8505747126	0.551764705882
285.0	0.170833290625	0.101421472229	0.027500605098	0	1510672267.3156962	58.8505747126	0.551764705882
284.5	0.168749957813	0.107611439423	0.0289139860725	0	1510672268.0814767	59.3623188406	0.521848739496
284.0	0.168749957813	0.100344379411	0.0352222135929	0	1510672268.5404067	59.3623188406	0.521848739496
283.5	0.170833290625	0.112854886316	0.0302465623771	0	1510672269.307357	59.3623188406	0.521848739496
283.0	0.168749957813	0.119844531472	0.0317217322877	0	1510672270.0702715	59.3623188406	0.521848739496
283.0	0.168749957813	0.11904394102	0.0414464295692	0	1510672270.5427532	59.3623188406	0.521848739496
282.5	0.168749957813	0.159626664995	0.0386357128816	0	1510672271.3117502	59.795620438	0.518277310924
281.5	0.3499999125	0.290519885353	0.162753578985	0	1510672272.147052	59.795620438	0.591176470588
281.5	0.168749957813	0.364657480018	0.177444176545	0	1510672272.55583	59.5348837209	0.517478991597
281.0	0.256249935938	0.672622612486	0.312938639657	0	1510672273.3874013	59.5348837209	0.517478991597
280.5	0.168749957813	0.81220839422	0.214588021046	0	1510672274.211745	59.3623188406	0.521848739496
280.0	0.168749957813	0.0783072003497	0.299282757602	0	1510672275.0435994	59.5348837209	0.517478991597
279.5	0.168749957813	0.866934758014	0.317453994595	0	1510672275.5424755	59.5348837209	0.517478991597
279.0	0.168749957813	1.04983077004	0.257066747018	0	1510672276.3043363	59.8830409357	0.520504201681
278.5	0.168749957813	1.04630083973	0.22402532224	0	1510672277.071299	59.8830409357	0.514621848739
278.0	0.168749957813	0.615294841585	0.439506512289	0	1510672277.538831	59.5348837209	0.517478991597
278.0	0.168749957813	1.09904271192	0.235734396826	0	1510672278.3141136	59.5348837209	0.511596638655
277.5	0.170833290625	1.06276660759	0.234310195294	0	1510672279.075588	58.5142857143	0.514285714286
277.0	0.170833290625	0.982648666136	0.332682847108	0	1510672279.5427263	58.1818181818	0.511428571429
276.5	0.168749957813	1.06548842738	0.236166917523	0	1510672280.308727	58.5142857143	0.514285714286
276.0	0.172916623438	1.11994422153	0.264274538809	0	1510672281.078538	58.5142857143	0.542857142857
275.5	0.172916623438	0.941008499242	0.410821281309	0	1510672281.5465457	58.8505747126	0.557478991597
275.0	0.168749957813	1.09843704757	0.296474118764	0	1510672282.3111858	59.1907514451	0.560672268908
274.5	0.168749957813	1.12651325114	0.281767697653	0	1510672283.0721965	59.3623188406	0.521848739496
274.0	0.168749957813	0.902481982828	0.473748933821	0	1510672283.5393019	59.8830409357	0.514621848739
273.5	0.168749957813	1.16318514425	0.248673352096	0	1510672284.303051	59.8830409357	0.514621848739
273.5	0.172916623438	1.17183403498	0.29039015801	0	1510672285.073983	58.8505747126	0.551764705882
273.0	0.170833290625	0.591239665092	0.590852102213	0	1510672285.5414922	57.8531073446	0.519682539683
272.5	0.170833290625	1.25524381563	0.266626223328	0	1510672286.311412	58.1818181818	0.511428571429
272.0	0.168749957813	1.18924689855	0.29336161586	0	1510672287.0788064	58.9352517986	0.554014939309
271.5	0.170833290625	0.801233104608	0.559711787508	0	1510672287.5466113	58.8505747126	0.551764705882
271.0	0.172916623438	1.29385517526	0.32881216867	0	1510672288.3225071	59.1907514451	0.554957983193
270.5	0.166666625	1.24623045767	0.311190124181	0	1510672289.0951562	59.3623188406	0.521848739496
270.5	0.168749957813	0.825980185662	0.55789220686	0	1510672289.5390954	59.5348837209	0.517478991597
270.0	0.168749957813	1.21453893046	0.331157686735	0	1510672290.2950037	59.795620438	0.525630252101
269.5	0.168749957813	1.31013987954	0.299725525748	0	1510672291.0591576	58.8505747126	0.51731092437
269.0	0.170833290625	1.20109373669	0.385969881166	0	1510672291.5415738	58.5142857143	0.514285714286
268.5	0.170833290625	1.26546398575	0.282722965635	0	1510672292.3109818	58.5142857143	0.514285714286

#$Filter:1
#$	0	1	 1
#$	1	op06	0.251188643150958
#$	2	op09	0.02848931924611138
#$	3	op18*op18*op18	3.9810717055349725e-06
#$	4	ns12	1e-7
#$	5	0	 1e-22
#$POWER:41.6, mW
#$WAVELENGTH:532,nm
#$OBJECT:SiNW24, bscat
angle	ref	signal	signal_std	filter	Time	freq	duty_cycle
268.0	0.168749957813	1.27823284327	0.342063103636	0	1510672305.1350079	29.897810219	0.554774083546
268.0	0.168749957813	1.2469298877	0.360439335329	0	1510672305.6298368	29.897810219	0.562020460358
267.5	0.170833290625	1.25088042878	0.340523927385	0	1510672306.399298	30.1176470588	0.558728098637
267.0	0.172916623438	1.23587234191	0.322283759495	0	1510672307.1656575	29.897810219	0.554774083546
267.0	0.170833290625	1.24304839017	0.368622104014	0	1510672307.6242237	29.897810219	0.554774083546
266.5	0.170833290625	1.26232491886	0.346316732554	0	1510672308.3884578	30.1176470588	0.566190785204
266.0	0.168749957813	1.26776426036	0.331194620214	0	1510672309.1480792	29.897810219	0.554774083546
266.0	0.170833290625	1.3214412185	0.368807024746	0	1510672309.628224	30.1176470588	0.558823529412
265.5	0.172916623438	1.22719350633	0.428601683501	0	1510672310.3952057	29.2571428571	0.528571428571
265.0	0.172916623438	1.32806421173	0.352319428527	0	1510672311.1601422	29.2571428571	0.542857142857
265.0	0.170833290625	1.21258022605	0.372772669252	0	1510672311.6318767	29.0496453901	0.531891348089
264.5	0.170833290625	0.806641299634	0.565440552871	0	1510672312.3978732	29.2571428571	0.528571428571
264.0	0.172916623438	0.909264224798	0.54155952662	0	1510672313.1637378	29.4676258993	0.525155279503
264.0	0.168749957813	1.37939033616	0.358176870181	0	1510672313.6236663	29.6811594203	0.536231884058
263.5	0.168749957813	1.38065636397	0.338845382143	0	1510672314.383642	29.6811594203	0.550724637681
263.5	0.170833290625	1.29966454103	0.427486643213	0	1510672315.1455348	29.6811594203	0.550724637681
263.0	0.168749957813	1.37591632269	0.372905581141	0	1510672315.6273482	29.897810219	0.554774083546
262.5	0.170833290625	0.879809955667	0.608574164697	0	1510672316.4052675	30.1176470588	0.544117647059
262.5	0.170833290625	1.38109398892	0.398972942004	0	1510672317.1729624	29.4676258993	0.532401656315
262.0	0.168749957813	1.31456650446	0.342782838045	0	1510672317.6300664	29.6811594203	0.521739130435
261.5	0.170833290625	1.19452404081	0.496089109638	0	1510672318.3979263	29.897810219	0.54742114237
261.5	0.170833290625	1.19358949984	0.49191035559	0	1510672319.1629536	29.897810219	0.562020460358
261.0	0.170833290625	1.46926381255	0.427557916474	0	1510672319.624649	30.1176470588	0.558823529412
261.0	0.170833290625	1.36769198765	0.47509993692	0	1510672320.4416106	30.1176470588	0.566190785204

#$Filter:1
#$	0	1	 1
#$	1	op06	0.251188643150958
#$	2	op09	0.02848931924611138
#$	3	op18*op18*op18	3.9810717055349725e-06
#$	4	ns12	1e-7
#$	5	0	 1e-22
#$POWER:41.6, mW
#$WAVELENGTH:532,nm
#$OBJECT:SiNW24, bscat
angle	ref	signal	signal_std	filter	Time	freq	duty_cycle
260.0	0.172916623438	1.4867479101	0.439729657673	0	1510672324.5185351	29.6811594203	0.550724637681
260.0	0.172916623438	1.26824437436	0.563316973362	0	1510672325.2888587	29.897810219	0.554774083546
259.5	0.172916623438	1.51997066412	0.422398146248	0	1510672326.0549774	30.1176470588	0.558823529412
259.0	0.172916623438	1.14831063087	0.591362029848	0	1510672326.5222702	29.4676258993	0.532401656315
259.0	0.172916623438	1.54779045286	0.483972941836	0	1510672327.2905433	29.4676258993	0.532401656315
258.5	0.170833290625	1.43420039968	0.440732237438	0	1510672328.058137	29.6811594203	0.528985507246
258.5	0.172916623438	1.4699626177	0.43571461854	0	1510672328.5153978	29.6811594203	0.550724637681
258.0	0.170833290625	1.45861117447	0.539250391403	0	1510672329.2802973	29.6811594203	0.550724637681
257.5	0.170833290625	1.64303846677	0.51025594638	0	1510672330.0501666	29.897810219	0.554774083546
257.0	0.170833290625	1.75760935166	0.519421401079	0	1510672330.5182245	30.1176470588	0.558823529412
257.0	0.172916623438	1.84457634292	0.580951018615	0	1510672331.2840092	29.897810219	0.554774083546
256.5	0.170833290625	2.248415181	0.617393010495	0	1510672332.0497293	29.897810219	0.562020460358
256.5	0.170833290625	3.34199262855	0.920599041696	0	1510672332.5223346	29.897810219	0.562020460358
256.0	0.170833290625	3.60889238682	0.973140097287	0	1510672333.289688	29.897810219	0.554774083546

#$Filter:1
#$	0	1	 1
#$	1	op06	0.251188643150958
#$	2	op09	0.02848931924611138
#$	3	op18*op18*op18	3.9810717055349725e-06
#$	4	ns12	1e-7
#$	5	0	 1e-22
#$POWER:41.6, mW
#$WAVELENGTH:532,nm
#$OBJECT:SiNW24, bscat
angle	ref	signal	signal_std	filter	Time	freq	duty_cycle
255.5	0.170833290625	2.17449614893	0.442615461369	0	1510672340.516673	29.4676258993	0.525155279503
255.0	0.170833290625	1.62130497805	0.495714575433	0	1510672341.2820215	29.6811594203	0.536231884058
254.5	0.168749957813	1.3101634572	0.641757454265	0	1510672342.0519125	29.6811594203	0.557971014493
254.5	0.168749957813	1.53971271355	0.385244457931	0	1510672342.520358	29.897810219	0.554774083546
254.0	0.168749957813	1.32145967077	0.559429164134	0	1510672343.2841136	30.1176470588	0.558823529412
253.5	0.170833290625	1.46841635629	0.484999780296	0	1510672344.0521395	30.1176470588	0.551481721826
253.5	0.168749957813	1.46251029081	0.396998856105	0	1510672344.5229378	30.3407407407	0.562993854258

#$Filter:1
#$	0	1	 1
#$	1	op06	0.251188643150958
#$	2	op09	0.02848931924611138
#$	3	op18*op18*op18	3.9810717055349725e-06
#$	4	ns12	1e-7
#$	5	0	 1e-22
#$POWER:41.6, mW
#$WAVELENGTH:532,nm
#$OBJECT:SiNW24, bscat
angle	ref	signal	signal_std	filter	Time	freq	duty_cycle
253.0	0.172916623438	1.41214443241	0.451960364786	0	1510672349.0212512	30.1176470588	0.566190785204
252.5	0.168749957813	1.50206131187	0.407108681404	0	1510672349.503798	30.1176470588	0.558823529412
252.0	0.170833290625	1.46618937966	0.389769247292	0	1510672350.2681217	30.1176470588	0.551481721826
252.0	0.170833290625	1.41747537379	0.393779198247	0	1510672351.0360308	30.1176470588	0.558823529412
251.5	0.168749957813	1.4307040074	0.398508776699	0	1510672351.5160084	30.3407407407	0.548178226514
251.0	0.172916623438	1.30541577303	0.516353889562	0	1510672352.286804	29.897810219	0.554774083546
251.0	0.170833290625	1.38782043883	0.410303372633	0	1510672353.0668035	30.1176470588	0.558823529412
250.5	0.168749957813	1.30345096012	0.346247583962	0	1510672353.5066469	30.1176470588	0.558823529412
250.5	0.170833290625	1.33062903202	0.369908229013	0	1510672354.2793334	30.1176470588	0.558823529412
250.0	0.168749957813	1.32478298793	0.37362319338	0	1510672355.045933	29.897810219	0.562020460358
249.5	0.172916623438	1.33886513397	0.351795167208	0	1510672355.5113559	30.1176470588	0.558823529412
249.5	0.170833290625	1.42021180742	0.392251956797	0	1510672356.294161	29.897810219	0.554774083546
249.0	0.170833290625	1.215532967	0.408576751318	0	1510672357.0987577	30.1176470588	0.558823529412
249.0	0.170833290625	1.27131206507	0.519141088867	0	1510672357.5147223	30.1176470588	0.558823529412
248.5	0.170833290625	1.20088115098	0.541212058916	0	1510672358.307881	30.1176470588	0.558823529412
248.0	0.168749957813	1.40932798469	0.374145393894	0	1510672359.0897608	30.1176470588	0.558823529412
247.5	0.168749957813	1.30744014933	0.447862169181	0	1510672359.511732	30.1176470588	0.551470588235
247.5	0.170833290625	1.25501018985	0.350130850127	0	1510672360.2781315	30.1176470588	0.558823529412
247.0	0.170833290625	1.23366913792	0.539049595898	0	1510672361.0565767	30.3407407407	0.555531167691
247.0	0.170833290625	1.29557702464	0.336519540482	0	1510672361.5043647	30.3407407407	0.555531167691
246.5	0.168749957813	1.3580202811	0.353732077984	0	1510672362.2803016	30.3407407407	0.555531167691
246.0	0.168749957813	1.26499713099	0.405058192506	0	1510672363.0491385	30.3407407407	0.555531167691
246.0	0.170833290625	1.29745259145	0.346897739482	0	1510672363.5071216	30.3407407407	0.555531167691
245.5	0.168749957813	1.31252447346	0.43303800308	0	1510672364.2729568	30.1176470588	0.551470588235
245.0	0.170833290625	1.12744359424	0.513411421838	0	1510672365.0425358	29.897810219	0.562020460358
245.0	0.170833290625	1.25413725531	0.358757958722	0	1510672365.5109267	30.1176470588	0.558823529412
244.5	0.170833290625	1.30004438628	0.345248420745	0	1510672366.2917647	30.1176470588	0.558823529412
244.0	0.168749957813	1.23631407713	0.365433537865	0	1510672367.069665	30.1176470588	0.551481721826
244.0	0.168749957813	1.34995782566	0.34512832367	0	1510672367.5043445	30.1176470588	0.558823529412
243.5	0.168749957813	1.25867196806	0.33882911252	0	1510672368.2704952	30.3407407407	0.555531167691
243.0	0.168749957813	1.1831210169	0.380591971362	0	1510672369.0388126	30.1176470588	0.551481721826
243.0	0.170833290625	1.23861510333	0.322297883809	0	1510672369.510038	30.1176470588	0.551481721826
242.5	0.170833290625	1.27448798547	0.361257670766	0	1510672370.2727478	29.897810219	0.554774083546
242.0	0.168749957813	1.25050712506	0.328489893904	0	1510672371.034903	30.1176470588	0.551481721826
242.0	0.170833290625	1.24178842515	0.333221818917	0	1510672371.5119777	29.897810219	0.554774083546
241.5	0.170833290625	1.16896581234	0.350067509174	0	1510672372.2767746	29.897810219	0.554774083546
241.0	0.170833290625	1.20368134192	0.300002879913	0	1510672373.046768	29.897810219	0.554774083546
241.0	0.170833290625	1.20059321585	0.346350159877	0	1510672373.514232	29.897810219	0.554774083546
240.5	0.168749957813	1.22233901764	0.340167751042	0	1510672374.2813468	30.1176470588	0.558823529412
240.0	0.168749957813	1.12087276267	0.367994008296	0	1510672375.038445	30.3407407407	0.555531167691
240.0	0.170833290625	1.16347542958	0.31478396433	0	1510672375.5052242	30.1176470588	0.551481721826
239.5	0.168749957813	1.16507309203	0.330072109022	0	1510672376.2713227	30.1176470588	0.558728098637
239.5	0.170833290625	1.03224510048	0.404065967066	0	1510672377.0280323	30.1176470588	0.558823529412
239.0	0.168749957813	1.24102904306	0.3389077565	0	1510672377.5105283	30.1176470588	0.558728098637
238.5	0.168749957813	1.17797194192	0.339681028702	0	1510672378.2759557	30.1176470588	0.558823529412
238.5	0.170833290625	1.04432017543	0.440057197397	0	1510672379.0456948	30.3407407407	0.548178226514
238.0	0.168749957813	1.09881168237	0.291905580333	0	1510672379.5136428	30.1176470588	0.558823529412
237.5	0.170833290625	1.08868777075	0.352899215711	0	1510672380.280441	29.897810219	0.554774083546
237.5	0.168749957813	1.03466405379	0.39849142933	0	1510672381.0504937	30.3407407407	0.555531167691
237.0	0.168749957813	1.11866916904	0.327113879748	0	1510672381.5062459	30.1176470588	0.558823529412
236.5	0.168749957813	1.09335487426	0.342450077852	0	1510672382.2713091	30.1176470588	0.544117647059
236.5	0.168749957813	1.16389025248	0.305080673794	0	1510672383.0389082	30.3407407407	0.555531167691
236.0	0.168749957813	1.13260773365	0.304239303624	0	1510672383.5101624	30.1176470588	0.558823529412
236.0	0.168749957813	1.0822507656	0.327632320671	0	1510672384.2759116	30.1176470588	0.558823529412
235.5	0.168749957813	1.11454759974	0.311826942112	0	1510672385.0463889	30.3407407407	0.555531167691
235.0	0.170833290625	1.08738556319	0.282168972689	0	1510672385.5116944	30.3407407407	0.555531167691
235.0	0.168749957813	1.09224289122	0.28543483897	0	1510672386.2796643	30.1176470588	0.551481721826
234.5	0.170833290625	0.73901006336	0.488161280974	0	1510672387.094484	29.897810219	0.554774083546
234.5	0.168749957813	0.011712215258	0.292866679379	0	1510672387.5059888	30.1176470588	0.529411764706
234.0	0.168749957813	1.12214927278	0.31150181899	0	1510672388.2742174	29.897810219	0.554774083546
233.5	0.168749957813	0.931857627707	0.447030007004	0	1510672389.0462048	30.1176470588	0.558823529412
233.5	0.168749957813	1.12787401543	0.296575298229	0	1510672389.5096843	30.1176470588	0.558823529412
233.0	0.168749957813	1.09941138131	0.29825001857	0	1510672390.2669713	30.1176470588	0.558823529412
232.5	0.168749957813	1.01527610455	0.28648156339	0	1510672391.0357938	30.1176470588	0.558823529412
232.0	0.168749957813	0.992505287557	0.328643173949	0	1510672391.5127234	30.1176470588	0.558823529412
232.0	0.168749957813	1.03144136197	0.329190099772	0	1510672392.2798293	30.1176470588	0.558823529412
231.5	0.170833290625	1.04764588343	0.295425482491	0	1510672393.052591	30.1176470588	0.558823529412
231.5	0.168749957813	1.03240380078	0.265055738759	0	1510672393.508493	30.3407407407	0.555531167691
231.0	0.168749957813	0.839648838113	0.376408727705	0	1510672394.275436	30.5671641791	0.537313432836
230.5	0.168749957813	1.09817627696	0.289258264688	0	1510672395.0342736	30.1176470588	0.544117647059
230.5	0.168749957813	1.02745960812	0.258125856927	0	1510672395.5082135	30.5671641791	0.537313432836
230.0	0.168749957813	0.990363759109	0.276870238356	0	1510672396.2792933	30.5671641791	0.537313432836
229.5	0.170833290625	1.0299228576	0.270418445561	0	1510672397.0455492	30.3407407407	0.555531167691
229.5	0.168749957813	0.994754215597	0.245197145723	0	1510672397.5039303	30.3407407407	0.548178226514
229.0	0.168749957813	0.982304184875	0.258930238711	0	1510672398.2697835	30.3407407407	0.555531167691
228.5	0.168749957813	0.98925129984	0.31127899981	0	1510672399.0478375	30.1176470588	0.558823529412
228.5	0.168749957813	1.0470086947	0.2888960049	0	1510672399.5156882	30.1176470588	0.558823529412
228.0	0.170833290625	1.0157630204	0.261294968989	0	1510672400.2766058	30.3407407407	0.555531167691
227.5	0.168749957813	0.94481623205	0.362739530434	0	1510672401.0533936	30.3407407407	0.548178226514
227.5	0.170833290625	0.990616597705	0.253841825803	0	1510672401.5161817	30.1176470588	0.558823529412
227.0	0.170833290625	0.912197083595	0.384410096129	0	1510672402.2993588	30.1176470588	0.558823529412
