
#$Filter:1
#$	0	1	 1
#$	1	op06	0.251188643150958
#$	2	op09	0.02848931924611138
#$	3	op18*op18*op18	3.9810717055349725e-06
#$	4	ns12	1e-7
#$	5	0	 1e-22
#$POWER:43.2, mW
#$WAVELENGTH:532,nm
#$OBJECT:SiNW23, bscat
angle	ref	signal	signal_std	filter	Time	freq	duty_cycle
281.5	0.166666625	0.444006718659	0.0962962874246	0	1510671135.0655947	58.5142857143	0.514285714286
281.5	0.168749957813	0.455631486184	0.0965876377854	0	1510671135.8314838	58.5142857143	0.514285714286
281.0	0.168749957813	0.492770624052	0.103777684003	0	1510671136.5875351	58.5142857143	0.514285714286
281.0	0.168749957813	0.504159366614	0.151974565914	0	1510671137.057961	58.5142857143	0.514285714286
280.5	0.170833290625	0.587432417421	0.12994607125	0	1510671137.8261993	58.5142857143	0.514285714286
280.0	0.166666625	0.599083011386	0.127347730262	0	1510671138.5927331	58.5142857143	0.514285714286
280.0	0.168749957813	0.613606796782	0.134973155316	0	1510671139.0610797	58.5142857143	0.514285714286
279.5	0.168749957813	0.657617202446	0.138142046945	0	1510671139.830556	58.5142857143	0.514285714286
279.0	0.170833290625	0.627713903782	0.154430275869	0	1510671140.5987773	56.8888888889	0.522222222222
279.0	0.170833290625	0.60158490924	0.189837659644	0	1510671141.0657759	56.5745856354	0.513813813814
278.5	0.168749957813	0.628568196852	0.160252537216	0	1510671141.8237302	56.8888888889	0.527777777778
278.0	0.170833290625	0.643847211063	0.16465156235	0	1510671142.5876193	57.5280898876	0.550476190476
278.0	0.168749957813	0.559815387112	0.218526658795	0	1510671143.067458	57.8531073446	0.547936507937
277.5	0.17499995625	0.476645575069	0.261692502251	0	1510671143.8405256	57.2867132867	0.545436507937
277.0	0.168749957813	0.654711721076	0.150677657367	0	1510671144.6073654	57.2067039106	0.513968253968
277.0	0.170833290625	0.65077947648	0.168990569822	0	1510671145.060201	57.2067039106	0.519523809524
276.5	0.170833290625	0.663660343821	0.163080460232	0	1510671145.8311133	57.2067039106	0.519523809524
276.0	0.170833290625	0.694278740895	0.152454051787	0	1510671146.5929415	57.5280898876	0.539365079365
276.0	0.168749957813	0.424029447843	0.315001729921	0	1510671147.06296	57.8531073446	0.536825396825
275.5	0.168749957813	0.686866079564	0.153568510705	0	1510671147.8237753	57.5280898876	0.544920634921
275.0	0.168749957813	0.64814656161	0.162183090739	0	1510671148.5866506	57.5280898876	0.550476190476
275.0	0.170833290625	0.496254861691	0.253594839775	0	1510671149.0595255	58.1818181818	0.551111111111
274.5	0.168749957813	0.705791846344	0.179265210516	0	1510671149.8266046	57.8531073446	0.553650793651

#$Filter:1
#$	0	1	 1
#$	1	op06	0.251188643150958
#$	2	op09	0.02848931924611138
#$	3	op18*op18*op18	3.9810717055349725e-06
#$	4	ns12	1e-7
#$	5	0	 1e-22
#$POWER:43.2, mW
#$WAVELENGTH:532,nm
#$OBJECT:SiNW23, bscat
angle	ref	signal	signal_std	filter	Time	freq	duty_cycle
274.0	0.168749957813	0.645124178695	0.237418693926	0	1510671349.6857188	59.1907514451	0.549243697479
273.5	0.172916623438	0.0643354287601	0.363833410061	0	1510671350.17995	58.5142857143	0.542857142857
273.5	0.166666625	0.709115123456	0.154255574945	0	1510671350.9469683	58.5142857143	0.514285714286
273.0	0.168749957813	0.697771875958	0.165331182519	0	1510671351.7109733	58.0992907801	0.517658730159
272.5	0.170833290625	0.561853480978	0.275504096906	0	1510671352.1824238	58.1818181818	0.516984126984
272.5	0.168749957813	0.684620897486	0.154080208107	0	1510671352.946487	58.1818181818	0.516984126984
272.0	0.168749957813	0.722158910369	0.15575871592	0	1510671353.7041507	58.5142857143	0.514285714286
271.5	0.168749957813	0.688117510477	0.179168974681	0	1510671354.186564	58.8505747126	0.511596638655
271.5	0.168749957813	0.746898720379	0.17503473233	0	1510671354.9652965	58.8505747126	0.51731092437
271.0	0.166666625	0.741764985683	0.170361351966	0	1510671355.725922	58.5142857143	0.52
271.0	0.172916623438	0.61863744557	0.272064432424	0	1510671356.1872556	58.5142857143	0.542857142857
270.5	0.172916623438	0.721616409221	0.161805458167	0	1510671356.9551892	58.9352517986	0.539495798319
270.0	0.172916623438	0.759873807741	0.196629341535	0	1510671357.7113945	58.9352517986	0.561134453782
269.5	0.168749957813	0.725226663412	0.201683786652	0	1510671358.1819293	58.8505747126	0.557478991597
269.5	0.168749957813	0.742021182016	0.191916934036	0	1510671358.9506812	58.8505747126	0.551764705882
269.0	0.168749957813	0.734043976033	0.190936767032	0	1510671359.717722	58.8505747126	0.551764705882
269.0	0.168749957813	0.330032133987	0.388260003475	0	1510671360.185473	58.9352517986	0.546848739496
268.5	0.168749957813	0.806645086447	0.171551302209	0	1510671360.9554856	58.5142857143	0.514285714286
268.0	0.168749957813	0.792725352783	0.189652143157	0	1510671361.7221732	58.5142857143	0.542857142857
268.0	0.170833290625	0.807092027336	0.22084629097	0	1510671362.1882017	58.9352517986	0.553991596639
267.5	0.172916623438	0.804621647584	0.198700159438	0	1510671362.9559517	58.9352517986	0.553991596639
267.0	0.172916623438	0.80035330509	0.199852023977	0	1510671363.7269905	59.1907514451	0.549243697479
267.0	0.172916623438	0.824584192831	0.208316456378	0	1510671364.1818755	58.8505747126	0.551764705882
266.5	0.172916623438	0.786429375221	0.175097881174	0	1510671364.9508128	58.9352517986	0.539495798319
266.0	0.168749957813	0.782233868243	0.146486476142	0	1510671365.7178264	58.5142857143	0.502857142857
266.0	0.168749957813	0.769541101233	0.233150843201	0	1510671366.183541	58.1818181818	0.516984126984
265.5	0.168749957813	0.83595032308	0.200971556904	0	1510671366.9505117	58.1818181818	0.516984126984
265.0	0.168749957813	0.874603775839	0.19708804052	0	1510671367.703431	58.5142857143	0.514285714286
265.0	0.172916623438	0.603726339665	0.327195427327	0	1510671368.1891303	58.9352517986	0.553991596639
264.5	0.168749957813	0.86228355591	0.214428374159	0	1510671368.9593728	58.8505747126	0.551764705882
264.0	0.168749957813	0.834824022305	0.222717306815	0	1510671369.7266214	58.8505747126	0.551764705882
264.0	0.168749957813	0.830392702382	0.240698770258	0	1510671370.1898615	58.8505747126	0.551764705882
263.5	0.168749957813	0.877004873499	0.214774660958	0	1510671370.951434	59.1907514451	0.549243697479
263.0	0.170833290625	0.831367919306	0.193013223995	0	1510671371.7216995	58.9352517986	0.546848739496
263.0	0.172916623438	0.67933656486	0.349579492033	0	1510671372.1832795	58.5142857143	0.542857142857
262.5	0.168749957813	0.984244945699	0.248288812174	0	1510671372.955549	58.8505747126	0.551764705882
262.0	0.168749957813	0.912626379332	0.220405147265	0	1510671373.716553	59.1907514451	0.549243697479
262.0	0.168749957813	0.171185684533	0.507150815385	0	1510671374.1872957	58.0992907801	0.517658730159
261.5	0.168749957813	0.967030945824	0.249077653748	0	1510671374.9483008	57.8531073446	0.553650793651
261.5	0.168749957813	1.10461223312	0.288131263097	0	1510671375.7111657	57.8531073446	0.553650793651

#$Filter:1
#$	0	1	 1
#$	1	op06	0.251188643150958
#$	2	op09	0.02848931924611138
#$	3	op18*op18*op18	3.9810717055349725e-06
#$	4	ns12	1e-7
#$	5	0	 1e-22
#$POWER:43.2, mW
#$WAVELENGTH:532,nm
#$OBJECT:SiNW23, bscat
angle	ref	signal	signal_std	filter	Time	freq	duty_cycle
261.0	0.168749957813	1.06124923449	0.441628620478	0	1510671379.1946192	58.9352517986	0.539495798319
260.5	0.168749957813	1.38508029889	0.358292127292	0	1510671379.969659	58.8505747126	0.528739495798
260.0	0.168749957813	3.32146072462	1.61278121362	0	1510671380.8115628	58.5142857143	0.542857142857

#$Filter:1
#$	0	1	 1
#$	1	op06	0.251188643150958
#$	2	op09	0.02848931924611138
#$	3	op18*op18*op18	3.9810717055349725e-06
#$	4	ns12	1e-7
#$	5	0	 1e-22
#$POWER:43.2, mW
#$WAVELENGTH:532,nm
#$OBJECT:SiNW23, bscat
angle	ref	signal	signal_std	filter	Time	freq	duty_cycle
259.5	0.168749957813	2.11869710003	0.437689406092	0	1510671389.669908	58.5142857143	0.514285714286
259.5	0.168749957813	2.05103362119	0.734379144516	0	1510671390.1630008	58.5142857143	0.514285714286
259.5	0.168749957813	2.65044914799	0.597825052799	0	1510671390.9319077	58.1818181818	0.517142857143
259.5	0.170833290625	3.13981522306	0.665266284961	0	1510671391.6946926	58.1818181818	0.511428571429
259.5	0.168749957813	2.7883264666	1.15571178656	0	1510671392.1667268	57.6901408451	0.521031746032
259.5	0.170833290625	3.4288831964	0.885584796785	0	1510671392.930654	58.0992907801	0.524801587302
259.0	0.170833290625	3.79744562086	0.97037287164	0	1510671393.7073648	58.0992907801	0.510714285714
259.0	0.168749957813	2.84194323178	1.63084904242	0	1510671394.169225	58.0992907801	0.517658730159

#$Filter:1
#$	0	1	 1
#$	1	op06	0.251188643150958
#$	2	op09	0.02848931924611138
#$	3	op18*op18*op18	3.9810717055349725e-06
#$	4	ns12	1e-7
#$	5	0	 1e-22
#$POWER:43.2, mW
#$WAVELENGTH:532,nm
#$OBJECT:SiNW23, bscat
angle	ref	signal	signal_std	filter	Time	freq	duty_cycle
259.0	0.168749957813	4.81114290878	1.07128764194	0	1510671398.057721	58.5142857143	0.514285714286
259.0	0.168749957813	4.99306506831	1.07451917385	0	1510671398.8157945	58.5142857143	0.514285714286
259.0	0.168749957813	5.33643475978	1.20898039565	0	1510671399.5795693	58.5142857143	0.514285714286
258.5	0.172916623438	3.26020326658	2.6236361434	0	1510671400.050452	58.9352517986	0.554014939309
258.5	0.168749957813	6.82970425046	1.7909404064	0	1510671400.8203294	59.1907514451	0.554957983193
258.5	0.168749957813	7.35402852191	1.54948560568	0	1510671401.5861948	58.5142857143	0.514285714286

#$Filter:1
#$	0	1	 1
#$	1	op06	0.251188643150958
#$	2	op09	0.02848931924611138
#$	3	op18*op18*op18	3.9810717055349725e-06
#$	4	ns12	1e-7
#$	5	0	 1e-22
#$POWER:43.2, mW
#$WAVELENGTH:532,nm
#$OBJECT:SiNW23, bscat
angle	ref	signal	signal_std	filter	Time	freq	duty_cycle
258.5	0.168749957813	10.6303534678	2.60436470159	0	1510671408.0552855	58.8505747126	0.546050420168
258.5	0.168749957813	13.7463593389	3.06813645117	0	1510671408.8190627	58.1818181818	0.516984126984
258.0	0.170833290625	17.2328446946	4.00717341093	0	1510671409.6350589	57.6901408451	0.521031746032

#$Filter:op06
#$	0	1	 1
#$	1	op06	0.251188643150958
#$	2	op09	0.02848931924611138
#$	3	op18*op18*op18	3.9810717055349725e-06
#$	4	ns12	1e-7
#$	5	0	 1e-22
#$POWER:43.2, mW
#$WAVELENGTH:532,nm
#$OBJECT:SiNW23, bscat
angle	ref	signal	signal_std	filter	Time	freq	duty_cycle
258.0	0.172916623438	10.6104878456	2.62274578581	1	1510671425.07064	58.9352517986	0.546848739496
258.0	0.168749957813	12.2018010147	2.91387629196	1	1510671425.838645	58.8505747126	0.546050420168
258.0	0.168749957813	16.1208896896	4.12492881166	1	1510671426.6076074	59.1907514451	0.554957983193

#$Filter:op06
#$	0	1	 1
#$	1	op06	0.251188643150958
#$	2	op09	0.02848931924611138
#$	3	op18*op18*op18	3.9810717055349725e-06
#$	4	ns12	1e-7
#$	5	0	 1e-22
#$POWER:43.2, mW
#$WAVELENGTH:532,nm
#$OBJECT:SiNW23, bscat
angle	ref	signal	signal_std	filter	Time	freq	duty_cycle
257.5	0.168749957813	17.2869720807	4.08815292006	1	1510671432.0643437	59.3623188406	0.514495798319
257.5	0.168749957813	12.940025255	3.18617695731	1	1510671432.8365717	59.3623188406	0.521848739496
257.5	0.168749957813	8.20479689737	2.1223452858	1	1510671433.603402	59.3623188406	0.521848739496
257.5	0.168749957813	6.1255425963	2.4973265601	1	1510671434.058271	59.3623188406	0.528991596639
257.5	0.166666625	4.75197025276	1.24011498636	1	1510671434.8162298	59.1907514451	0.554957983193
257.5	0.168749957813	3.12361388235	0.814943389577	1	1510671435.5720308	58.8505747126	0.551764705882
257.5	0.168749957813	2.41372137222	0.636333530221	1	1510671436.1210706	59.3623188406	0.521848739496
257.0	0.352083245313	0.52947992461	0.164750184394	1	1510671436.884878	59.5348837209	0.563865546218
257.0	0.352083245313	0.0153146675112	0.344718921184	1	1510671437.7106094	58.5142857143	0.828571428571

#$Filter:op06
#$	0	1	 1
#$	1	op06	0.251188643150958
#$	2	op09	0.02848931924611138
#$	3	op18*op18*op18	3.9810717055349725e-06
#$	4	ns12	1e-7
#$	5	0	 1e-22
#$POWER:43.2, mW
#$WAVELENGTH:532,nm
#$OBJECT:SiNW23, bscat
angle	ref	signal	signal_std	filter	Time	freq	duty_cycle
257.0	0.166666625	1.1718990324	0.369533120503	1	1510671450.593879	59.8830409357	0.508739495798
257.0	0.172916623438	0.471438457571	0.555821807354	1	1510671451.0972486	59.795620438	0.540145148969
257.0	0.172916623438	0.951338432964	0.219099151875	1	1510671451.8636286	60.2352941176	0.544117647059
256.5	0.168749957813	0.961485954624	0.25495366614	1	1510671452.6315198	60.2352941176	0.558823529412
256.5	0.168749957813	0.332489970501	0.470500168338	1	1510671453.0994217	59.8830409357	0.508739495798
256.5	0.168749957813	0.842349516189	0.171545985351	1	1510671453.869161	59.8830409357	0.508739495798
256.5	0.168749957813	0.811608223903	0.191902465255	1	1510671454.6272223	59.5348837209	0.523361344538
256.5	0.168749957813	0.320579548524	0.359804169887	1	1510671455.1500845	59.8830409357	0.514621848739
256.5	0.352083245313	0.188654798191	0.190282164197	1	1510671455.9215186	nan	nan
256.0	0.352083245313	0.196058374355	0.0994363975407	1	1510671456.7615242	62.534351145	0.585192697769

#$Filter:1
#$	0	1	 1
#$	1	op06	0.251188643150958
#$	2	op09	0.02848931924611138
#$	3	op18*op18*op18	3.9810717055349725e-06
#$	4	ns12	1e-7
#$	5	0	 1e-22
#$POWER:43.2, mW
#$WAVELENGTH:532,nm
#$OBJECT:SiNW23, bscat
angle	ref	signal	signal_std	filter	Time	freq	duty_cycle
256.0	0.172916623438	0.456507488914	0.994966910553	0	1510671470.6736968	58.9352517986	0.546848739496
256.0	0.172916623438	0.476224952169	0.916432657247	0	1510671471.175697	59.1907514451	0.560672268908
256.0	0.168749957813	1.67921734548	0.41374387813	0	1510671471.939558	59.1907514451	0.549243697479
256.0	0.172916623438	1.5366267667	0.360593257677	0	1510671472.6985328	58.9352517986	0.546848739496
255.5	0.172916623438	1.25722982681	0.566713794917	0	1510671473.1783488	59.1907514451	0.549243697479
255.5	0.168749957813	1.58014488771	0.409421389883	0	1510671473.9443362	59.3623188406	0.521848739496
255.5	0.168749957813	1.54781350004	0.387495792734	0	1510671474.7102058	58.8505747126	0.551764705882
255.5	0.172916623438	1.41950494724	0.49918209037	0	1510671475.1711967	58.9352517986	0.553991596639
255.5	0.168749957813	1.61012422133	0.385689383373	0	1510671475.9360316	59.1907514451	0.549243697479
255.5	0.168749957813	1.57719867977	0.418943499823	0	1510671476.702524	59.3623188406	0.521848739496
255.0	0.168749957813	1.50648761713	0.395515518315	0	1510671477.1757853	59.3623188406	0.521848739496
255.0	0.168749957813	1.46220761166	0.379014335977	0	1510671477.9464912	59.3623188406	0.521848739496
255.0	0.168749957813	1.38676098128	0.325622763019	0	1510671478.710468	59.5348837209	0.517478991597
255.0	0.168749957813	1.1094697783	0.510778470218	0	1510671479.1762662	59.5348837209	0.523361344538
255.0	0.168749957813	1.27029428437	0.286307285523	0	1510671479.9358728	59.5348837209	0.517478991597
254.5	0.168749957813	1.16971318183	0.266735397954	0	1510671480.7022064	59.8830409357	0.514621848739
254.5	0.168749957813	1.10012734936	0.333941613731	0	1510671481.170806	59.5348837209	0.511596638655
254.5	0.168749957813	1.1652230697	0.254597616502	0	1510671481.9266903	59.5348837209	0.511596638655
254.5	0.166666625	1.12549371223	0.266305676233	0	1510671482.6917646	59.5348837209	0.511596638655
254.5	0.168749957813	0.828869094777	0.486451407022	0	1510671483.1737988	59.3623188406	0.521848739496
254.5	0.168749957813	1.06945251375	0.27731980734	0	1510671483.9397185	59.3623188406	0.521848739496
254.5	0.168749957813	1.08776610168	0.276010864531	0	1510671484.7095757	59.3623188406	0.521848739496
254.0	0.168749957813	1.03435098191	0.350981306906	0	1510671485.1775181	59.5348837209	0.517478991597
254.0	0.168749957813	1.117772381	0.248162055027	0	1510671485.9432821	59.5348837209	0.511596638655
254.0	0.168749957813	1.05275511316	0.23417173499	0	1510671486.711322	59.8830409357	0.514621848739
254.0	0.168749957813	1.02489720276	0.279588135137	0	1510671487.1798663	60.2352941176	0.529411764706
254.0	0.166666625	1.08057385985	0.208675440058	0	1510671487.9390209	59.8830409357	0.508739495798
254.0	0.168749957813	1.06641601485	0.261189835779	0	1510671488.7018201	59.3623188406	0.521848739496
254.0	0.168749957813	0.632502065818	0.497187222103	0	1510671489.173785	59.5348837209	0.517478991597
253.5	0.168749957813	1.04003252523	0.241052428848	0	1510671489.9434125	59.5348837209	0.511596638655
253.5	0.166666625	1.09384637602	0.242668033279	0	1510671490.70767	59.5348837209	0.511596638655
253.5	0.168749957813	1.03225995189	0.301353947491	0	1510671491.175638	59.8830409357	0.520504201681
253.5	0.168749957813	1.02107035158	0.219359836535	0	1510671491.9394302	59.8830409357	0.508739495798
253.5	0.168749957813	1.00481076765	0.214828627279	0	1510671492.698259	59.8830409357	0.514621848739
253.0	0.166666625	0.915839575469	0.308025006423	0	1510671493.1813822	59.8830409357	0.514621848739
253.0	0.168749957813	1.00189906943	0.228285471118	0	1510671493.9592104	59.8830409357	0.514621848739
253.0	0.168749957813	0.910051738698	0.193317163868	0	1510671494.720059	59.8830409357	0.514621848739
253.0	0.168749957813	0.942961261694	0.210650902523	0	1510671495.1739886	59.8830409357	0.508739495798
253.0	0.168749957813	0.936760995124	0.198899976079	0	1510671495.940993	59.8830409357	0.514621848739
253.0	0.170833290625	0.891353674199	0.221129512237	0	1510671496.7087286	60.2352941176	0.558823529412
252.5	0.166666625	0.633928155535	0.387907958706	0	1510671497.167746	59.8830409357	0.514621848739
252.5	0.168749957813	0.961645934452	0.189038072057	0	1510671497.9335938	59.8830409357	0.508739495798
252.5	0.166666625	0.906285643493	0.236597128958	0	1510671498.6864321	60.2352941176	0.558823529412
252.5	0.166666625	0.73639804965	0.330977972067	0	1510671499.1710682	60.5917159763	0.544415584416
252.5	0.170833290625	0.859125827784	0.220482196642	0	1510671499.9379575	60.2352941176	0.558823529412
252.0	0.272916598438	0.273459721348	0.151390180164	0	1510671500.7681382	59.1907514451	0.554957983193
252.0	0.172916623438	0.0477122804876	0.195580636343	0	1510671501.1841564	59.3623188406	0.543487394958
252.0	0.168749957813	0.977591009046	0.213912923091	0	1510671501.943671	58.5142857143	0.514285714286
252.0	0.168749957813	0.950099481254	0.20591855227	0	1510671502.7069097	58.5142857143	0.514285714286
252.0	0.168749957813	0.763805650973	0.336306791879	0	1510671503.1686704	58.9352517986	0.546661998133
252.0	0.172916623438	0.883993376441	0.197925895447	0	1510671503.9426363	58.9352517986	0.539495798319
252.0	0.172916623438	0.865743211355	0.231297908031	0	1510671504.711533	58.8505747126	0.557478991597
251.5	0.168749957813	0.753225870233	0.331729565978	0	1510671505.1715724	59.1907514451	0.554957983193
251.5	0.166666625	0.87757314243	0.245007640907	0	1510671505.949916	58.9352517986	0.525210084034
251.5	0.168749957813	0.711096724755	0.357836240306	0	1510671506.7537622	59.1907514451	0.554957983193
251.0	0.168749957813	0.835018262402	0.280162457429	0	1510671507.1732938	59.3623188406	0.521848739496
250.5	0.170833290625	0.869214993052	0.207592930862	0	1510671507.940965	59.1907514451	0.549243697479
250.0	0.168749957813	0.890694365251	0.191060140732	0	1510671508.710643	58.5142857143	0.514285714286
250.0	0.168749957813	0.837284570293	0.209741482937	0	1510671509.1675675	58.5142857143	0.514285714286
249.5	0.172916623438	0.870815933499	0.206439675941	0	1510671509.932777	58.5142857143	0.542857142857
249.0	0.172916623438	0.852522578892	0.232962592889	0	1510671510.7027802	59.1907514451	0.560672268908
249.0	0.168749957813	0.790879313505	0.289965341289	0	1510671511.1717436	59.1907514451	0.554957983193
248.5	0.172916623438	0.830510774505	0.217942335277	0	1510671511.9363303	59.1907514451	0.560672268908
248.0	0.168749957813	0.798154105662	0.198094396052	0	1510671512.7072918	59.1907514451	0.554957983193
247.5	0.168749957813	0.794897036273	0.228791490159	0	1510671513.1753337	58.8505747126	0.546050420168
247.0	0.168749957813	0.789831177095	0.192090361027	0	1510671513.9429038	59.1907514451	0.549243697479
246.5	0.168749957813	0.79699610652	0.203710075441	0	1510671514.709726	59.5348837209	0.55243697479
246.5	0.168749957813	0.632847952047	0.35214664259	0	1510671515.1785164	59.1907514451	0.549243697479
246.0	0.168749957813	0.81069814913	0.203814212895	0	1510671515.9446385	59.3623188406	0.521848739496
245.5	0.166666625	0.823628803257	0.204000436453	0	1510671516.714422	59.5348837209	0.517478991597
245.0	0.168749957813	0.534094267296	0.342988394722	0	1510671517.1706524	59.3623188406	0.521848739496
245.0	0.168749957813	0.80655974814	0.190429482953	0	1510671517.9392662	59.795620438	0.518277310924
244.5	0.168749957813	0.745737124366	0.199988428066	0	1510671518.7061195	59.3623188406	0.521848739496
244.0	0.166666625	0.695203864	0.292594606249	0	1510671519.1744573	59.5348837209	0.517478991597
243.5	0.168749957813	0.765873949425	0.161351537272	0	1510671519.933247	59.5348837209	0.511596638655
243.5	0.166666625	0.823064575414	0.185240143706	0	1510671520.6981337	59.5348837209	0.511596638655
243.0	0.168749957813	0.778590544495	0.187480231687	0	1510671521.1920276	59.8830409357	0.514621848739
242.5	0.166666625	0.736482114213	0.202323937297	0	1510671521.982508	59.5348837209	0.511596638655
242.0	0.166666625	0.783623600438	0.166652853972	0	1510671522.7609456	59.8830409357	0.514621848739
242.0	0.168749957813	0.725897875378	0.164947912671	0	1510671523.171757	59.8830409357	0.514621848739
241.5	0.166666625	0.786626147429	0.179927582935	0	1510671523.9386363	59.8830409357	0.514621848739
241.0	0.168749957813	0.770408205442	0.158395870655	0	1510671524.7052083	59.8830409357	0.508739495798
240.5	0.168749957813	0.682061232993	0.244060183608	0	1510671525.1743445	59.8830409357	0.520504201681
240.0	0.168749957813	0.686895140327	0.170064861054	0	1510671525.9320314	59.5348837209	0.517478991597
239.5	0.168749957813	0.694601678201	0.185147385762	0	1510671526.6971235	59.3623188406	0.521848739496
239.5	0.168749957813	0.550259879485	0.287225007473	0	1510671527.1781418	59.1907514451	0.554957983193
239.0	0.166666625	0.6777334488	0.182502382593	0	1510671527.936114	58.9352517986	0.525210084034
238.5	0.168749957813	0.714188914736	0.174460022894	0	1510671528.700928	59.1907514451	0.549243697479
238.0	0.168749957813	0.641277018246	0.223289483619	0	1510671529.1719296	59.3623188406	0.521848739496
238.0	0.168749957813	0.736191833212	0.180664564275	0	1510671529.9387197	59.5348837209	0.55243697479
237.5	0.172916623438	0.67484121629	0.178025183646	0	1510671530.70574	59.1907514451	0.554957983193
237.0	0.168749957813	0.521275800343	0.302048381397	0	1510671531.1736631	58.9352517986	0.518067226891
236.5	0.168749957813	0.721237339545	0.155433992145	0	1510671531.9385862	59.3623188406	0.507142857143
236.0	0.168749957813	0.668515822401	0.179259406775	0	1510671532.7112653	59.3623188406	0.521848739496
236.0	0.168749957813	0.513307513756	0.30179238958	0	1510671533.1783562	59.1907514451	0.549243697479
235.5	0.168749957813	0.684339129853	0.190963994111	0	1510671533.9702654	58.8505747126	0.551764705882
235.0	0.168749957813	0.493936883272	0.288561024432	0	1510671534.7600374	59.1907514451	0.549243697479
234.5	0.168749957813	0.624178587917	0.196273601572	0	1510671535.18301	59.1907514451	0.554957983193
234.5	0.168749957813	0.691500963811	0.176172983171	0	1510671535.9549863	58.8505747126	0.551764705882
234.0	0.168749957813	0.670331123545	0.150825541663	0	1510671536.7297034	59.5348837209	0.546554621849
233.5	0.166666625	0.5826396916	0.230135794797	0	1510671537.1736214	59.3623188406	0.528991596639
233.0	0.168749957813	0.647592161989	0.168590760267	0	1510671537.942497	59.3623188406	0.521848739496
232.5	0.168749957813	0.648948362559	0.165968404042	0	1510671538.7095077	59.3623188406	0.521848739496
232.5	0.168749957813	0.640802546352	0.168377321826	0	1510671539.1764176	59.3623188406	0.521848739496
232.0	0.168749957813	0.656907056668	0.175125113769	0	1510671539.9390125	59.3623188406	0.521848739496
231.5	0.168749957813	0.657441831328	0.152921223352	0	1510671540.7037303	59.1907514451	0.543361344538
231.0	0.166666625	0.625951818505	0.177578034081	0	1510671541.1719549	59.1907514451	0.554957983193
230.5	0.168749957813	0.0606407040842	0.337537560987	0	1510671541.9514642	58.8505747126	0.546050420168
230.0	0.172916623438	0.632722931055	0.154869278989	0	1510671542.7318757	58.9352517986	0.554014939309
230.0	0.168749957813	0.610760149192	0.194301872992	0	1510671543.1705894	58.5142857143	0.514285714286
229.5	0.172916623438	0.584813779367	0.2019566302	0	1510671543.9437034	58.9352517986	0.546848739496
