
#$Filter:1
#$	0	1	 1
#$	1	op06	0.251188643150958
#$	2	op09*op09	0.015848931924611138
#$	3	op18*op18*op18	3.9810717055349725e-06
#$	4	ns12	1e-7
#$	5	0	 1e-22
#$POWER:19.0, mW
#$WAVELENGTH:1064,nm
#$OBJECT:cSi_ang, bscat	=	=	=	=	=
angle	ref	signal	signal_std	filter	Time	freq	duty_cycle
0.0	0.0953125	0.000234056122449	0.00216971021843	0	1512219563.6474998	53.8947368421	0.460526315789
360.0	0.09375	0.000116143751315	0.00167466905795	0	1512219564.067523	55.956284153	0.42476082894
359.5	0.09375	0.000116143751315	0.00167466905795	0	1512219564.8306463	55.956284153	0.42476082894
359.0	0.09375	3.46249124212e-05	0.00227421985259	0	1512219565.6574643	55.652173913	0.432031905387
359.0	0.0953125	4.90944240944e-05	0.00222342973984	0	1512219566.0642838	53.8947368421	0.454102381734
358.5	0.0953125	4.90944240944e-05	0.00222342973984	0	1512219566.8351197	53.8947368421	0.454102381734
358.0	0.0953125	8.02712912088e-05	0.00197640298021	0	1512219567.6571503	54.2516556291	0.456778640989
357.5	0.0953125	0.000103674152876	0.00219772486249	0	1512219568.0661385	53.8947368421	0.453860591361
357.5	0.09375	0.000149620836638	0.00118200734655	0	1512219568.8295612	56.2637362637	0.435087719298
356.5	0.0953125	0.00172746598639	0.00124757352473	0	1512219569.6440306	53.8947368421	0.460512638144
356.5	0.0953125	0.00172746598639	0.00124757352473	0	1512219570.065807	53.8947368421	0.460512638144
356.0	0.0921875	0.00234303142565	0.00154650749188	0	1512219570.8243837	55.956284153	0.432926239548
355.5	0.096875	0.00231403450153	0.00139646197261	0	1512219571.6496274	53.8947368421	0.460166137798
355.0	0.0921875	0.00282394688645	0.00146611693012	0	1512219572.0623155	53.8947368421	0.453860591361
354.5	0.0921875	0.00282394688645	0.00146611693012	0	1512219572.815086	53.8947368421	0.453860591361
354.0	0.09375	0.00258114134829	0.00223289265741	0	1512219573.651871	54.1798941799	0.449741644478
354.0	0.09375	0.000931064356436	0.00191066623555	0	1512219574.0629106	53.8947368421	0.453933690776
353.5	0.09375	0.00298917079208	0.00221432647017	0	1512219574.8156946	53.8947368421	0.453933690776
353.0	0.0953125	0.00252074752378	0.00186122846141	0	1512219575.6546445	54.2516556291	0.456792318634
352.5	0.0953125	0.00274191638412	0.00171045631192	0	1512219576.067757	53.8947368421	0.460498960499
352.5	0.0953125	0.00274191638412	0.00171045631192	0	1512219576.8133023	53.8947368421	0.460498960499
352.0	0.09375	0.00323588502619	0.00166536973928	0	1512219577.645289	54.2516556291	0.443180985864
351.5	0.0953125	0.00301721256684	0.00194564828109	0	1512219578.0691633	53.8947368421	0.460301394512
351.0	0.0953125	0.00301721256684	0.00194564828109	0	1512219578.8160927	53.8947368421	0.460301394512
350.5	0.09375	0.00383899676375	0.00222611489636	0	1512219579.6492329	53.5424836601	0.47012802276
350.5	0.0953125	0.00327840794895	0.00173391655146	0	1512219580.0618439	54.2516556291	0.449645748988
350.0	0.0953125	0.00327840794895	0.00173391655146	0	1512219580.8167377	54.2516556291	0.449645748988
349.5	0.09375	0.00348124367409	0.00161708633163	0	1512219581.6535625	54.4680851064	0.457009697038
349.0	0.0921875	0.00306238114303	0.00225190764037	0	1512219582.063817	54.2516556291	0.455141876232
349.0	0.0921875	0.00306238114303	0.00225190764037	0	1512219582.8215005	54.2516556291	0.455141876232
348.0	0.096875	0.00329341164454	0.00167256500186	0	1512219583.6423433	54.6133333333	0.446614630825
348.0	0.0953125	0.000666666666667	0.00275603032004	0	1512219584.0680885	55.3513513514	0.44226681109
347.5	0.0953125	0.00396818181818	0.00239476969143	0	1512219584.822151	55.3513513514	0.44226681109
347.0	0.0953125	0.0035882979778	0.00217372308999	0	1512219585.648292	53.5424836601	0.457307509939
346.5	0.09375	0.00332152061856	0.00169942544705	0	1512219586.0659952	55.652173913	0.431896952621
346.0	0.09375	0.00407045936931	0.00191092431793	0	1512219586.8111959	55.652173913	0.431896952621
345.5	0.0953125	0.00336589805825	0.00230871845859	0	1512219587.650843	54.2516556291	0.449892337392
345.5	0.09375	0.00325634282178	0.00114457617522	0	1512219588.059636	55.3513513514	0.452505060729
345.0	0.09375	0.00375538366337	0.00117678432223	0	1512219588.8145974	55.3513513514	0.452505060729
344.5	0.0953125	0.00418748711473	0.00128340357321	0	1512219589.6567075	54.6133333333	0.444977866068
344.0	0.0953125	0.000793548027359	0.00294013952084	0	1512219590.063422	54.6133333333	0.439956439956
344.0	0.0953125	0.00425852498017	0.00238438629126	0	1512219590.8174493	54.6133333333	0.439956439956
343.5	0.0953125	0.00388288288288	0.00210519776717	0	1512219591.646154	57.2867132867	0.413589417091
343.0	0.0921875	0.000156378178835	0.00236979464199	0	1512219592.066108	57.2067039106	0.403001092475
342.5	0.0921875	0.00354619565217	0.00177701082053	0	1512219592.813244	57.2067039106	0.403001092475
342.5	0.09375	0.00375200320513	0.00210128920295	0	1512219593.650064	54.2516556291	0.455141876232
342.0	0.09375	0.00305123001998	0.00207729484034	0	1512219594.061932	53.5424836601	0.457644891855
341.5	0.09375	0.00375711788212	0.00156778555957	0	1512219594.8150434	53.5424836601	0.457644891855
341.0	0.0953125	0.00424087554846	0.00213604933418	0	1512219595.6528206	53.8947368421	0.460512638144
341.0	0.09375	0.0026634142321	0.00234016242267	0	1512219596.060453	54.2516556291	0.455496844487
340.5	0.09375	0.00372628829377	0.0018387777156	0	1512219596.812334	54.2516556291	0.455496844487
340.0	0.0953125	0.00437968949553	0.00167196103452	0	1512219597.6425962	55.3513513514	0.43236024486
339.5	0.0953125	0.00324997393661	0.00234878075787	0	1512219598.0661957	53.5424836601	0.457425493529
339.0	0.0953125	0.00454395590075	0.00192626153974	0	1512219598.8243186	53.5424836601	0.457425493529
338.5	0.09375	0.00490207672875	0.00190155055161	0	1512219599.6433034	56.2637362637	0.433324026246
338.5	0.096875	0.00272295106132	0.00306277748696	0	1512219600.0648353	53.5424836601	0.464055148266
338.0	0.096875	0.0049025894261	0.00126244321188	0	1512219600.8140304	53.5424836601	0.464055148266
337.5	0.09375	0.00544852022977	0.00221507102175	0	1512219601.6478894	53.5424836601	0.457489878543
337.0	0.0953125	0.00500692945447	0.00150461075892	0	1512219602.0625827	54.2516556291	0.450334950335
336.5	0.0953125	0.00489286940738	0.00196559214417	0	1512219602.8187375	54.2516556291	0.450334950335
336.0	0.09375	0.00466904328479	0.00153402879948	0	1512219603.653571	56.8888888889	0.423095970464
336.0	0.0953125	0.00465712954791	0.0021964299305	0	1512219604.066243	53.8947368421	0.454071834993
335.5	0.0953125	0.00465712954791	0.0021964299305	0	1512219604.8251073	53.8947368421	0.454071834993
335.0	0.0953125	0.00658286830357	0.00100866820605	0	1512219605.6462135	56.2637362637	0.421743443849
334.5	0.09375	0.0149875239439	0.0020035707411	0	1512219606.0672565	53.8947368421	0.459698525159
334.0	0.09375	0.0149875239439	0.0020035707411	0	1512219606.8138087	53.8947368421	0.459698525159

#$Filter:1
#$	0	1	 1
#$	1	op06	0.251188643150958
#$	2	op09*op09	0.015848931924611138
#$	3	op18*op18*op18	3.9810717055349725e-06
#$	4	ns12	1e-7
#$	5	0	 1e-22
#$POWER:19.0, mW
#$WAVELENGTH:1064,nm
#$OBJECT:cSi_ang, bscat	=	=	=	=	=
angle	ref	signal	signal_std	filter	Time	freq	duty_cycle
334.0	0.09375	0.0211658163265	0.00147765384456	0	1512219611.7363045	53.8947368421	0.460301394512
333.5	0.09375	0.026837585034	0.0024215731333	0	1512219612.2292793	53.8947368421	0.460301394512
333.5	0.0984375	0.0377942004505	0.00165627680081	0	1512219612.9824092	54.9798657718	0.428369781001

#$Filter:1
#$	0	1	 1
#$	1	op06	0.251188643150958
#$	2	op09*op09	0.015848931924611138
#$	3	op18*op18*op18	3.9810717055349725e-06
#$	4	ns12	1e-7
#$	5	0	 1e-22
#$POWER:19.0, mW
#$WAVELENGTH:1064,nm
#$OBJECT:cSi_ang, bscat	=	=	=	=	=
angle	ref	signal	signal_std	filter	Time	freq	duty_cycle
333.0	0.096875	0.160472505225	0.00283787100792	0	1512219627.7599356	53.5424836601	0.449076421637
333.0	0.096875	0.160472505225	0.00283787100792	0	1512219628.252506	53.5424836601	0.449076421637

#$Filter:op09*op09
#$	0	1	 1
#$	1	op06	0.251188643150958
#$	2	op09*op09	0.015848931924611138
#$	3	op18*op18*op18	3.9810717055349725e-06
#$	4	ns12	1e-7
#$	5	0	 1e-22
#$POWER:19.0, mW
#$WAVELENGTH:1064,nm
#$OBJECT:cSi_ang, bscat	=	=	=	=	=
angle	ref	signal	signal_std	filter	Time	freq	duty_cycle
332.5	0.096875	0.425798862721	0.00577605476603	2	1512219643.1604593	54.2516556291	0.45675888439
332.5	0.096875	0.522304722305	0.00485698824402	2	1512219643.92352	53.1948051948	0.461201079622

#$Filter:op09*op09
#$	0	1	 1
#$	1	op06	0.251188643150958
#$	2	op09*op09	0.015848931924611138
#$	3	op18*op18*op18	3.9810717055349725e-06
#$	4	ns12	1e-7
#$	5	0	 1e-22
#$POWER:19.0, mW
#$WAVELENGTH:1064,nm
#$OBJECT:cSi_ang, bscat	=	=	=	=	=
angle	ref	signal	signal_std	filter	Time	freq	duty_cycle
332.0	0.0953125	0.643368055556	0.009464847243	2	1512219660.1940432	53.5424836601	0.457644891855
332.0	0.096875	0.436647727273	0.00512008571977	2	1512219660.949595	53.8947368421	0.453891138102
332.0	0.096875	0.436647727273	0.00512008571977	2	1512219661.6938183	53.8947368421	0.453891138102
331.5	0.09375	0.0114383012821	0.00219430983676	2	1512219662.193434	55.0537634409	0.432280701754
331.5	0.09375	0.0117225796569	0.0020904419737	2	1512219662.951681	55.956284153	0.425933423302

#$Filter:1
#$	0	1	 1
#$	1	op06	0.251188643150958
#$	2	op09*op09	0.015848931924611138
#$	3	op18*op18*op18	3.9810717055349725e-06
#$	4	ns12	1e-7
#$	5	0	 1e-22
#$POWER:19.0, mW
#$WAVELENGTH:1064,nm
#$OBJECT:cSi_ang, bscat	=	=	=	=	=
angle	ref	signal	signal_std	filter	Time	freq	duty_cycle
331.5	0.096875	0.115697662923	0.00311321101724	0	1512219697.6511025	54.2516556291	0.449922884133
331.0	0.0953125	0.0855980282738	0.00239809675692	0	1512219698.6502738	55.7278911565	0.433969066709
331.0	0.1	0.0505727703652	0.00334158258511	0	1512219699.6489525	53.5424836601	0.450472334683
331.0	0.0953125	0.040965588788	0.00148634086334	0	1512219700.6470358	53.8947368421	0.447143499775
330.5	0.0921875	0.0275470116069	0.00204720684127	0	1512219701.6529164	53.5424836601	0.462972334683
330.5	0.0953125	0.0178301194453	0.001715122857	0	1512219702.6554065	53.8947368421	0.453353834604
330.5	0.0953125	0.0143979388298	0.00329576403082	0	1512219703.6546466	53.0569948187	0.432541081711
330.0	0.0984375	0.0178716655823	0.00129683966944	0	1512219704.649463	53.5424836601	0.437039379295

#$Filter:1
#$	0	1	 1
#$	1	op06	0.251188643150958
#$	2	op09*op09	0.015848931924611138
#$	3	op18*op18*op18	3.9810717055349725e-06
#$	4	ns12	1e-7
#$	5	0	 1e-22
#$POWER:19.0, mW
#$WAVELENGTH:1064,nm
#$OBJECT:cSi_ang, bscat	=	=	=	=	=
angle	ref	signal	signal_std	filter	Time	freq	duty_cycle
330.0	0.09375	0.0174904203869	0.00131860851555	0	1512219711.1584249	56.2637362637	0.428421052632
330.0	0.09375	0.00828571428571	0.00176757512757	0	1512219711.9189725	56.2637362637	0.425832413201
329.5	0.0953125	0.00767910289116	0.00124646853581	0	1512219712.6732097	53.8947368421	0.435006591958
329.5	0.09375	0.00699697457108	0.00207286749035	0	1512219713.158098	55.3513513514	0.434000038586
329.5	0.09375	0.00699697457108	0.00207286749035	0	1512219713.9209797	55.3513513514	0.434000038586
329.5	0.0984375	0.00678154434851	0.00185703922268	0	1512219714.684831	54.2516556291	0.450318081239
329.0	0.09375	0.00661810587762	0.00220260395842	0	1512219715.151849	54.2516556291	0.45401503466
328.5	0.0984375	0.00606030198777	0.00129958092871	0	1512219715.9045959	53.8947368421	0.447315078236
328.5	0.0984375	0.00606030198777	0.00129958092871	0	1512219716.6605928	53.8947368421	0.447315078236
328.0	0.0953125	0.00518125	0.00218268219457	0	1512219717.152535	54.9798657718	0.458676486116
328.0	0.0953125	0.00518125	0.00218268219457	0	1512219717.9072125	54.9798657718	0.458676486116
327.5	0.09375	0.00478174603175	0.00228823746809	0	1512219718.6519377	58.8505747126	0.412093535542
327.0	0.09375	0.00370206823671	0.00179277046722	0	1512219719.1581118	54.2516556291	0.463713207134
327.0	0.09375	0.00370206823671	0.00179277046722	0	1512219719.9168212	54.2516556291	0.463713207134
326.5	0.09375	0.00391149561448	0.0017992801488	0	1512219720.6810143	54.2516556291	0.450546193967
326.0	0.0921875	0.00441254428138	0.00186030134313	0	1512219721.1515243	57.2067039106	0.427948587685
325.5	0.0921875	0.00441254428138	0.00186030134313	0	1512219721.945571	57.2067039106	0.427948587685
325.0	0.09375	0.00364863146113	0.00151638024214	0	1512219722.7007139	53.8947368421	0.453933690776
324.5	0.0921875	0.00349764256014	0.00172176545617	0	1512219723.1516724	54.6133333333	0.452119883041
324.0	0.0921875	0.00349764256014	0.00172176545617	0	1512219723.9061732	54.6133333333	0.452119883041
323.5	0.0984375	0.00319067651099	0.00170614680902	0	1512219724.651364	53.5424836601	0.457489878543
323.0	0.0953125	0.00344812252964	0.00137528929656	0	1512219725.153332	52.8516129032	0.470985155196
322.5	0.0953125	0.00427414313033	0.00165527485934	0	1512219725.905199	51.5220125786	0.4706791016
322.0	0.096875	0.0031876671123	0.00117965212826	0	1512219726.6508029	52.8516129032	0.458285917496
321.5	0.096875	0.00353026132134	0.0015283623368	0	1512219727.1560616	55.652173913	0.399220397994
321.0	0.096875	0.00353026132134	0.0015283623368	0	1512219727.9158096	55.652173913	0.399220397994
320.0	0.0953125	0.00336493469122	0.00161512313098	0	1512219728.6748927	51.5220125786	0.458791208791
320.0	0.0953125	0.00334666725601	0.00180276692889	0	1512219729.1587658	52.8516129032	0.451754385965
319.0	0.0953125	0.00334666725601	0.00180276692889	0	1512219729.9094126	52.8516129032	0.451754385965
318.5	0.096875	0.00289904034469	0.00118934384511	0	1512219730.6614027	52.5128205128	0.461842105263
318.5	0.096875	0.00307739110799	0.0023073724551	0	1512219731.151202	53.1948051948	0.453716216216
317.5	0.096875	0.00307739110799	0.0023073724551	0	1512219731.90733	53.1948051948	0.453716216216
317.0	0.096875	0.00298362638206	0.00222145365025	0	1512219732.6662076	53.5424836601	0.441162237253
316.5	0.0953125	0.00234772693378	0.00187693532703	0	1512219733.1541662	52.8516129032	0.451495726496
316.0	0.0953125	0.00234772693378	0.00187693532703	0	1512219733.9119182	52.8516129032	0.451495726496
315.5	0.096875	0.00297887864823	0.00211802744303	0	1512219734.6708338	53.1948051948	0.454591585513
315.0	0.0953125	0.00270991161616	0.00157351058814	0	1512219735.1549187	53.1948051948	0.453436181918
314.5	0.0953125	0.00270991161616	0.00157351058814	0	1512219735.9173942	53.1948051948	0.453436181918
314.0	0.0984375	0.00294219924812	0.00178870285631	0	1512219736.6766286	51.8481012658	0.461827646038
313.5	0.0953125	0.00331084280303	0.00204435822191	0	1512219737.1518362	54.4680851064	0.430399022504
312.5	0.0953125	0.0023934082128	0.00182546466677	0	1512219737.9101353	52.8516129032	0.457734000417
312.0	0.096875	0.00248214285714	0.00194104669528	0	1512219738.681207	53.3333333333	0.462807017544
312.0	0.0953125	0.00253811896135	0.00134055054301	0	1512219739.1494353	53.8947368421	0.453353834604
311.0	0.0953125	0.00253811896135	0.00134055054301	0	1512219739.910972	53.8947368421	0.453353834604
310.5	0.096875	0.00260280521783	0.0012384391042	0	1512219740.6700983	53.1948051948	0.453825993219
310.0	0.096875	0.00260280521783	0.0012384391042	0	1512219741.1508813	53.1948051948	0.453825993219
309.5	0.096875	0.00260280521783	0.0012384391042	0	1512219741.9389305	53.1948051948	0.453825993219
308.0	0.0953125	0.00240796148542	0.00131533032474	0	1512219742.6933744	52.178343949	0.471305668016
308.0	0.0953125	0.0019237277668	0.00204808159721	0	1512219743.156455	53.1948051948	0.460672210672
307.0	0.0953125	0.0019237277668	0.00204808159721	0	1512219743.9106193	53.1948051948	0.460672210672
306.5	0.0953125	0.00234702542702	0.00205150670877	0	1512219744.6634784	52.5128205128	0.461690283401
306.0	0.0953125	0.00222782874618	0.00117740592925	0	1512219745.157109	53.1948051948	0.454760276471
305.0	0.0953125	0.00222782874618	0.00117740592925	0	1512219745.9063027	53.1948051948	0.454760276471
304.0	0.0953125	0.00180253848064	0.00158527378421	0	1512219746.661812	56.8888888889	0.41541136278
303.5	0.0953125	0.00181008545712	0.00218213589278	0	1512219747.1530356	52.5128205128	0.448701079622
302.5	0.0953125	0.00181008545712	0.00218213589278	0	1512219747.9069085	52.5128205128	0.448701079622
301.5	0.0953125	0.00185505050505	0.00227025604283	0	1512219748.6655424	53.8947368421	0.445247561847
300.5	0.0953125	0.00149469866071	0.00144164405629	0	1512219749.1555002	53.5424836601	0.450888135099
300.0	0.09375	0.00144318066545	0.00196389550393	0	1512219749.9086382	56.8888888889	0.407509157509
299.0	0.09375	0.00144318066545	0.00196389550393	0	1512219750.6572945	56.8888888889	0.407509157509
298.0	0.0953125	0.00120729352347	0.00187538042405	0	1512219751.1640851	54.1798941799	0.442988806859
297.0	0.0953125	0.000434815335207	0.00211452896435	0	1512219751.9153938	55.956284153	0.409375361481
296.0	0.0953125	0.00129823615014	0.00160035073273	0	1512219752.6701958	55.956284153	0.409375361481
295.5	0.09375	0.00141497150157	0.00138252495735	0	1512219753.15219	56.2637362637	0.416104363473
294.5	0.09375	0.00141497150157	0.00138252495735	0	1512219753.906042	56.2637362637	0.416104363473
293.5	0.0953125	0.000705594737895	0.00186643253203	0	1512219754.6589775	53.8947368421	0.441451046188
292.5	0.0953125	0.000887920673077	0.00181344044804	0	1512219755.1528747	53.1948051948	0.454622132254
292.0	0.0953125	0.000887920673077	0.00181344044804	0	1512219755.9083993	53.1948051948	0.454622132254
291.0	0.0953125	0.000980189732143	0.00171771085518	0	1512219756.6666846	56.2637362637	0.422816892137
290.0	0.0953125	0.000755456349206	0.00185776868705	0	1512219757.1542823	57.2067039106	0.396065241065
289.0	0.0953125	0.000755456349206	0.00185776868705	0	1512219757.9063392	57.2067039106	0.396065241065
288.0	0.0953125	0.000622600525359	0.00106848249604	0	1512219758.6553664	53.5424836601	0.450391927285
287.5	0.0921875	0.000820403767523	0.00212077509932	0	1512219759.159066	56.5745856354	0.41853351327
286.5	0.0953125	0.000768123734818	0.00170634610675	0	1512219759.9181259	54.7593582888	0.426609579411
285.5	0.09375	0.000801656920078	0.00171376435833	0	1512219760.67656	53.3333333333	0.468680016048
285.0	0.096875	0.000684333839919	0.00177402922896	0	1512219761.1527095	53.1948051948	0.441632928475
284.0	0.096875	0.000684333839919	0.00177402922896	0	1512219761.9026484	53.1948051948	0.441632928475
283.0	0.09375	0.000791098641924	0.00210112644349	0	1512219762.6607206	53.1948051948	0.446934350416
282.5	0.0921875	0.000480110867446	0.00221549629265	0	1512219763.1507251	53.1948051948	0.467611336032
281.5	0.0921875	0.000392511195483	0.00126615469775	0	1512219763.912565	51.8481012658	0.467740796535
280.5	0.09375	0.000550408901184	0.00104738643743	0	1512219764.6683025	54.4680851064	0.445296499166
280.0	0.09375	0.000598821830712	0.00107942327706	0	1512219765.1562457	53.1948051948	0.454608454608
278.5	0.09375	0.000598821830712	0.00107942327706	0	1512219765.914237	53.1948051948	0.454608454608
277.5	0.09375	5.31615661566e-05	0.00187504782614	0	1512219766.6709569	55.3513513514	0.440670265407
277.0	0.0921875	3.18213868897e-05	0.00181698746056	0	1512219767.1567845	53.1948051948	0.467420532881
276.0	0.0953125	0.000350904882155	0.00172659741209	0	1512219767.9059336	53.8947368421	0.447523434366
