
#$Filter:1
#$	0	1	 1
#$	1	op06	0.251188643150958
#$	2	op09*op09	0.015848931924611138
#$	3	op18*op18*op18	3.9810717055349725e-06
#$	4	ns12	1e-7
#$	5	0	 1e-22
#$POWER:19.4, mW
#$WAVELENGTH:1064,nm
#$OBJECT:SiNW4.6mkm_ang, bscat	=	=	=	=	=
angle	ref	signal	signal_std	filter	Time	freq	duty_cycle
0.5	0.09375	0.00018864480198	0.00230465519045	0	1512215708.8480844	55.652173913	0.456590801328
0.5	0.09375	6.76081730769e-06	0.00183140404653	0	1512215709.2519574	55.7278911565	0.455857549279
0.0	0.09375	0.000193058894231	0.00166108468218	0	1512215710.009648	55.7278911565	0.455857549279
360.0	0.096875	0.000135345873786	0.00166767952677	0	1512215710.8554955	55.7278911565	0.46265015015
359.5	0.096875	0.000148358585859	0.00186122846141	0	1512215711.2575681	55.7278911565	0.448948948949
359.0	0.096875	0.000148358585859	0.00186122846141	0	1512215712.0146563	55.7278911565	0.448948948949
358.5	0.0953125	9.97953869048e-05	0.00227400709011	0	1512215712.8554845	55.3513513514	0.459795321637
358.0	0.0953125	9.97953869048e-05	0.00227400709011	0	1512215713.2551699	55.3513513514	0.459795321637
357.5	0.096875	0.00139368622449	0.00234164697315	0	1512215714.0020728	56.1095890411	0.450712024241
357.0	0.0984375	0.0133104975728	0.00184885210501	0	1512215714.8602085	55.7278911565	0.46265015015
356.5	0.09375	0.0143969681984	0.00230749175264	0	1512215715.2568367	58.5142857143	0.426180097148
356.0	0.09375	0.0133930137845	0.00201611195373	0	1512215716.007956	58.1818181818	0.433422586673
355.5	0.0984375	0.0136912247475	0.00112307126332	0	1512215716.8527367	55.3513513514	0.445945945946
355.0	0.0984375	0.0136912247475	0.00112307126332	0	1512215717.254906	55.3513513514	0.445945945946
354.5	0.09375	0.0131747237224	0.00177684648149	0	1512215718.0157304	56.2637362637	0.449920508744
354.0	0.09375	0.013526980198	0.00173782605449	0	1512215718.856441	56.2637362637	0.461068888437
354.0	0.09375	0.0134366921853	0.00177010365851	0	1512215719.2551985	55.3513513514	0.452682946104
353.5	0.0953125	0.0138228998282	0.0021346319245	0	1512215720.0132453	55.3513513514	0.454022443496
352.5	0.0953125	0.0151327254306	0.00245903692971	0	1512215720.8702788	57.8531073446	0.424698909436
352.5	0.0953125	0.0151327254306	0.00245903692971	0	1512215721.2712362	57.8531073446	0.424698909436
352.0	0.0953125	0.01358125	0.00210723270844	0	1512215722.0278587	56.1095890411	0.451246212276
351.0	0.0953125	0.0157414916498	0.00195267325108	0	1512215722.858921	57.8531073446	0.431196581197
351.0	0.09375	0.0139883063693	0.00134224419526	0	1512215723.262624	55.956284153	0.457923480029
350.5	0.09375	0.0139883063693	0.00134224419526	0	1512215724.012436	55.956284153	0.457923480029
350.0	0.09375	0.0135905836435	0.00184943135172	0	1512215724.8587232	57.8531073446	0.425931495405
349.0	0.09375	0.0142126986097	0.00241723723245	0	1512215725.8605087	57.8531073446	0.433489759109
348.5	0.09375	0.0179293629686	0.00219069330153	0	1512215726.8591712	56.4965517241	0.454928142428
348.0	0.09375	0.00542698019802	0.00836760551373	0	1512215727.2590985	56.2637362637	0.461548691549
347.5	0.09375	0.0196689356436	0.00190994460156	0	1512215728.0081973	56.2637362637	0.461548691549
347.0	0.09375	0.0266440010651	0.00237104545992	0	1512215728.856054	58.1818181818	0.429476175181
346.5	0.09375	0.0266440010651	0.00237104545992	0	1512215729.2537453	58.1818181818	0.429476175181
346.0	0.0953125	0.0401041666667	0.00186852156824	0	1512215730.0097446	56.8888888889	0.443969704999
345.5	0.09375	0.0549936868687	0.00220326473901	0	1512215730.8515105	56.1095890411	0.441905901116
345.0	0.09375	0.0549936868687	0.00220326473901	0	1512215731.2565885	56.1095890411	0.441905901116

#$Filter:op06
#$	0	1	 1
#$	1	op06	0.251188643150958
#$	2	op09*op09	0.015848931924611138
#$	3	op18*op18*op18	3.9810717055349725e-06
#$	4	ns12	1e-7
#$	5	0	 1e-22
#$POWER:19.4, mW
#$WAVELENGTH:1064,nm
#$OBJECT:SiNW4.6mkm_ang, bscat	=	=	=	=	=
angle	ref	signal	signal_std	filter	Time	freq	duty_cycle
344.5	0.09375	0.0453787322874	0.0024090628458	1	1512215750.4175909	58.1818181818	0.423074687591
344.5	0.09375	0.0655072382238	0.00232877254167	1	1512215751.174439	55.652173913	0.456606606607
344.0	0.09375	0.0655072382238	0.00232877254167	1	1512215751.9333353	55.652173913	0.456606606607
344.0	0.0921875	0.0706656565657	0.00188812075885	1	1512215752.4210937	56.4965517241	0.455142642643
344.0	0.0921875	0.0360491854637	0.0292963591944	1	1512215753.1801066	55.3513513514	0.459439702861
344.0	0.0921875	0.0472979323308	0.00197449544732	1	1512215753.9359543	55.3513513514	0.459439702861
343.5	0.0921875	0.0258755468284	0.00196938750753	1	1512215754.4209726	59.5348837209	0.423525525526

#$Filter:op06
#$	0	1	 1
#$	1	op06	0.251188643150958
#$	2	op09*op09	0.015848931924611138
#$	3	op18*op18*op18	3.9810717055349725e-06
#$	4	ns12	1e-7
#$	5	0	 1e-22
#$POWER:19.4, mW
#$WAVELENGTH:1064,nm
#$OBJECT:SiNW4.6mkm_ang, bscat	=	=	=	=	=
angle	ref	signal	signal_std	filter	Time	freq	duty_cycle
343.0	0.090625	0.0232633928571	0.00181919262464	1	1512215798.4895449	57.8531073446	0.436786786787
343.0	0.09375	0.0155080703383	0.00165316610353	1	1512215799.2481735	55.652173913	0.455464514288
343.0	0.09375	0.0155080703383	0.00165316610353	1	1512215800.0021465	55.652173913	0.455464514288
342.5	0.09375	0.00822362214499	0.0015386018674	1	1512215800.4953327	55.3513513514	0.45944958116
342.5	0.09375	0.00457894736842	0.00363806866741	1	1512215801.2511835	58.1818181818	0.423762323499

#$Filter:1
#$	0	1	 1
#$	1	op06	0.251188643150958
#$	2	op09*op09	0.015848931924611138
#$	3	op18*op18*op18	3.9810717055349725e-06
#$	4	ns12	1e-7
#$	5	0	 1e-22
#$POWER:19.4, mW
#$WAVELENGTH:1064,nm
#$OBJECT:SiNW4.6mkm_ang, bscat	=	=	=	=	=
angle	ref	signal	signal_std	filter	Time	freq	duty_cycle
342.0	0.09375	0.044556231003	0.00190647157968	0	1512215806.862246	57.8531073446	0.415149359886
342.0	0.09375	0.0443899442756	0.00176120266393	0	1512215807.8610928	59.1907514451	0.410839885577
341.5	0.09375	0.0314904907668	0.00190513777024	0	1512215808.8580096	58.5142857143	0.411437550911
341.5	0.09375	0.0250069839496	0.00201714832038	0	1512215809.850897	58.1818181818	0.417182662539
341.0	0.09375	0.021432038835	0.00222489886722	0	1512215810.860707	55.0537634409	0.462446657183
341.0	0.09375	0.0230743293965	0.00167530682555	0	1512215811.860372	55.0537634409	0.457041251778
340.5	0.09375	0.022152624448	0.00207550139636	0	1512215812.86043	57.8531073446	0.420546862652
340.0	0.09375	0.0164339622642	0.00140663371958	0	1512215813.8491557	54.9798657718	0.463337831759
340.0	0.09375	0.0170609193095	0.00228684744382	0	1512215814.8627527	58.5142857143	0.423579218316
339.5	0.0953125	0.0181129807692	0.0015971914125	0	1512215815.8629544	56.5745856354	0.44436745744
339.5	0.0953125	0.017578011611	0.00207758434731	0	1512215816.865479	58.5142857143	0.408378378378
339.0	0.0921875	0.0143540681639	0.00210548828852	0	1512215817.8716507	58.5142857143	0.421480569468
339.0	0.09375	0.013931447579	0.00152859135297	0	1512215818.8691888	56.2637362637	0.444030253163
338.5	0.09375	0.0151494565217	0.00206132535147	0	1512215819.8660753	59.1907514451	0.412867666428
338.5	0.09375	0.0141961898396	0.00132988274037	0	1512215820.8619955	55.3513513514	0.459422881528
338.0	0.0953125	0.0146299923195	0.00172543689307	0	1512215821.8650563	57.5280898876	0.415749009309
337.5	0.09375	0.0142514372202	0.0025604778802	0	1512215822.8615704	58.8505747126	0.408988236357
337.5	0.0953125	0.0120629699248	0.00200311391937	0	1512215823.8703425	54.9798657718	0.463183578315
337.0	0.0953125	0.0115670014202	0.00161536550404	0	1512215824.8546846	58.1818181818	0.421974808817
336.5	0.09375	0.0115236356259	0.0019429831567	0	1512215825.8621018	57.8531073446	0.407175596649
335.5	0.09375	0.0117779004416	0.00167849756541	0	1512215826.8623114	55.3513513514	0.459013959014
334.5	0.09375	0.0117181122449	0.00179861638204	0	1512215827.8688965	57.2067039106	0.440530380004
333.0	0.096875	0.0110239293417	0.001452995461	0	1512215828.8678777	54.9798657718	0.448151629073

#$Filter:1
#$	0	1	 1
#$	1	op06	0.251188643150958
#$	2	op09*op09	0.015848931924611138
#$	3	op18*op18*op18	3.9810717055349725e-06
#$	4	ns12	1e-7
#$	5	0	 1e-22
#$POWER:19.4, mW
#$WAVELENGTH:1064,nm
#$OBJECT:SiNW4.6mkm_ang, bscat	=	=	=	=	=
angle	ref	signal	signal_std	filter	Time	freq	duty_cycle
332.0	0.0953125	0.0105508168693	0.00132125336843	0	1512215832.8611612	57.2067039106	0.414998804472
331.0	0.096875	0.0100480889724	0.00144716655291	0	1512215833.8740385	56.2637362637	0.42655001155
330.0	0.096875	0.0105956764349	0.00174587182396	0	1512215834.8581283	53.8947368421	0.453924572346
329.0	0.096875	0.0092709850913	0.00162034850656	0	1512215835.8508427	53.5424836601	0.457450213371
328.0	0.0953125	0.0092640491141	0.00237613039834	0	1512215836.8628223	53.5424836601	0.462899744671
327.0	0.096875	0.0114465902453	0.00216450549204	0	1512215837.858438	52.5128205128	0.474190283401
326.0	0.0984375	0.00935026041667	0.00225270765357	0	1512215838.8595254	55.652173913	0.417031039136
325.0	0.096875	0.0100203914141	0.00108829668146	0	1512215839.8643396	53.1948051948	0.447657019368
324.0	0.0953125	0.00963918704274	0.00158706000397	0	1512215840.860179	52.8516129032	0.464726720648
322.5	0.0984375	0.0106744817682	0.000968443125334	0	1512215841.8600528	53.1948051948	0.461201079622
321.5	0.096875	0.0100226556344	0.00225200753896	0	1512215842.8636951	53.8947368421	0.44304212239
320.5	0.096875	0.00888438522913	0.00163981030773	0	1512215843.8583817	53.8947368421	0.448829690935
319.5	0.096875	0.00953224127676	0.0021703781782	0	1512215844.8503642	56.2637362637	0.428184879002
318.5	0.1	0.00912779605263	0.00200626703653	0	1512215845.8644524	54.4680851064	0.441394025605
317.5	0.0953125	0.0098337292885	0.00221449264307	0	1512215846.8603158	53.5424836601	0.464068825911
316.5	0.1	0.00896896193947	0.00161807414515	0	1512215847.8560512	53.1948051948	0.448211875843
315.5	0.0953125	0.0101608910891	0.0023807294334	0	1512215848.8467867	55.0537634409	0.443982333456
314.5	0.0953125	0.00836903721279	0.00234981968254	0	1512215849.8586226	54.2516556291	0.45675888439
313.5	0.1	0.0083438283208	0.00249172027449	0	1512215850.8587627	53.5424836601	0.464055148266
312.5	0.096875	0.00880059880988	0.00224242388696	0	1512215851.859284	55.652173913	0.435760247645
311.0	0.0953125	0.00849589646465	0.00141668794238	0	1512215852.874419	53.1948051948	0.454622132254
310.5	0.0953125	0.00771931080565	0.00147350282063	0	1512215853.8649976	53.5424836601	0.470647773279
309.0	0.096875	0.007213356974	0.00212967407956	0	1512215854.8508165	53.8947368421	0.459429824561
308.0	0.096875	0.00810818927085	0.0027004636372	0	1512215855.8607187	55.652173913	0.435771189761
307.0	0.096875	0.00788995098039	0.00186848869411	0	1512215856.8544974	53.8947368421	0.460334828756
306.0	0.0953125	0.00774127627855	0.00137505947996	0	1512215857.8603616	56.5745856354	0.432621381638
305.0	0.1	0.00758459533267	0.00144914084136	0	1512215858.8522763	53.8947368421	0.460512638144
304.0	0.0953125	0.00699699214792	0.00209976151819	0	1512215859.8600225	55.652173913	0.423686763687
303.0	0.096875	0.00704588685771	0.00139742277165	0	1512215860.8601086	53.5424836601	0.462731053713
302.0	0.0953125	0.0082642535408	0.0019124879261	0	1512215861.8540807	53.5424836601	0.464068825911
300.5	0.096875	0.00745385843731	0.00167020209656	0	1512215862.856945	55.0537634409	0.432647627384
299.5	0.0984375	0.00719210829493	0.00214650400654	0	1512215863.8625948	53.8947368421	0.460334828756
298.5	0.096875	0.00728020916434	0.00135203445251	0	1512215864.8507004	53.5424836601	0.457644891855
297.5	0.096875	0.0056881377551	0.0010919658675	0	1512215865.8582132	53.5424836601	0.464068825911
296.5	0.096875	0.00659510732323	0.00169783917382	0	1512215866.8602169	55.652173913	0.437716562717
295.5	0.096875	0.00614196526874	0.000736666628895	0	1512215867.8561952	56.2637362637	0.427236118733
294.5	0.0984375	0.00570367219098	0.00129849596874	0	1512215868.848078	53.5424836601	0.470465404676
293.5	0.096875	0.00578744369369	0.00193730397754	0	1512215869.8576498	54.9798657718	0.44188034188
292.0	0.0953125	0.00554001554002	0.00228791985145	0	1512215870.8587852	54.1798941799	0.454588394062
291.0	0.096875	0.00548853569567	0.00127557829158	0	1512215871.8586876	54.1798941799	0.442394754159
290.0	0.096875	0.00576565285205	0.00212236584267	0	1512215872.855149	54.9798657718	0.449660186502
289.0	0.0984375	0.00602229506556	0.00136994890536	0	1512215873.8508818	53.1948051948	0.45472972973
288.0	0.096875	0.0061021780303	0.00134778101778	0	1512215874.857037	53.5424836601	0.457476200897
287.0	0.096875	0.00549617185983	0.00242355917472	0	1512215875.861674	53.1948051948	0.461201079622
286.0	0.0953125	0.00414902553763	0.00147522242983	0	1512215876.8549366	48.7619047619	0.410279605263
285.0	0.096875	0.00467601421637	0.00141521454421	0	1512215877.8467534	54.2516556291	0.450213371266
284.0	0.0953125	0.00436647727273	0.0011709371247	0	1512215878.8662088	53.1948051948	0.461170532881
283.0	0.0953125	0.00392430982355	0.00102912414703	0	1512215879.858309	53.8947368421	0.454071834993
282.0	0.096875	0.00395930218022	0.00260954151569	0	1512215880.8581495	54.7593582888	0.44834484401
281.0	0.0953125	0.00455327242283	0.00131570869864	0	1512215881.856145	53.5424836601	0.464068825911
279.5	0.096875	0.00390140800204	0.00190365513532	0	1512215882.8559911	53.8947368421	0.460110591361
278.5	0.096875	0.00351661085226	0.00215775904672	0	1512215883.8516917	53.5424836601	0.464068825911
277.5	0.0984375	0.00310773427961	0.00120750274737	0	1512215884.859535	53.1948051948	0.448043184885
276.5	0.096875	0.00302880392348	0.00214754462727	0	1512215885.8623078	53.5424836601	0.45762802276
275.5	0.096875	0.00338341586635	0.00168504987802	0	1512215886.8573875	55.652173913	0.432995232995
274.5	0.096875	0.00347499115626	0.00106000591125	0	1512215887.8542328	54.7593582888	0.436439616497
273.5	0.096875	0.00280878492174	0.00211809597643	0	1512215888.8598764	55.0537634409	0.431047842932
272.0	0.096875	0.00221483451537	0.0010667761725	0	1512215889.8596704	53.8947368421	0.453860591361
271.0	0.0984375	0.00206926859173	0.00199803689061	0	1512215890.870706	53.5424836601	0.456813909774
270.0	0.0984375	0.00166481089369	0.00243549201352	0	1512215891.8556552	53.8947368421	0.467105263158
269.0	0.096875	0.00134668272975	0.00268063985091	0	1512215892.8635628	55.3513513514	0.437985165617
268.0	0.096875	0.00130091134113	0.001384649752	0	1512215893.8583245	55.652173913	0.437543859649
267.0	0.1	0.00106647995283	0.00137275651491	0	1512215894.8592987	56.8888888889	0.42024291498
