
#$Filter:1
#$	0	1	 1
#$	1	op06	0.251188643150958
#$	2	op09*op09	0.015848931924611138
#$	3	op18*op18*op18	3.9810717055349725e-06
#$	4	ns12	1e-7
#$	5	0	 1e-22
#$POWER:19.4, mW
#$WAVELENGTH:1064,nm
#$OBJECT:SiNW4.6mkm_ang, bscat	=	=	=	=	=
angle	ref	signal	signal_std	filter	Time	freq	duty_cycle
0.5	0.09375	2.37105981006e-05	0.00210479716454	0	1512215316.855823	56.5745856354	0.447255074623
0.0	0.09375	0.000590454931973	0.00151154686408	0	1512215317.855704	55.956284153	0.442792792793
360.0	0.0921875	0.000409412955466	0.00211660186681	0	1512215318.8597188	59.1907514451	0.413550693551
359.5	0.0953125	0.000109560643564	0.00244234094608	0	1512215319.8580854	55.7278911565	0.469397028608
359.0	0.096875	0.000366120049505	0.00187085740287	0	1512215320.8503566	56.4965517241	0.455096073517
358.5	0.0953125	0.000306881313131	0.00167389189092	0	1512215321.8592932	55.7278911565	0.462818081239
358.0	0.0921875	0.000127976190476	0.00200858752065	0	1512215322.8650653	60.2352941176	0.419790426292
357.5	0.090625	0.0120142326733	0.00164119947399	0	1512215323.8599358	55.652173913	0.462146356883
357.0	0.0921875	0.020762329932	0.00179278392838	0	1512215324.8558004	57.5280898876	0.447672672673

#$Filter:1
#$	0	1	 1
#$	1	op06	0.251188643150958
#$	2	op09*op09	0.015848931924611138
#$	3	op18*op18*op18	3.9810717055349725e-06
#$	4	ns12	1e-7
#$	5	0	 1e-22
#$POWER:19.4, mW
#$WAVELENGTH:1064,nm
#$OBJECT:SiNW4.6mkm_ang, bscat	=	=	=	=	=
angle	ref	signal	signal_std	filter	Time	freq	duty_cycle
356.5	0.09375	0.0321028040304	0.00245366083973	0	1512215331.860607	56.4965517241	0.45961039711
356.5	0.0953125	0.0309435334158	0.00229953077754	0	1512215332.3046248	56.4965517241	0.462087087087
356.0	0.0953125	0.0309435334158	0.00229953077754	0	1512215333.059528	56.4965517241	0.462087087087
356.0	0.0921875	0.0414698415424	0.00183886208024	0	1512215333.855294	59.1907514451	0.431931931932
356.0	0.09375	0.0188324492043	0.0182264004564	0	1512215334.3100884	57.5280898876	0.443039273039
355.5	0.09375	0.0439302872585	0.00206304331131	0	1512215335.0632744	57.5280898876	0.443039273039
355.5	0.09375	0.0573190789474	0.00183710552703	0	1512215335.8530672	57.2067039106	0.438545399795
355.0	0.09375	0.0708333333333	0.00179612001047	0	1512215336.3090177	58.5142857143	0.438581994201

#$Filter:op06
#$	0	1	 1
#$	1	op06	0.251188643150958
#$	2	op09*op09	0.015848931924611138
#$	3	op18*op18*op18	3.9810717055349725e-06
#$	4	ns12	1e-7
#$	5	0	 1e-22
#$POWER:19.4, mW
#$WAVELENGTH:1064,nm
#$OBJECT:SiNW4.6mkm_ang, bscat	=	=	=	=	=
angle	ref	signal	signal_std	filter	Time	freq	duty_cycle
354.5	0.0921875	0.0190409180763	0.00189546918542	1	1512215348.857169	57.8531073446	0.439114114114
354.5	0.09375	0.0270215068562	0.00250781771343	1	1512215349.347125	58.1818181818	0.447969111456
354.5	0.09375	0.034556197479	0.00205950714365	1	1512215350.1009173	57.8531073446	0.44466966967

#$Filter:op06
#$	0	1	 1
#$	1	op06	0.251188643150958
#$	2	op09*op09	0.015848931924611138
#$	3	op18*op18*op18	3.9810717055349725e-06
#$	4	ns12	1e-7
#$	5	0	 1e-22
#$POWER:19.4, mW
#$WAVELENGTH:1064,nm
#$OBJECT:SiNW4.6mkm_ang, bscat	=	=	=	=	=
angle	ref	signal	signal_std	filter	Time	freq	duty_cycle
354.0	0.0921875	0.04885625	0.00238270952646	1	1512215375.8570867	56.8888888889	0.464090292215
354.0	0.0921875	0.04885625	0.00238270952646	1	1512215376.2620342	56.8888888889	0.464090292215
354.0	0.0921875	0.0585576303529	0.00730248382816	1	1512215377.018943	59.5348837209	0.41812012012
353.5	0.0921875	0.0521088856335	0.00473452157454	1	1512215377.8629131	55.652173913	0.456712276186
353.5	0.09375	0.00917430555556	0.0260707113863	1	1512215378.2605762	56.1095890411	0.452123552124
353.5	0.09375	0.0419320707071	0.00298161030318	1	1512215379.0143158	56.1095890411	0.452123552124
353.0	0.09375	0.0268053680368	0.00232961100141	1	1512215379.8592775	55.3513513514	0.459627390548

#$Filter:op06
#$	0	1	 1
#$	1	op06	0.251188643150958
#$	2	op09*op09	0.015848931924611138
#$	3	op18*op18*op18	3.9810717055349725e-06
#$	4	ns12	1e-7
#$	5	0	 1e-22
#$POWER:19.4, mW
#$WAVELENGTH:1064,nm
#$OBJECT:SiNW4.6mkm_ang, bscat	=	=	=	=	=
angle	ref	signal	signal_std	filter	Time	freq	duty_cycle
353.0	0.090625	0.0226763278127	0.00240605268705	1	1512215384.3615463	56.1095890411	0.465840840841
353.0	0.090625	0.0226763278127	0.00240605268705	1	1512215385.1134415	56.1095890411	0.465840840841
352.5	0.0921875	0.0135518526079	0.00192297664311	1	1512215385.8614976	56.2637362637	0.448847849777
352.5	0.0921875	0.00949717765894	0.00243684650247	1	1512215386.3674965	55.956284153	0.464564564565
352.5	0.09375	0.00411912089646	0.0046577647917	1	1512215387.1263878	56.2637362637	0.446661060953
352.0	0.09375	0.00977193813131	0.00157035889642	1	1512215387.8869984	56.2637362637	0.446661060953
352.0	0.096875	0.0066237745098	0.00228093488275	1	1512215388.3677676	56.1095890411	0.458896396396

#$Filter:1
#$	0	1	 1
#$	1	op06	0.251188643150958
#$	2	op09*op09	0.015848931924611138
#$	3	op18*op18*op18	3.9810717055349725e-06
#$	4	ns12	1e-7
#$	5	0	 1e-22
#$POWER:19.4, mW
#$WAVELENGTH:1064,nm
#$OBJECT:SiNW4.6mkm_ang, bscat	=	=	=	=	=
angle	ref	signal	signal_std	filter	Time	freq	duty_cycle
352.0	0.09375	0.0441446782178	0.00199134847528	0	1512215396.3589208	55.652173913	0.456598703967
351.5	0.09375	0.0441446782178	0.00199134847528	0	1512215397.1186414	55.652173913	0.456598703967
351.5	0.09375	0.0335261363636	0.00192114061172	0	1512215397.8755236	56.1095890411	0.45213963964
351.5	0.0921875	0.0310653565357	0.00153055585183	0	1512215398.3594563	55.956284153	0.459159159159
351.5	0.0921875	0.0310653565357	0.00153055585183	0	1512215399.1187193	55.956284153	0.459159159159
351.0	0.09375	0.0308620774371	0.00187060937029	0	1512215399.8795054	55.3513513514	0.459627390548
351.0	0.09375	0.0299060150376	0.00130528703289	0	1512215400.3562632	58.1818181818	0.419871323229
351.0	0.09375	0.0299060150376	0.00130528703289	0	1512215401.1109393	58.1818181818	0.419871323229
351.0	0.09375	0.0289974116162	0.00203351437697	0	1512215401.8811743	55.652173913	0.445629840367
351.0	0.0921875	0.0288412196356	0.00232392410993	0	1512215402.3558688	58.1818181818	0.41783625731
350.5	0.096875	0.0255023041475	0.00134011510197	0	1512215403.114851	58.1818181818	0.41900321374
350.0	0.096875	0.0255023041475	0.00134011510197	0	1512215403.870993	58.1818181818	0.41900321374
350.0	0.0953125	0.0188951830732	0.00147959862189	0	1512215404.3595107	55.652173913	0.456269051006
349.0	0.09375	0.00407142857143	0.00959200599183	0	1512215405.113506	57.8531073446	0.425251567357
349.0	0.09375	0.0187089598997	0.00246604363123	0	1512215405.876348	57.8531073446	0.425251567357
348.5	0.09375	0.0146868679207	0.00178738282671	0	1512215406.3605518	53.612565445	0.449344080923
348.0	0.09375	0.0151116413188	0.00156112391615	0	1512215407.1432264	56.5745856354	0.452164858357
347.5	0.0921875	0.0150097271474	0.00198277698	0	1512215407.902399	58.5142857143	0.416114610851
347.5	0.09375	0.0146284342078	0.00259407373407	0	1512215408.3561957	56.2637362637	0.441661107366
347.0	0.09375	0.0132668163724	0.00146748468405	0	1512215409.1127958	55.956284153	0.447551762289
346.5	0.09375	0.0131517502483	0.00143647214246	0	1512215409.8680623	57.2067039106	0.433087712325
346.0	0.09375	0.0135025446872	0.00152818624048	0	1512215410.3557096	54.9798657718	0.456225456225
346.0	0.09375	0.0135025446872	0.00152818624048	0	1512215411.114803	54.9798657718	0.456225456225
345.0	0.09375	0.0131053246434	0.00233390418093	0	1512215411.8916945	55.3513513514	0.466384147305
344.5	0.0953125	0.013605910967	0.00216097784255	0	1512215412.3653483	57.8531073446	0.4330951252
344.0	0.0953125	0.0129491990095	0.0016196534831	0	1512215413.1255434	55.3513513514	0.465133554607
343.0	0.0921875	0.011244284494	0.00188593996955	0	1512215413.894413	54.9798657718	0.449679943101
342.5	0.0953125	0.0110821078431	0.00117260393996	0	1512215414.3651	55.956284153	0.452907706468
342.0	0.0953125	0.0110821078431	0.00117260393996	0	1512215415.1362104	55.956284153	0.452907706468
341.5	0.0921875	0.011041295306	0.0025386010832	0	1512215415.8956497	56.5745856354	0.449349322232
341.0	0.0953125	0.0125916460396	0.00171733397502	0	1512215416.357047	55.652173913	0.455752656681
340.0	0.09375	0.011187232906	0.00171428351296	0	1512215417.141684	54.6133333333	0.446792440213
339.0	0.0953125	0.0116568877551	0.00215236441718	0	1512215417.9066913	56.2637362637	0.443718517279
339.0	0.09375	0.0115789675245	0.00216199753252	0	1512215418.3553271	56.2637362637	0.433603603604
338.0	0.09375	0.0119481464461	0.00133345984812	0	1512215419.1107016	56.2637362637	0.433603603604
337.5	0.09375	0.0113789479081	0.00247428140405	0	1512215419.8955216	55.3513513514	0.451223340213
337.0	0.0921875	0.0109182332727	0.00169366114719	0	1512215420.3582387	54.7593582888	0.460020546863
336.5	0.0921875	0.0109182332727	0.00169366114719	0	1512215421.11907	54.7593582888	0.460020546863
336.0	0.0953125	0.0106527777778	0.00178984888406	0	1512215421.877989	54.9798657718	0.443081239134
335.5	0.09375	0.0108022693452	0.00234135257882	0	1512215422.3608963	56.8888888889	0.43290822583
335.0	0.09375	0.0108022693452	0.00234135257882	0	1512215423.1191049	56.8888888889	0.43290822583
334.5	0.09375	0.0107811872742	0.00195457237566	0	1512215423.870612	54.6133333333	0.460170697013
334.0	0.096875	0.0102225825472	0.00228974232652	0	1512215424.3566864	56.8888888889	0.429656174393
333.0	0.096875	0.0102225825472	0.00228974232652	0	1512215425.1283615	56.8888888889	0.429656174393
332.5	0.09375	0.0108718034302	0.00152951307492	0	1512215425.8876092	54.6133333333	0.453413940256
332.0	0.0953125	0.0106989123775	0.00208790588169	0	1512215426.354309	54.4680851064	0.449627139101
331.5	0.0953125	0.00982450076805	0.00160045035899	0	1512215427.114453	54.9798657718	0.461950100553
330.5	0.0953125	0.00982450076805	0.00160045035899	0	1512215427.8743289	54.9798657718	0.461950100553
330.5	0.09375	0.00999012027491	0.00205762291046	0	1512215428.3608456	54.6133333333	0.480085348506
329.5	0.09375	0.00999012027491	0.00205762291046	0	1512215429.1150799	54.6133333333	0.480085348506
329.0	0.09375	0.00832338345126	0.00206624461141	0	1512215429.8640277	54.6133333333	0.473506401138
328.5	0.09375	0.009542243083	0.00192561258144	0	1512215430.361828	53.8947368421	0.454400782361
328.0	0.09375	0.00966057538891	0.00182060147561	0	1512215431.1196175	54.6133333333	0.453413940256
327.5	0.09375	0.0108230071538	0.00212592655374	0	1512215431.8674617	56.2637362637	0.4367443101
327.0	0.09375	0.00919659090909	0.00153420781448	0	1512215432.3543658	56.2637362637	0.44449929806
326.5	0.0953125	0.0114173326673	0.00209638967175	0	1512215433.1145241	54.9798657718	0.449679943101
325.5	0.09375	0.0097928064843	0.0012858430589	0	1512215433.8662093	56.8888888889	0.423702989144
325.5	0.09375	0.0102666066427	0.00182454049031	0	1512215434.3560927	54.6133333333	0.453413940256
324.5	0.09375	0.0102666066427	0.00182454049031	0	1512215435.1170027	54.6133333333	0.453413940256
324.0	0.0921875	0.00954383856275	0.0017399159849	0	1512215435.871214	55.0537634409	0.462146356883
323.5	0.09375	0.0100170477851	0.00239865586561	0	1512215436.3586106	58.8505747126	0.412356532357
323.0	0.09375	0.0100170477851	0.00239865586561	0	1512215437.1036658	58.8505747126	0.412356532357
322.0	0.09375	0.00951331198078	0.00243498738535	0	1512215437.8606966	55.956284153	0.435458424932
322.0	0.09375	0.00881558756559	0.00203857446149	0	1512215438.3623505	54.9798657718	0.448398146599
321.0	0.09375	0.00881558756559	0.00203857446149	0	1512215439.111485	54.9798657718	0.448398146599
320.5	0.0953125	0.00812487494998	0.00157535837883	0	1512215439.8834522	55.652173913	0.43920174044
320.0	0.09375	0.00875411143839	0.0022950086663	0	1512215440.3559504	54.6133333333	0.47332859175
319.5	0.09375	0.00875411143839	0.0022950086663	0	1512215441.117105	54.6133333333	0.47332859175
319.0	0.0953125	0.00938710945425	0.00203088239979	0	1512215441.8699634	57.2067039106	0.42811342285
318.5	0.0921875	0.00962999901497	0.00156542562228	0	1512215442.3581722	55.3513513514	0.466206337917
317.5	0.09375	0.00928407398213	0.00203054070825	0	1512215443.1170182	58.1818181818	0.414991307097
317.0	0.09375	0.00870795734208	0.00241435285666	0	1512215443.9197617	54.2516556291	0.469945654156
316.5	0.09375	0.00902123590982	0.00193570027395	0	1512215444.361861	54.9798657718	0.449627512128
315.5	0.09375	0.00902123590982	0.00193570027395	0	1512215445.1205115	54.9798657718	0.449627512128
315.0	0.0953125	0.00843584924827	0.00167003538726	0	1512215445.8793926	54.9798657718	0.449679943101
314.5	0.09375	0.00859220113006	0.00176903469129	0	1512215446.3563068	57.5280898876	0.436387839745
313.5	0.0953125	0.00781271894705	0.00177138742604	0	1512215447.122429	54.7593582888	0.459529801635
313.0	0.09375	0.00792058691756	0.00156076111473	0	1512215447.8910146	54.9798657718	0.456436699858
312.5	0.096875	0.00782512626263	0.00239689874009	0	1512215448.356108	54.6133333333	0.453413940256
311.5	0.096875	0.00782512626263	0.00239689874009	0	1512215449.115903	54.6133333333	0.453413940256

#$Filter:1
#$	0	1	 1
#$	1	op06	0.251188643150958
#$	2	op09*op09	0.015848931924611138
#$	3	op18*op18*op18	3.9810717055349725e-06
#$	4	ns12	1e-7
#$	5	0	 1e-22
#$POWER:19.4, mW
#$WAVELENGTH:1064,nm
#$OBJECT:SiNW4.6mkm_ang, bscat	=	=	=	=	=
angle	ref	signal	signal_std	filter	Time	freq	duty_cycle
310.0	0.0921875	0.00820396205357	0.0015251858235	0	1512215454.8590825	58.5142857143	0.429035932484
309.5	0.0953125	0.00676349050507	0.0022329464961	0	1512215455.2609484	54.9798657718	0.456571956572
308.5	0.0953125	0.00676349050507	0.0022329464961	0	1512215456.0161073	54.9798657718	0.456571956572
308.0	0.09375	0.00733899238782	0.00151010444308	0	1512215456.8517466	57.8531073446	0.435777883146
307.5	0.09375	0.00733899238782	0.00151010444308	0	1512215457.261079	57.8531073446	0.435777883146
306.5	0.09375	0.00132065217391	0.00476144321508	0	1512215458.0588799	54.6133333333	0.453413940256
305.5	0.0953125	0.0071329887218	0.00157765846516	0	1512215458.897717	54.2516556291	0.470305832148
304.5	0.096875	0.00824086612161	0.00121422920177	0	1512215459.8734226	54.2516556291	0.463549075391
304.0	0.0953125	0.00835412745195	0.00141610716469	0	1512215460.296219	56.2637362637	0.440760794751
303.5	0.0953125	0.00719501879699	0.00210514937987	0	1512215461.0783703	54.2516556291	0.463549075391
302.5	0.0953125	0.00690850881123	0.00248805262472	0	1512215461.8742528	54.2516556291	0.463713207134
302.0	0.0953125	0.00690850881123	0.00248805262472	0	1512215462.271006	54.2516556291	0.463713207134
301.0	0.0953125	0.00736864333629	0.00234202891388	0	1512215463.0280485	54.2516556291	0.463549075391
300.5	0.0953125	0.0067191045181	0.00233208608147	0	1512215463.8599024	54.2516556291	0.463549075391
300.0	0.09375	0.00196785930867	0.00347632550029	0	1512215464.257859	56.2637362637	0.432433952171
299.0	0.09375	0.00841178997372	0.00223315856064	0	1512215465.012766	56.2637362637	0.432433952171
298.0	0.0953125	0.00565992238066	0.00145827157026	0	1512215465.8536243	56.5745856354	0.428478149202
298.0	0.0953125	0.00565992238066	0.00145827157026	0	1512215466.2582443	56.5745856354	0.428478149202
296.5	0.1	0.00643858192432	0.00169754055854	0	1512215467.0235415	54.2516556291	0.456956450378
296.0	0.096875	0.00626453861559	0.00231994474328	0	1512215467.8773077	54.9798657718	0.449234442655
295.0	0.0984375	0.00695275748173	0.00265487690317	0	1512215468.9141707	54.2516556291	0.456956450378
294.0	0.0953125	0.00689964718246	0.00135540514567	0	1512215469.8636808	54.1798941799	0.455173797279
293.5	0.1	0.0038282489096	0.00331383837363	0	1512215470.2695992	54.2516556291	0.463549075391
292.5	0.1	0.00527755749405	0.00232770022385	0	1512215471.0266862	54.2516556291	0.463549075391
291.5	0.096875	0.0048962692661	0.00223572725507	0	1512215471.87047	55.652173913	0.433164227901
291.5	0.0953125	0.00515994730563	0.00192469189021	0	1512215472.263332	57.2067039106	0.436326226707
290.5	0.0953125	0.00515994730563	0.00192469189021	0	1512215473.019288	57.2067039106	0.436326226707
289.5	0.0953125	0.00457081492391	0.00249545008301	0	1512215473.859072	54.7593582888	0.463454838966
289.0	0.0953125	0.00457081492391	0.00249545008301	0	1512215474.2643528	54.7593582888	0.463454838966
288.0	0.0984375	0.00425186906446	0.00235955598053	0	1512215475.0232766	55.652173913	0.438303375145
287.5	0.0953125	0.00456877229047	0.00102838963726	0	1512215475.8648207	54.7593582888	0.459424201529
287.0	0.0953125	0.00429491267661	0.00153826198751	0	1512215476.286064	54.7593582888	0.458511878666
286.0	0.1015625	0.00415156002181	0.0024859168296	0	1512215477.065912	53.8947368421	0.453755881387
285.0	0.1015625	0.00367571619746	0.00206429195006	0	1512215477.8685791	53.1948051948	0.467434210526
285.0	0.1015625	0.00367571619746	0.00206429195006	0	1512215478.2903872	53.1948051948	0.467434210526
284.0	0.0984375	0.00430297913096	0.00243161938601	0	1512215479.0493133	54.6133333333	0.459401709402
283.0	0.0953125	0.00417452890085	0.00186889500654	0	1512215479.8675008	57.5280898876	0.415877186694
282.5	0.096875	0.00412406343656	0.00209843627987	0	1512215480.2675488	55.3513513514	0.448294506984
281.5	0.096875	0.00412406343656	0.00209843627987	0	1512215481.01916	55.3513513514	0.448294506984
281.0	0.096875	0.00380614745898	0.00224457407581	0	1512215481.8592746	54.2516556291	0.450546193967
280.5	0.096875	0.00380614745898	0.00224457407581	0	1512215482.261916	54.2516556291	0.450546193967
279.5	0.0984375	0.00345610415836	0.00271632749218	0	1512215483.009032	54.2516556291	0.456970128023
279.0	0.0984375	0.00326125841751	0.00234382532592	0	1512215483.86392	55.3513513514	0.43846749226
278.5	0.096875	0.000636008267434	0.00253166365211	0	1512215484.2678216	58.5142857143	0.407422402159
277.5	0.096875	0.00197782941358	0.00178303767067	0	1512215485.0308342	58.5142857143	0.407422402159
276.5	0.096875	0.00229322493561	0.00119410595588	0	1512215485.8683312	55.956284153	0.440565160302
276.5	0.096875	0.000955008865248	0.00162155339843	0	1512215486.2634919	57.5280898876	0.425232519969
275.0	0.096875	0.00220250759878	0.00232132635558	0	1512215487.019223	57.5280898876	0.425232519969
274.5	0.0953125	0.00141314524291	0.00108224814016	0	1512215487.859156	55.3513513514	0.471535657495
274.0	0.0953125	0.00131793619117	0.00240229541817	0	1512215488.2619479	54.9798657718	0.456239133871
273.0	0.0953125	0.00176883552768	0.00209595647934	0	1512215489.021148	54.9798657718	0.456239133871
272.5	0.0953125	0.00161622548013	0.00187331995134	0	1512215489.8599863	57.8531073446	0.408718517279
272.0	0.096875	0.00061553030303	0.00131473896344	0	1512215490.2639935	54.7593582888	0.437741547215
271.0	0.096875	0.00061553030303	0.00131473896344	0	1512215491.0217042	54.7593582888	0.437741547215
270.0	0.09375	0.00109981684982	0.00245346167135	0	1512215491.8594427	55.7278911565	0.434815078236
270.0	0.09375	0.00109981684982	0.00245346167135	0	1512215492.257571	55.7278911565	0.434815078236
269.0	0.096875	0.000337303573216	0.00248604302284	0	1512215493.0315359	55.7278911565	0.45567973989
268.0	0.096875	0.00038344289442	0.00154153903864	0	1512215493.8643987	54.9798657718	0.469940335072
267.5	0.0953125	3.69318181819e-06	0.00172847263612	0	1512215494.2581024	55.652173913	0.445561040917
266.5	0.096875	0.000207708270827	0.00185764358216	0	1512215495.0194983	55.652173913	0.450128659262
266.0	0.096875	0.000161377153404	0.00168805290512	0	1512215495.860129	54.9798657718	0.455873636795
265.5	0.096875	0.000161377153404	0.00168805290512	0	1512215496.2648308	54.9798657718	0.455873636795
264.5	0.0953125	0.000135817307692	0.00174629910006	0	1512215497.0230303	54.9798657718	0.463183578315
