
#$Filter:1
#$	0	1	 1
#$	1	op06	0.251188643150958
#$	2	op09	0.02848931924611138
#$	3	op18*op18*op18	3.9810717055349725e-06
#$	4	ns12	1e-7
#$	5	0	 1e-22
#$POWER:55, mW
#$WAVELENGTH:532,nm
#$OBJECT:Air, on wires	=	=	=	=	=	=	=	=	=	=	=
angle	ref	signal	signal_std	filter	Time	freq	duty_cycle
0.0	0.187499953125	0.000921168237095	0.00271141952996	0	1510577751.5130572	47.2615384615	0.530831571529
0.0	0.0020833328125	0.00042556412972	0.00779386138103	0	1510577752.3289955	86.5352112676	0.705065359477
360.0	0.187499953125	0.000232342879089	0.00290227701789	0	1510577753.1735847	46.8114285714	0.542811839323
359.5	0.187499953125	0.000124249668818	0.00197516361443	0	1510577754.0114646	46.9007633588	0.526779422128
359.0	0.187499953125	0.00122262077697	0.00279298110548	0	1510577754.5809145	47.0804597701	0.517177589852
359.0	0.368749907812	0.00396582736887	0.00737349679697	0	1510577755.3407874	47.2615384615	0.592318534179
358.5	0.368749907812	0.000171374601031	0.00140446883868	0	1510577756.1707606	54.3716814159	0.546603912883
358.0	0.19166661875	0.00135211879141	0.00345862919847	0	1510577757.068991	47.6279069767	0.558139534884
358.0	0.368749907812	0.000482151908224	0.00744016680435	0	1510577757.515039	nan	nan
357.5	0.19166661875	0.00429835871829	0.0047910340081	0	1510577758.2812693	47.6279069767	0.53488372093
357.0	0.187499953125	0.00657128630105	0.0043939143462	0	1510577759.0361042	48.0	0.554632705795
357.0	0.187499953125	0.00354304133113	0.00569055389997	0	1510577759.5820575	47.0804597701	0.528805496829
356.5	0.368749907812	0.00468144724234	0.00261218894419	0	1510577760.3435063	47.2615384615	0.623150105708
356.0	0.189583285938	0.0166267715536	0.00248505413863	0	1510577761.174783	46.9007633588	0.549682875264
355.5	0.187499953125	0.0125754512589	0.0131760610048	0	1510577762.0746722	46.9007633588	0.519027484144

#$Filter:1
#$	0	1	 1
#$	1	op06	0.251188643150958
#$	2	op09	0.02848931924611138
#$	3	op18*op18*op18	3.9810717055349725e-06
#$	4	ns12	1e-7
#$	5	0	 1e-22
#$POWER:55, mW
#$WAVELENGTH:532,nm
#$OBJECT:Air, on wires	=	=	=	=	=	=	=	=	=	=	=
angle	ref	signal	signal_std	filter	Time	freq	duty_cycle
355.0	0.187499953125	0.0515427276641	0.0336422170582	0	1510577767.0549064	48.7619047619	0.52380952381
355.0	0.185416620313	0.0649384218182	0.0214251714557	0	1510577767.5589092	48.3779527559	0.52750092285
354.5	0.185416620313	0.0699179497074	0.019544796732	0	1510577768.3248107	48.3779527559	0.52750092285
354.0	0.189583285938	0.0667586718911	0.0168273951187	0	1510577769.0816994	47.3526011561	0.520216701903
354.0	0.187499953125	0.0536964651673	0.0263855518545	0	1510577769.5625696	46.9007633588	0.526779422128
353.5	0.187499953125	0.0683099771951	0.0180232518609	0	1510577770.3313904	46.5454545455	0.545454545455
353.0	0.189583285938	0.0803234841926	0.0189028742254	0	1510577771.0932658	46.9007633588	0.54193093728
353.0	0.187499953125	0.084090246055	0.0204986240996	0	1510577771.55535	46.9007633588	0.549682875264
352.5	0.189583285938	0.0963214146661	0.0221614026817	0	1510577772.3201363	46.9007633588	0.54193093728
352.0	0.189583285938	0.0796318328331	0.019328350413	0	1510577773.078073	46.8114285714	0.542811839323
352.0	0.187499953125	0.127258371547	0.0302100667415	0	1510577773.5584455	46.8114285714	0.542811839323
351.5	0.187499953125	0.0864580616188	0.0202575747509	0	1510577774.3248158	46.5454545455	0.545454545455
351.0	0.187499953125	0.0919171448329	0.0229446226176	0	1510577775.0816648	46.5454545455	0.545454545455
351.0	0.187499953125	0.0746037184625	0.0216103815729	0	1510577775.5635874	46.5454545455	0.545454545455
350.5	0.189583285938	0.103168215903	0.0262418315299	0	1510577776.383639	46.5454545455	0.545454545455
350.0	0.185416620313	nan	0.00441419395504	0	1510577777.1562445	nan	nan
350.0	0.189583285938	0.0624299563813	0.0476106676636	0	1510577777.5602746	46.8114285714	0.542811839323
349.5	0.187499953125	0.0953744034187	0.0240934134653	0	1510577778.332211	46.9007633588	0.549682875264
349.0	0.189583285938	0.0813423336163	0.0221712685189	0	1510577779.0896509	46.5454545455	0.545454545455
349.0	0.189583285938	0.116770088219	0.0389803978207	0	1510577779.55889	46.5454545455	0.545454545455
348.5	0.187499953125	0.111192877414	0.0276444158232	0	1510577780.327903	46.5454545455	0.545454545455
348.5	0.19166661875	0.0914628122683	0.0220755822374	0	1510577781.0867367	46.8114285714	0.542811839323
348.0	0.187499953125	0.0761706925839	0.0255562980893	0	1510577781.5606914	46.8114285714	0.548625792812
347.5	0.189583285938	0.0850393544561	0.0210095503704	0	1510577782.32149	46.8114285714	0.548625792812
347.5	0.187499953125	0.124009572839	0.0307658189662	0	1510577783.0845714	46.8114285714	0.542811839323
347.0	0.189583285938	0.11228268957	0.0294774824403	0	1510577783.5560954	46.8114285714	0.548625792812
347.0	0.187499953125	0.109285840376	0.0279778100492	0	1510577784.3231697	46.8114285714	0.548625792812
346.5	0.187499953125	0.106337673874	0.0270413380061	0	1510577785.0892923	46.5454545455	0.545454545455
346.0	0.189583285938	0.0927747119151	0.0289041885635	0	1510577785.555196	46.8114285714	0.548625792812
345.5	0.189583285938	0.0932116032721	0.0216455059843	0	1510577786.314048	46.5454545455	0.545454545455
345.5	0.189583285938	0.113826396228	0.0302750574139	0	1510577787.0725272	46.8114285714	0.548625792812
345.0	0.187499953125	0.0563001996002	0.037654374259	0	1510577787.5524914	46.9007633588	0.519027484144
345.0	0.187499953125	0.100471854697	0.0257707100741	0	1510577788.3136358	46.9007633588	0.526779422128
344.5	0.187499953125	0.0831613956338	0.0212306453641	0	1510577789.0764682	46.8114285714	0.51995243129
344.0	0.187499953125	0.0944337206134	0.0234696291429	0	1510577789.5574899	47.0804597701	0.517177589852
344.0	0.189583285938	0.0858143368184	0.0218999955708	0	1510577790.324349	46.9007633588	0.519027484144
343.5	0.189583285938	0.0884278490415	0.0219374915474	0	1510577791.088271	46.9007633588	0.549682875264
343.0	0.187499953125	0.0791678997384	0.0328177226764	0	1510577791.5598881	46.5454545455	0.545454545455
343.0	0.189583285938	0.0875024791248	0.0211014024213	0	1510577792.3262093	46.8114285714	0.542694385718
342.5	0.189583285938	0.0565161417479	0.0159437453059	0	1510577793.084955	46.2824858757	0.54797979798
342.0	0.189583285938	0.0741883047633	0.0196392028979	0	1510577793.5530035	46.5454545455	0.545454545455
342.0	0.189583285938	0.0707941188994	0.0189695098557	0	1510577794.318738	46.2824858757	0.542424242424
341.5	0.189583285938	0.0459323232277	0.0138027602952	0	1510577795.0886524	46.5454545455	0.551018910031
341.0	0.189583285938	0.0475814242444	0.0142813333827	0	1510577795.5564783	46.2824858757	0.542424242424
341.0	0.187499953125	0.0414998464406	0.0113693910414	0	1510577796.3345146	46.5454545455	0.545454545455
340.5	0.189583285938	0.0165157461574	0.00501955924921	0	1510577797.1753383	46.5454545455	0.545454545455
340.0	0.189583285938	0.0350383004691	0.0134477595131	0	1510577798.0531938	46.2824858757	0.54797979798
339.5	0.187499953125	0.0307842133807	0.0144965570046	0	1510577798.5561206	46.5454545455	0.545454545455
339.5	0.187499953125	0.0308686921683	0.00896300257052	0	1510577799.3230934	46.5454545455	0.545454545455
339.0	0.189583285938	0.0256069523611	0.00798352415581	0	1510577800.090999	46.5454545455	0.545454545455
339.0	0.189583285938	0.0219883965648	0.0082184068772	0	1510577800.5594988	46.8114285714	0.548508339206
338.5	0.187499953125	0.0213926779279	0.00714352985941	0	1510577801.3257005	46.5454545455	0.545454545455
338.0	0.187499953125	0.0179842452176	0.00699183652743	0	1510577802.0925908	46.5454545455	0.545454545455
338.0	0.189583285938	0.0176007974326	0.00822845841422	0	1510577802.5535986	46.5454545455	0.551151045337
337.5	0.187499953125	0.0198124200169	0.00638614605131	0	1510577803.3174286	46.8114285714	0.542811839323
337.0	0.189583285938	0.0155554089971	0.00639516918288	0	1510577804.131453	46.9007633588	0.526779422128
336.5	0.0020833328125	0.000183078219769	0.00508474268017	0	1510577804.555783	nan	nan
336.5	0.187499953125	0.0144997966376	0.00645876705501	0	1510577805.3221471	47.2615384615	0.523079633545
336.0	0.187499953125	0.0146613567335	0.0056207150609	0	1510577806.077115	47.0804597701	0.517177589852
336.0	0.187499953125	0.0107728064304	0.00855731338031	0	1510577806.5616686	47.0804597701	0.52299154334
335.5	0.189583285938	0.013798504226	0.00537442700129	0	1510577807.3268094	46.9007633588	0.54193093728
335.0	0.368749907812	0.000611313715785	0.00356446561444	0	1510577808.156524	nan	nan
335.0	0.193749951563	0.00219605472017	0.00606629069021	0	1510577808.5655725	46.5454545455	0.545454545455
334.5	0.368749907812	0.0185352054213	0.0124806184274	0	1510577809.4045727	47.2615384615	0.545815295815
334.0	0.189583285938	0.0121030897577	0.00563363393852	0	1510577810.1644688	46.1954887218	0.541414141414
334.0	0.19166661875	0.00950339825416	0.00633426731511	0	1510577810.5691545	46.5454545455	0.545454545455
333.5	0.189583285938	0.0100837540792	0.00490413377923	0	1510577811.3371873	46.1954887218	0.548821548822
333.0	0.189583285938	0.0115811110795	0.00515488653172	0	1510577812.102126	46.1954887218	0.518855218855
333.0	0.19166661875	0.00733057520057	0.0071067804547	0	1510577812.618865	46.1954887218	0.541414141414
332.5	0.368749907812	0.00614290182924	0.00270349609775	0	1510577813.3890038	46.1954887218	0.548821548822
332.0	0.368749907812	0.0171025691282	0.0129119294026	0	1510577814.2287066	52.5128205128	0.538460693895
331.5	0.189583285938	0.00882568362921	0.00635791535422	0	1510577815.0673723	46.2824858757	0.54797979798
331.5	0.19166661875	0.0096533589312	0.00647081208264	0	1510577815.5595248	46.1954887218	0.533838383838
331.0	0.189583285938	0.00978966341893	0.00568199606372	0	1510577816.318642	46.1954887218	0.533838383838
330.5	0.189583285938	0.00966594832807	0.00550487160535	0	1510577817.0823925	46.1954887218	0.526262626263
330.5	0.189583285938	0.00935248865828	0.00674540446326	0	1510577817.563336	46.1954887218	0.518855218855
330.0	0.189583285938	0.00957235470057	0.00539757406554	0	1510577818.3331244	46.1954887218	0.548821548822
329.5	0.368749907812	0.000485871526042	0.00346091823726	0	1510577819.1590889	nan	nan
329.5	0.189583285938	0.0066654992232	0.00608067972381	0	1510577820.0598688	46.1954887218	0.548821548822
329.0	0.19166661875	0.00949679387437	0.00527234117511	0	1510577820.5636644	46.5454545455	0.545454545455
328.5	0.187499953125	0.00549069163993	0.00629622408595	0	1510577821.3806484	46.5454545455	0.545454545455
328.5	0.189583285938	0.0104942163054	0.00487346986142	0	1510577822.1475053	46.5454545455	0.545454545455
328.0	0.19166661875	0.00826018192694	0.00484171325384	0	1510577822.5654738	46.5454545455	0.545454545455
327.5	0.189583285938	0.00894009117062	0.00478844760604	0	1510577823.3341794	46.2824858757	0.54797979798
327.5	0.189583285938	0.0100258598099	0.00539473329081	0	1510577824.1032531	46.5454545455	0.551151045337
327.0	0.187499953125	0.00760724322992	0.00429380008579	0	1510577824.5593338	46.5454545455	0.545454545455
326.5	0.189583285938	0.00739572387421	0.00491198034369	0	1510577825.3296344	46.8114285714	0.554307610994
326.5	0.19166661875	0.00779825763492	0.00504617587442	0	1510577826.1916065	46.1954887218	0.548821548822
326.0	0.187499953125	0.00782615425766	0.00497952104552	0	1510577827.068538	46.5454545455	0.545454545455
325.5	0.187499953125	0.00694012927871	0.00522780690111	0	1510577827.5597541	46.5454545455	0.545454545455
325.0	0.187499953125	0.00688341036391	0.00462055346316	0	1510577828.3297403	46.5454545455	0.545454545455
325.0	0.187499953125	0.00604129000628	0.0047245268361	0	1510577829.0954723	46.5454545455	0.545454545455
324.5	0.189583285938	0.0062594502984	0.00490685827413	0	1510577829.5641065	46.9007633588	0.54193093728
324.5	0.189583285938	0.00602421455924	0.0046575080256	0	1510577830.3302197	46.9007633588	0.549682875264
324.0	0.187499953125	0.00564987394366	0.00461648248275	0	1510577831.0867324	46.9007633588	0.519027484144
323.5	0.187499953125	0.00698341662149	0.00542941502548	0	1510577831.5650125	47.2615384615	0.530831571529
323.5	0.187499953125	0.00643982432042	0.00501992047343	0	1510577832.3280969	47.0804597701	0.528805496829
323.0	0.189583285938	0.00687837463095	0.00469961017005	0	1510577833.0930007	46.9007633588	0.526779422128
322.5	0.187499953125	0.00457125100495	0.00407583734948	0	1510577833.5599315	46.9007633588	0.549682875264
322.5	0.189583285938	0.0067153655892	0.00415431768739	0	1510577834.3366728	46.5454545455	0.545454545455
322.0	0.189583285938	0.00657600375816	0.00406641862717	0	1510577835.0952754	46.8114285714	0.542811839323
321.5	0.189583285938	0.00453724990718	0.00489349331345	0	1510577835.5615249	46.9007633588	0.549682875264
321.5	0.368749907812	0.00132162665372	0.001982640565	0	1510577836.3933513	47.2615384615	0.546159267089
321.0	0.187499953125	0.00293102167621	0.00174001598483	0	1510577837.217371	47.3526011561	0.520216701903
320.5	0.187499953125	0.00255296546345	0.00723465153146	0	1510577838.0591319	47.0804597701	0.517177589852
320.0	0.187499953125	0.00168967544793	0.00492269837166	0	1510577838.6211333	46.8114285714	0.548625792812
320.0	0.368749907812	0.0167744520162	0.010639139114	0	1510577839.3788652	46.5454545455	0.568181818182
319.5	0.368749907812	0.00229121771806	0.00233523450241	0	1510577840.209365	47.2615384615	0.553440913197
319.0	0.187499953125	0.00458197193584	0.00486609741534	0	1510577841.0596654	46.2824858757	0.542424242424
319.0	0.189583285938	0.00484084930525	0.00497116853254	0	1510577841.5615666	46.5454545455	0.545454545455
318.5	0.189583285938	0.00437924074368	0.0053696977084	0	1510577842.379573	46.5454545455	0.545454545455
318.0	0.372916573438	0.0139209366907	0.00425621396253	0	1510577843.1505792	nan	nan
317.5	0.189583285938	0.000314325522793	0.00486610608699	0	1510577843.630367	46.5454545455	0.545454545455
317.5	0.368749907812	0.00287405149275	0.0020792569005	0	1510577844.3980978	46.5454545455	0.545454545455
317.0	0.19166661875	0.00398695132285	0.00425997518398	0	1510577845.1622064	46.5454545455	0.545454545455
317.0	0.187499953125	0.00331928253215	0.00455085410545	0	1510577845.5709336	46.5454545455	0.545454545455
316.5	0.189583285938	0.00633260717488	0.00526362302502	0	1510577846.3488529	46.2824858757	0.54797979798
316.0	0.189583285938	0.00468350756337	0.00403094804015	0	1510577847.1093094	46.5454545455	0.545454545455
316.0	0.187499953125	0.00421883843555	0.00447992418991	0	1510577847.554369	46.5454545455	0.545454545455
315.5	0.189583285938	0.00545253300113	0.00409419512828	0	1510577848.3136876	46.5454545455	0.545454545455
315.0	0.189583285938	0.00401297918883	0.00457200149227	0	1510577849.075476	46.5454545455	0.545454545455
315.0	0.187499953125	0.00518269678356	0.00438094297436	0	1510577849.5573475	46.9007633588	0.526779422128
314.5	0.189583285938	0.00488395236044	0.00550209449591	0	1510577850.3211553	47.0804597701	0.528805496829
314.0	0.366666575	0.00134417567776	0.00200861344655	0	1510577851.1528327	47.2615384615	0.569238900634
314.0	0.185416620313	0.00167797076898	0.00279104596376	0	1510577851.5690632	47.6279069767	0.523255813953
313.5	0.366666575	0.00454358816621	0.00705226164877	0	1510577852.4009397	47.6279069767	0.558139534884
313.0	0.187499953125	0.00412984933982	0.00485156400512	0	1510577853.2217128	47.3526011561	0.526030655391
312.5	0.189583285938	3.47222135417e-06	0.0	0	1510577854.0566924	46.8114285714	0.554307610994
312.5	0.187499953125	0.00295710120803	0.00286792401773	0	1510577854.625594	46.8114285714	0.548625792812
312.0	0.368749907812	0.0132762710223	0.00612525435273	0	1510577855.3905637	46.5454545455	0.545454545455
311.5	0.193749951563	0.00188126384813	0.00185763193433	0	1510577856.2383196	46.1954887218	0.541414141414
311.0	0.189583285938	0.00251524135286	0.00289842029815	0	1510577857.1161904	46.5454545455	0.545454545455
311.0	0.366666575	0.00376670195687	0.00743813074662	0	1510577857.55972	48.1882352941	0.717294900222
310.5	0.189583285938	0.00463369729518	0.00413220454927	0	1510577858.3281822	46.5454545455	0.545454545455
310.0	0.187499953125	0.00519095008281	0.00435632027961	0	1510577859.097024	46.9007633588	0.526779422128
310.0	0.189583285938	0.00294478202734	0.00397552893706	0	1510577859.6298099	46.9007633588	0.519027484144
309.5	0.189583285938	0.00174604798286	0.00155998512098	0	1510577860.3917572	47.0804597701	0.545983086681
309.0	0.366666575	0.000765187612839	0.00759235930094	0	1510577861.2207277	nan	nan
308.5	0.187499953125	0.00352978603232	0.00443869912186	0	1510577862.121462	46.9007633588	0.526779422128
308.5	0.368749907812	0.000837320602047	0.0016763031191	0	1510577862.5633745	46.9007633588	0.633544749824
308.0	0.187499953125	0.00357285335549	0.00274670502678	0	1510577863.3871748	47.2615384615	0.523079633545
307.5	0.368749907812	0.0173472178854	0.00489086012181	0	1510577864.15728	nan	nan
307.5	0.187499953125	0.000327881070491	0.00434885751659	0	1510577864.6320667	47.3526011561	0.526030655391
307.0	0.185416620313	0.00149204644572	0.00132946260227	0	1510577865.395081	47.6279069767	0.523255813953
306.5	0.366666575	0.00084893657971	0.00919466377007	0	1510577866.2249825	nan	nan
306.5	0.189583285938	0.00296606068305	0.0032973435798	0	1510577867.1235895	46.9007633588	0.549682875264
306.0	0.368749907812	5.15889822092e-05	0.00150060693436	0	1510577867.5606437	50.5679012346	0.545642092341
305.5	0.189583285938	0.00199178787548	0.00350794308124	0	1510577868.4286509	46.9007633588	0.534355179704
305.0	0.185416620313	0.0015499946105	0.00959801450131	0	1510577869.2373867	47.2615384615	0.530831571529
305.0	0.187499953125	0.00341449344837	0.00369963677994	0	1510577870.063245	46.9007633588	0.519027484144
304.5	0.187499953125	0.00256389752144	0.0039048478141	0	1510577870.5671654	46.9007633588	0.549682875264
304.0	0.189583285938	0.00367509411924	0.00361755339934	0	1510577871.3341272	46.9007633588	0.526779422128
304.0	0.187499953125	0.00375825236176	0.00425793740456	0	1510577872.1040347	47.3526011561	0.526030655391
303.5	0.185416620313	0.00365726927469	0.00326984405485	0	1510577872.5600164	47.3526011561	0.526030655391
303.0	0.185416620313	0.00357906031391	0.00388219949325	0	1510577873.3283317	47.6279069767	0.558139534884
303.0	0.189583285938	0.00306294439096	0.00323974967275	0	1510577874.0946987	47.6279069767	0.550387596899
302.5	0.185416620313	0.0037761710433	0.0035797082126	0	1510577874.5634437	47.6279069767	0.53488372093
302.0	0.189583285938	0.00328996552917	0.00439121355001	0	1510577875.3215795	47.6279069767	0.558139534884
302.0	0.185416620313	0.00267512397509	0.00361542836724	0	1510577876.086266	48.1882352941	0.552879291251
301.5	0.185416620313	0.0029648832794	0.00350941622399	0	1510577876.5642786	48.3779527559	0.519748984865
301.0	0.185416620313	0.00388987434319	0.00328039843666	0	1510577877.3258963	48.4733727811	0.520764119601
301.0	0.185416620313	0.00277318341391	0.00342058953932	0	1510577878.0861099	48.4733727811	0.544435215947
300.5	0.185416620313	0.0027158498365	0.00406249898438	0	1510577878.559965	47.6279069767	0.529069767442
300.5	0.185416620313	0.00364973800213	0.00370628582334	0	1510577879.3369696	47.3526011561	0.514402748414
300.0	0.185416620313	0.00316942296499	0.00352858978808	0	1510577880.113814	47.3526011561	0.520216701903
299.5	0.185416620313	0.00311161886995	0.0038924825809	0	1510577880.5608003	47.3526011561	0.520216701903
299.5	0.187499953125	0.00325211115719	0.00334710432197	0	1510577881.3215542	47.3526011561	0.531844608879
299.0	0.185416620313	0.00270294687891	0.00333346715683	0	1510577882.0844214	47.6279069767	0.517441860465
298.5	0.189583285938	0.0034261696761	0.00356717262854	0	1510577882.5602312	47.6279069767	0.558139534884
298.0	0.187499953125	0.00347739008703	0.00365248521134	0	1510577883.3242671	47.6279069767	0.558139534884
298.0	0.185416620313	0.00225587550441	0.00350185328991	0	1510577884.0936847	47.9064327485	0.543881506091
297.5	0.185416620313	0.00312215021661	0.00358500801472	0	1510577884.5597558	47.9064327485	0.549695459579
297.5	0.185416620313	0.00320494934121	0.00367078008511	0	1510577885.326954	47.9064327485	0.549695459579
297.0	0.185416620313	0.00272291598594	0.00320591968464	0	1510577886.0949204	48.1882352941	0.547065337763
297.0	0.185416620313	0.00273521895885	0.00365016319608	0	1510577886.5537434	47.9064327485	0.543881506091
296.5	0.185416620313	0.00331253840601	0.00341550739804	0	1510577887.3196309	47.9064327485	0.549695459579
296.0	0.185416620313	0.00190403279455	0.00328895479391	0	1510577888.0885465	47.9064327485	0.549695459579
295.5	0.187499953125	0.00310918072701	0.00355591323613	0	1510577888.5655696	48.0	0.546880767811
295.5	0.185416620313	0.0031399973603	0.00343070231545	0	1510577889.3253064	47.9064327485	0.555509413068
295.0	0.185416620313	0.00152537355028	0.00287871277422	0	1510577890.103147	47.9064327485	0.543881506091
294.5	0.185416620313	0.00236999584625	0.00320337102719	0	1510577890.5611596	47.9064327485	0.543881506091
294.5	0.185416620313	0.00263179041664	0.00351147546147	0	1510577891.3277152	47.9064327485	0.555509413068
294.0	0.187499953125	0.00186774121542	0.00311074316179	0	1510577892.0930257	47.9064327485	0.555509413068
293.5	0.185416620313	0.00269955847594	0.00349221648395	0	1510577892.5548856	47.9064327485	0.549695459579
293.5	0.185416620313	0.00278885257914	0.00317003601762	0	1510577893.318724	48.1882352941	0.547065337763
293.0	0.187499953125	0.00241844668884	0.00317796858087	0	1510577894.076504	48.1882352941	0.552879291251
292.5	0.189583285938	0.00143806155012	0.00310471107812	0	1510577894.5575473	47.6279069767	0.53488372093
292.5	0.185416620313	0.00284322676166	0.00272372069473	0	1510577895.3224647	47.6279069767	0.517441860465
292.0	0.185416620313	0.00265714423835	0.00334690440414	0	1510577896.0823703	47.6279069767	0.529069767442
291.5	0.187499953125	0.0018478481921	0.00303814358529	0	1510577896.5601423	47.6279069767	0.558139534884
291.5	0.189583285938	0.00254416972927	0.00337563720664	0	1510577897.3397987	47.6279069767	0.53488372093
291.0	0.185416620313	0.0020365971325	0.00305402469193	0	1510577898.1079834	47.6279069767	0.53488372093
290.5	0.185416620313	0.00265717506191	0.00338573526281	0	1510577898.5535054	47.6279069767	0.53488372093
290.5	0.189583285938	0.000935387795935	0.00299693336767	0	1510577899.3188126	47.6279069767	0.558139534884
290.0	0.189583285938	0.00257340371839	0.00290996333291	0	1510577900.0887032	48.0	0.554632705795
289.5	0.185416620313	0.00114807995457	0.00275085588828	0	1510577900.5567575	47.6279069767	0.53488372093
289.5	0.185416620313	0.00193489847586	0.00281322811583	0	1510577901.3225734	47.3526011561	0.526030655391
289.0	0.185416620313	0.00288018090389	0.00318042394719	0	1510577902.0789645	46.9007633588	0.519027484144
288.5	0.185416620313	0.00154199141122	0.00288279296683	0	1510577902.5614536	47.0804597701	0.528805496829
288.5	0.187499953125	0.00224865708388	0.00301047748829	0	1510577903.3262436	47.0804597701	0.528805496829
288.0	0.185416620313	0.00243184713113	0.00285626558574	0	1510577904.0972087	47.3526011561	0.526030655391
288.0	0.187499953125	0.00233932859615	0.00313418661775	0	1510577904.5541773	47.3526011561	0.526030655391
287.5	0.185416620313	0.00143407327093	0.00314457272897	0	1510577905.317986	47.3526011561	0.526030655391
287.0	0.185416620313	0.0017796566284	0.00281949879428	0	1510577906.0748158	47.0804597701	0.528805496829
286.5	0.185416620313	0.00263011404886	0.00305671391343	0	1510577906.5567179	47.3526011561	0.520216701903
286.5	0.187499953125	0.00210309071072	0.00323867830854	0	1510577907.3155735	47.3526011561	0.526030655391
286.0	0.187499953125	0.00216617034815	0.00334844975714	0	1510577908.0734782	47.3526011561	0.520216701903
285.5	0.185416620313	0.00145683236889	0.00278381203585	0	1510577908.5605335	47.3526011561	0.520216701903
285.5	0.185416620313	0.00167975882019	0.00314649286981	0	1510577909.3263886	47.6279069767	0.53488372093
285.0	0.185416620313	0.00176894251844	0.0029500674292	0	1510577910.0822473	47.3526011561	0.514402748414
285.0	0.185416620313	0.00255747738951	0.00305210162277	0	1510577910.5636668	47.6279069767	0.517448152623
284.5	0.185416620313	0.00146458546819	0.00279629460236	0	1510577911.3308668	47.3526011561	0.520216701903
284.0	0.185416620313	0.00254476727097	0.00278894342607	0	1510577912.100984	47.3526011561	0.526030655391
283.5	0.185416620313	0.0017867142392	0.00291432898341	0	1510577912.5569277	47.0804597701	0.52299154334
283.5	0.185416620313	0.0014478287697	0.00280784202836	0	1510577913.320599	47.3526011561	0.526030655391
283.0	0.185416620313	0.00112482464877	0.00272251782246	0	1510577914.0885727	47.3526011561	0.526030655391
283.0	0.185416620313	0.00146758666792	0.00289629889769	0	1510577914.5604868	47.0804597701	0.52299154334
282.5	0.187499953125	0.00200720074799	0.00268702615708	0	1510577915.3252523	47.3526011561	0.520216701903
282.0	0.185416620313	0.00160564185549	0.0029969598538	0	1510577916.0802715	47.3526011561	0.526030655391
282.0	0.185416620313	0.00192652012661	0.00283453172614	0	1510577916.5632772	47.3526011561	0.526030655391
281.5	0.185416620313	0.0012150637988	0.00289937587857	0	1510577917.3303068	47.3526011561	0.514402748414
281.0	0.185416620313	0.00184151483462	0.00277228169102	0	1510577918.0869436	47.6279069767	0.53488372093
280.5	0.187499953125	0.000687624471968	0.00251524547343	0	1510577918.5565896	47.6279069767	0.546511627907
280.5	0.185416620313	0.00255735255361	0.00294642351673	0	1510577919.3246562	47.9064327485	0.555509413068
280.0	0.185416620313	0.00149945798716	0.00275187338154	0	1510577920.0908444	48.3779527559	0.52750092285
280.0	0.185416620313	0.00240821818374	0.00315172903056	0	1510577920.5595567	48.4733727811	0.520764119601
279.5	0.185416620313	0.00150935336416	0.00279338739502	0	1510577921.324491	48.3779527559	0.519748984865
279.0	0.185416620313	0.0013700673213	0.00263661400693	0	1510577922.0794802	47.6279069767	0.511627906977
279.0	0.185416620313	0.000814825726666	0.00261786357023	0	1510577922.5629675	47.0804597701	0.528805496829
278.5	0.187499953125	0.000419292612264	0.00258081066695	0	1510577923.3208706	47.0804597701	0.528805496829
278.0	0.185416620313	0.00124589793654	0.0024412534372	0	1510577924.0869591	46.9007633588	0.549682875264
278.0	0.185416620313	0.00145309792732	0.00248653996068	0	1510577924.5660145	46.9007633588	0.519027484144
277.5	0.187499953125	0.00101561137082	0.00239366418963	0	1510577925.3260672	47.2615384615	0.523079633545
277.0	0.185416620313	0.00120148029187	0.00293231719221	0	1510577926.092883	47.0804597701	0.528805496829
277.0	0.185416620313	0.00142269372196	0.00289145874297	0	1510577926.559362	47.0804597701	0.52299154334
276.5	0.185416620313	0.000549469650548	0.00232779887317	0	1510577927.3294597	47.0804597701	0.52299154334
276.0	0.185416620313	0.000900234868979	0.00274714205197	0	1510577928.094394	47.3526011561	0.526030655391
276.0	0.185416620313	0.000973264062406	0.00263909276637	0	1510577928.562426	47.0804597701	0.52299154334
275.5	0.185416620313	0.00127088303562	0.00219126784799	0	1510577929.3221738	47.0804597701	0.52299154334
275.0	0.185416620313	0.000921243267088	0.00224972899724	0	1510577930.0902061	47.6279069767	0.523255813953
275.0	0.185416620313	0.000877202202646	0.00213448854473	0	1510577930.5650268	47.6279069767	0.53488372093
274.5	0.185416620313	0.00158314282621	0.00246784031875	0	1510577931.3260338	47.3526011561	0.531844608879
274.0	0.185416620313	0.00100090010992	0.00217295352393	0	1510577932.090722	47.0804597701	0.52299154334
274.0	0.185416620313	0.0014810920667	0.00254808814014	0	1510577932.5594442	47.3526011561	0.526030655391
273.5	0.185416620313	0.00109206155171	0.00230522300707	0	1510577933.3292148	47.3526011561	0.526030655391
273.0	0.185416620313	0.000489070505984	0.00293038810577	0	1510577934.0944927	47.3526011561	0.520216701903
273.0	0.185416620313	0.00159738855623	0.00268841722532	0	1510577934.5605466	47.3526011561	0.520216701903
272.5	0.185416620313	0.000857592822817	0.00269749158834	0	1510577935.322337	47.6279069767	0.523255813953
272.0	0.189583285938	0.00116294486596	0.00288326678813	0	1510577936.0782998	48.0	0.539128829827
272.0	0.185416620313	0.00105135132118	0.00257906252853	0	1510577936.5670376	47.6279069767	0.558139534884
271.5	0.185416620313	0.00102677523013	0.00285144432637	0	1510577937.3330383	47.6279069767	0.558139534884
271.0	0.1833332875	0.00126030951398	0.00257436450265	0	1510577938.0941012	47.6279069767	0.511627906977
271.0	0.185416620313	0.00141078721043	0.0025007166732	0	1510577938.559411	47.3526011561	0.531844608879
270.5	0.185416620313	0.000628459581514	0.00249468714742	0	1510577939.3298917	47.3526011561	0.520216701903
270.0	0.185416620313	0.00147171331755	0.00243049603009	0	1510577940.0935013	47.0804597701	0.528805496829
270.0	0.185416620313	0.00143494862085	0.00280059667748	0	1510577940.5615194	47.0804597701	0.528805496829
269.5	0.185416620313	0.00200237994041	0.00284739035276	0	1510577941.3324323	47.0804597701	0.528805496829
269.0	0.185416620313	0.00177074340038	0.00310618050406	0	1510577942.1000109	47.3526011561	0.526030655391
269.0	0.185416620313	0.00104560397686	0.0025932170756	0	1510577942.5642211	47.3526011561	0.526030655391
268.5	0.185416620313	0.00210871796022	0.00309737346794	0	1510577943.325254	47.3526011561	0.526030655391
268.0	0.185416620313	0.00125050083285	0.00256257463678	0	1510577944.0890021	47.3526011561	0.531844608879
268.0	0.185416620313	0.00131615113155	0.00243047963653	0	1510577944.562097	47.0804597701	0.52299154334
267.5	0.185416620313	0.00129610505971	0.0025564699851	0	1510577945.325821	47.0804597701	0.528805496829
267.0	0.185416620313	0.00153874512122	0.00298071731488	0	1510577946.0852754	46.9007633588	0.519027484144
267.0	0.187499953125	0.00112525029143	0.00247843404902	0	1510577946.5547702	46.9007633588	0.549682875264
266.5	0.187499953125	0.00119891865789	0.0026115144422	0	1510577947.3195148	46.9007633588	0.526779422128
266.0	0.187499953125	0.000545343000919	0.00263339592924	0	1510577948.0885186	46.8114285714	0.525766384778
266.0	0.185416620313	0.00154324191111	0.0029447905848	0	1510577948.5569844	47.3526011561	0.526030655391
265.5	0.187499953125	0.000549969850503	0.00231766608742	0	1510577949.3242004	47.0804597701	0.528805496829
265.0	0.185416620313	0.000364298341974	0.00252768297007	0	1510577950.0816765	47.0804597701	0.517177589852
265.0	0.187499953125	0.00120498169155	0.00273766580003	0	1510577950.5607069	46.9007633588	0.526779422128
264.5	0.185416620313	0.00199145359105	0.00252208078337	0	1510577951.3269093	46.9007633588	0.526779422128
264.0	0.185416620313	0.000613818113965	0.00235794029933	0	1510577952.094001	47.2615384615	0.523079633545
264.0	0.185416620313	0.000607993045281	0.00239669977197	0	1510577952.5538137	47.2615384615	0.530831571529
263.5	0.185416620313	0.0042710828383	0.00370985200453	0	1510577953.3197472	47.0804597701	0.528805496829
263.0	0.187499953125	0.00351077843403	0.00295655626773	0	1510577954.0764875	47.0804597701	0.528805496829
263.0	0.187499953125	0.00378726395915	0.00375296067869	0	1510577954.5569806	47.0804597701	0.528805496829
262.5	0.187499953125	0.00304584257587	0.0030291509003	0	1510577955.3222773	46.9007633588	0.526779422128
262.0	0.185416620313	0.00381502505665	0.00310337608935	0	1510577956.0921788	46.9007633588	0.526779422128
262.0	0.185416620313	0.00316051341555	0.00348942191787	0	1510577956.5612202	46.9007633588	0.526779422128
261.5	0.185416620313	0.00343762419061	0.00289403234072	0	1510577957.3260791	46.9007633588	0.526779422128
261.5	0.187499953125	0.00403968968231	0.00306026877353	0	1510577958.0854435	46.9007633588	0.549682875264
261.0	0.187499953125	0.00438193621548	0.00339664999982	0	1510577958.5537148	46.9007633588	0.549682875264
260.5	0.185416620313	0.00370485601656	0.00297124968853	0	1510577959.3208215	46.9007633588	0.549682875264
260.0	0.187499953125	0.00529861812312	0.00322514740357	0	1510577960.0882716	46.9007633588	0.549682875264
260.0	0.187499953125	0.0045115431161	0.00302854095252	0	1510577960.556607	46.9007633588	0.549682875264
259.5	0.187499953125	0.00359281648012	0.0032848831008	0	1510577961.3225868	46.8114285714	0.548625792812
259.0	0.187499953125	0.00673791712995	0.00344070287627	0	1510577962.0792692	46.5454545455	0.545454545455
259.0	0.187499953125	0.00409313623162	0.00323579062851	0	1510577962.5610607	46.8114285714	0.542811839323
258.5	0.187499953125	0.00403098638721	0.00338152648367	0	1510577963.327231	46.8114285714	0.542811839323
258.5	0.185416620313	0.00429046511386	0.00308351673237	0	1510577964.0976598	46.9007633588	0.526779422128
258.0	0.187499953125	0.00193977542542	0.00282693304999	0	1510577964.5639212	46.9007633588	0.526779422128
257.5	0.185416620313	0.00226552188982	0.0027066909235	0	1510577965.3297822	46.9007633588	0.526779422128
257.0	0.187499953125	0.0018228267207	0.00241798213002	0	1510577966.0897863	46.8114285714	0.548625792812
257.0	0.185416620313	0.0019141067666	0.00277128893039	0	1510577966.556566	46.8114285714	0.548625792812
256.5	0.187499953125	0.00242387897593	0.00310677430111	0	1510577967.3254824	46.8114285714	0.548625792812
256.5	0.187499953125	0.00198829417647	0.00274919032376	0	1510577968.0924633	46.8114285714	0.548625792812
256.0	0.185416620313	0.00196923275511	0.00300854255434	0	1510577968.5603042	46.5454545455	0.545454545455
255.5	0.185416620313	0.00136018007233	0.00249179726471	0	1510577969.3299878	46.5454545455	0.545454545455
255.5	0.187499953125	0.00163777880018	0.00223017996216	0	1510577970.098085	46.5454545455	0.545454545455
255.0	0.187499953125	0.00147954215589	0.00252082732261	0	1510577970.563887	46.5454545455	0.55303030303
254.5	0.189583285938	0.00160543702705	0.00232531983562	0	1510577971.331004	46.5454545455	0.545454545455
254.0	0.187499953125	0.00208408311243	0.00239031891301	0	1510577972.0997543	46.5454545455	0.545454545455
254.0	0.187499953125	0.00257595310252	0.00250790000964	0	1510577972.5566597	46.9007633588	0.526779422128
253.5	0.185416620313	0.00177925039694	0.00249569216991	0	1510577973.321704	47.0804597701	0.52299154334
253.5	0.185416620313	0.00132561457472	0.00277148034822	0	1510577974.0914803	47.0804597701	0.52299154334
253.0	0.187499953125	3.37634969613e-05	0.00271114510363	0	1510577974.559466	46.9007633588	0.549682875264
252.5	0.185416620313	0.00173360495033	0.00247416177558	0	1510577975.4584358	46.5454545455	0.545454545455
252.5	0.187499953125	0.00125742737751	0.002366500991	0	1510577976.218205	46.5454545455	0.545454545455
252.0	0.187499953125	0.00125812540139	0.00235886016387	0	1510577977.0571454	46.5454545455	0.545454545455
251.5	0.187499953125	0.00188167550324	0.00221608186581	0	1510577977.5609498	46.5454545455	0.551151045337
251.0	0.187499953125	0.00157504614118	0.00226935034937	0	1510577978.3269076	46.8114285714	0.548625792812
251.0	0.187499953125	0.00221290899093	0.00246246266041	0	1510577979.0963852	46.9007633588	0.54193093728
250.5	0.187499953125	0.00191143377997	0.0022253637613	0	1510577979.5636046	46.9007633588	0.549682875264
250.5	0.187499953125	0.00106623904968	0.00227743291675	0	1510577980.329386	46.9007633588	0.54193093728
250.0	0.185416620313	0.00132468824271	0.00241128148817	0	1510577981.10128	46.9007633588	0.549682875264
249.5	0.187499953125	0.00214616093695	0.0022961048799	0	1510577981.5560176	47.2615384615	0.523079633545
249.5	0.185416620313	0.00254651797081	0.00268037463103	0	1510577982.3237681	47.0804597701	0.528805496829
249.0	0.185416620313	0.00114592221537	0.00211851406152	0	1510577983.0902903	47.2615384615	0.523079633545
248.5	0.185416620313	0.000776060230155	0.00209778699837	0	1510577983.5615895	46.9007633588	0.526779422128
248.0	0.187499953125	0.00176425225539	0.00222448043009	0	1510577984.326882	46.9007633588	0.549682875264
248.0	0.187499953125	0.0018583020205	0.00196968594198	0	1510577985.0957584	46.8114285714	0.554307610994
247.5	0.189583285938	0.00183498353485	0.00247063758751	0	1510577985.5637183	46.8114285714	0.542811839323
247.0	0.185416620313	0.00192239347698	0.00205445950533	0	1510577986.330735	46.5454545455	0.545454545455
247.0	0.187499953125	0.00197989735357	0.00239812085405	0	1510577987.1135876	46.9007633588	0.54193093728
246.5	0.187499953125	0.00256287521839	0.00299729289154	0	1510577987.5674176	46.8114285714	0.548625792812
246.5	0.187499953125	0.0018399855344	0.00224825443608	0	1510577988.3343363	46.8114285714	0.542811839323
246.0	0.185416620313	0.00199233048217	0.00242551201908	0	1510577989.0928776	46.5454545455	0.551136363636
245.5	0.185416620313	0.00198774418149	0.00270995038954	0	1510577989.5630524	46.9007633588	0.54193093728
245.5	0.185416620313	0.00160526670553	0.00280031321567	0	1510577990.3289514	46.9007633588	0.526779422128
245.0	0.185416620313	0.00262529946372	0.00255935911112	0	1510577991.0947258	47.0804597701	0.528805496829
244.5	0.185416620313	0.00261500890511	0.00244757397007	0	1510577991.562559	47.3526011561	0.514402748414
244.5	0.185416620313	0.00278523839933	0.00282784037657	0	1510577992.3296542	47.0804597701	0.528805496829
244.0	0.187499953125	0.00327023687005	0.00287803642909	0	1510577993.0925505	46.9007633588	0.549682875264
243.5	0.185416620313	0.00263155196316	0.00265933668751	0	1510577993.5646338	46.8114285714	0.542811839323
243.5	0.187499953125	0.00202446613191	0.00254264714762	0	1510577994.327336	46.5454545455	0.545454545455
243.0	0.187499953125	0.00283762815657	0.00259211033568	0	1510577995.091285	46.5454545455	0.545454545455
242.5	0.187499953125	0.00268313220436	0.002828392317	0	1510577995.5627244	46.5454545455	0.545454545455
242.0	0.187499953125	0.00232533232245	0.0029239686115	0	1510577996.3277767	46.5454545455	0.545454545455
242.0	0.187499953125	0.00329975576154	0.00274635808402	0	1510577997.09707	46.8114285714	0.548625792812
241.5	0.187499953125	0.00315388576615	0.0027113056299	0	1510577997.5568867	46.8114285714	0.542811839323
241.5	0.187499953125	0.00374624047237	0.00289228952549	0	1510577998.3213305	46.5454545455	0.545454545455
241.0	0.187499953125	0.00365472775184	0.00272457611997	0	1510577999.0856452	46.8114285714	0.548625792812
240.5	0.189583285938	0.00299294643063	0.00275605198115	0	1510577999.566647	46.8114285714	0.542811839323
240.5	0.189583285938	0.0031806979448	0.0025931612849	0	1510578000.3335733	46.5454545455	0.545454545455
240.0	0.185416620313	0.003520044939	0.00271406021675	0	1510578001.1034799	46.5454545455	0.545454545455
239.5	0.189583285938	0.00339062415234	0.00282583732937	0	1510578001.5572853	46.5454545455	0.545454545455
239.0	0.185416620313	0.00369703873782	0.00317201769186	0	1510578002.3152921	46.5454545455	0.545454545455
239.0	0.189583285938	0.00366242391257	0.00272267269376	0	1510578003.0840294	46.5454545455	0.545454545455
238.5	0.187499953125	0.00417985648654	0.00267291083385	0	1510578003.5536733	46.5454545455	0.545454545455
238.5	0.187499953125	0.00468078706004	0.00307836216538	0	1510578004.3198283	46.5454545455	0.545454545455
238.0	0.187499953125	0.00489193033486	0.00321144061794	0	1510578005.0857475	46.5454545455	0.545454545455
237.5	0.189583285938	0.00563787874259	0.00356275031463	0	1510578005.5648134	46.5454545455	0.545454545455
237.5	0.187499953125	0.00510425488087	0.00315080651916	0	1510578006.3251216	46.5454545455	0.545454545455
237.0	0.187499953125	0.00811561939148	0.0035260813882	0	1510578007.0893257	46.5454545455	0.545454545455
236.5	0.187499953125	0.00536264900298	0.0035789339461	0	1510578007.5565114	46.5454545455	0.545454545455
236.5	0.187499953125	0.00613362532799	0.00323142574605	0	1510578008.3093657	46.5454545455	0.545454545455
236.0	0.185416620313	0.00568893042198	0.0032631418294	0	1510578009.0690405	46.5454545455	0.545454545455
235.5	0.185416620313	0.00567489835218	0.00308210452796	0	1510578009.5537632	46.5454545455	0.545454545455
235.5	0.187499953125	0.00641468927268	0.00318098259127	0	1510578010.320071	46.8114285714	0.542811839323
235.0	0.189583285938	0.0064336531207	0.00352834330919	0	1510578011.0765364	46.8114285714	0.548625792812
234.5	0.187499953125	0.0047466474728	0.00273406632406	0	1510578011.5579445	46.5454545455	0.545454545455
234.5	0.187499953125	0.00589912510025	0.00301336805739	0	1510578012.3227904	46.5454545455	0.545454545455
234.0	0.189583285938	0.00722005475283	0.0033473325919	0	1510578013.08463	46.5454545455	0.545454545455
233.5	0.187499953125	0.00640454808386	0.00341113498156	0	1510578013.564026	46.5454545455	0.545454545455
233.5	0.187499953125	0.00828924835724	0.00383828864469	0	1510578014.3289065	46.5454545455	0.545454545455
233.0	0.187499953125	0.00767344811027	0.00364839063416	0	1510578015.0851228	46.5454545455	0.545454545455
232.5	0.187499953125	0.00692216841726	0.00314091286356	0	1510578015.55424	46.9007633588	0.549682875264
232.5	0.187499953125	0.00797562085833	0.00341667110552	0	1510578016.3189683	46.8114285714	0.548625792812
232.0	0.187499953125	0.00899999775	0.00359111629401	0	1510578017.0890465	46.9007633588	0.549682875264
231.5	0.189583285938	0.0076610625105	0.00447089803157	0	1510578017.5579162	46.9007633588	0.549682875264
231.5	0.187499953125	0.00839839065527	0.00394362995463	0	1510578018.3227885	46.8114285714	0.548625792812
231.0	0.187499953125	0.00928987453893	0.00383032445247	0	1510578019.0926163	46.5454545455	0.545454545455
230.5	0.189583285938	0.00855767092981	0.00361330451788	0	1510578019.5655537	46.8114285714	0.542811839323
230.5	0.189583285938	0.010036961592	0.00414261175598	0	1510578020.3275428	46.8114285714	0.554307610994
230.0	0.189583285938	0.00808066450332	0.0041697890918	0	1510578021.0968926	46.8114285714	0.548625792812
229.5	0.187499953125	0.00814713181676	0.00466940103368	0	1510578021.55381	46.9007633588	0.526779422128
229.5	0.189583285938	0.0104113674537	0.00402792041372	0	1510578022.3218074	46.9007633588	0.549682875264
229.0	0.189583285938	0.0103949179339	0.00486556438899	0	1510578023.0890088	46.8114285714	0.548625792812
229.0	0.187499953125	0.00749092381455	0.0063048309566	0	1510578023.556905	46.5454545455	0.545454545455
228.5	0.185416620313	0.010661831527	0.00399940668922	0	1510578024.32895	46.5454545455	0.545454545455
228.0	0.187499953125	0.0117363221815	0.0047867214983	0	1510578025.0937188	46.8114285714	0.537130021142
227.5	0.187499953125	0.0094337748466	0.00467395560427	0	1510578025.5657482	46.5454545455	0.545454545455
227.0	0.189583285938	0.0115741267583	0.00444687478325	0	1510578026.3276353	46.5454545455	0.545454545455
227.0	0.187499953125	0.0127130015468	0.00441478676484	0	1510578027.0832758	46.5454545455	0.545454545455
226.5	0.187499953125	0.0132939392535	0.00486223654624	0	1510578027.5644522	46.8114285714	0.542811839323
226.5	0.189583285938	0.013701310562	0.00477486798546	0	1510578028.328206	46.9007633588	0.549682875264
226.0	0.185416620313	0.0124507803631	0.0041724174915	0	1510578029.0896673	47.0804597701	0.517177589852
225.5	0.185416620313	0.0102792249502	0.0056123361859	0	1510578029.5569305	47.3526011561	0.526030655391
225.5	0.187499953125	0.0136620864204	0.00483764143548	0	1510578030.3210206	47.3526011561	0.526030655391
225.0	0.185416620313	0.0130546784404	0.00437201721181	0	1510578031.0887892	47.3526011561	0.514402748414
224.5	0.189583285938	0.0119213111222	0.00579879112503	0	1510578031.5657449	47.6279069767	0.550387596899
224.5	0.185416620313	0.0151483055367	0.00519676014353	0	1510578032.340576	47.3526011561	0.520216701903
224.0	0.185416620313	0.0155197555702	0.00540188821519	0	1510578033.1105735	46.8114285714	0.548625792812
223.5	0.189583285938	0.0150843139552	0.00589784956385	0	1510578033.563317	46.5454545455	0.545454545455
223.5	0.185416620313	0.0146263029013	0.00545766238754	0	1510578034.3319886	46.5454545455	0.545454545455
223.0	0.187499953125	0.0151989495118	0.00562826330361	0	1510578035.0998814	46.9007633588	0.55725863284
222.5	0.187499953125	0.0129089771129	0.00626982403954	0	1510578035.5572402	46.9007633588	0.526779422128
222.5	0.185416620313	0.0149348831506	0.00514434055617	0	1510578036.3260782	47.0804597701	0.528805496829
222.0	0.185416620313	0.0171024617108	0.00578431174954	0	1510578037.105016	47.0804597701	0.528805496829
221.5	0.185416620313	0.0149639316828	0.00614358891132	0	1510578037.559714	47.0804597701	0.528805496829
221.5	0.187499953125	0.0159459994149	0.00546747625003	0	1510578038.3257902	47.0804597701	0.52299154334
221.0	0.185416620313	0.0181133658198	0.00630734368232	0	1510578039.080565	47.3526011561	0.526030655391
220.5	0.185416620313	0.0155190817505	0.00657790413823	0	1510578039.5643957	47.3526011561	0.520216701903
220.5	0.185416620313	0.0194177622524	0.00608315369679	0	1510578040.3433683	47.0804597701	0.528805496829
220.0	0.185416620313	0.0196597339806	0.00642131930375	0	1510578041.109165	47.3526011561	0.526030655391
219.5	0.187499953125	0.0127234612049	0.00850514056139	0	1510578041.55678	46.9007633588	0.549682875264
219.5	0.187499953125	0.0182566731069	0.00571584275387	0	1510578042.3220289	46.5454545455	0.545454545455
219.0	0.187499953125	0.0177166572441	0.0057900226022	0	1510578043.087051	47.2615384615	0.523079633545
218.5	0.185416620313	0.018233163709	0.0063851971447	0	1510578043.5584126	47.2615384615	0.530831571529
218.5	0.185416620313	0.0156430910205	0.0057950404397	0	1510578044.3297548	47.0804597701	0.528805496829
218.0	0.185416620313	0.018567047179	0.00631543997023	0	1510578045.0977843	47.0804597701	0.52299154334
217.5	0.185416620313	0.0135488324286	0.00820670870499	0	1510578045.5636182	47.3526011561	0.520216701903
217.5	0.185416620313	0.0247771546701	0.00661638088927	0	1510578046.3294592	47.6279069767	0.523255813953
217.0	0.187499953125	0.022766475901	0.00697496614024	0	1510578047.100336	47.3526011561	0.526030655391
216.5	0.187499953125	0.0135445627651	0.00990105060717	0	1510578047.565424	47.3526011561	0.526030655391
216.5	0.185416620313	0.0258605510346	0.0062476784619	0	1510578048.3262582	47.6279069767	0.53488372093
216.0	0.187499953125	0.0264163791078	0.00712037711463	0	1510578049.0920463	47.6279069767	0.540697674419
215.5	0.185416620313	0.0239303207785	0.00848739285421	0	1510578049.5601346	47.6279069767	0.53488372093
215.0	0.189583285938	0.0231283705684	0.007384691833	0	1510578050.3289583	48.0	0.554632705795
215.0	0.185416620313	0.0252012292187	0.00725644776396	0	1510578051.093623	47.9064327485	0.549695459579
214.5	0.185416620313	0.0225207386718	0.00644077824325	0	1510578051.5616891	47.9064327485	0.549695459579
214.5	0.185416620313	0.0241880459473	0.00753731408773	0	1510578052.324549	48.1882352941	0.547065337763
214.0	0.187499953125	0.0290123777052	0.00886899623388	0	1510578053.0865042	47.6279069767	0.53488372093
213.5	0.185416620313	0.0159603801636	0.0146980461688	0	1510578053.5584636	47.0804597701	0.528805496829
213.5	0.185416620313	0.0284381181406	0.00730452314686	0	1510578054.3252428	47.2615384615	0.530831571529
213.0	0.187499953125	0.0303517581183	0.0081825335882	0	1510578055.0892556	47.2615384615	0.530831571529
212.5	0.187499953125	0.0295016832597	0.00804613984478	0	1510578055.5602064	47.2615384615	0.523079633545
212.5	0.185416620313	0.0259817612116	0.00685299953706	0	1510578056.3398352	46.9007633588	0.526779422128
212.0	0.187499953125	0.0279608515956	0.00772158539227	0	1510578057.1089544	46.9007633588	0.519027484144
211.5	0.185416620313	0.0307700503307	0.00857188876392	0	1510578057.5537646	47.0804597701	0.528805496829
211.5	0.185416620313	0.0309277383665	0.00808735484292	0	1510578058.321728	47.0804597701	0.52299154334
211.0	0.185416620313	0.0285518069064	0.00729644198283	0	1510578059.0774345	47.3526011561	0.514402748414
210.5	0.185416620313	0.0299386980737	0.0108333745044	0	1510578059.5663996	47.3526011561	0.520216701903
210.5	0.185416620313	0.0341236857987	0.00857761073044	0	1510578060.3262758	47.6279069767	0.53488372093
210.0	0.185416620313	0.035161315996	0.00695855558326	0	1510578061.0893607	47.6279069767	0.546511627907
210.0	0.185416620313	0.0282229096109	0.0131515802688	0	1510578061.5587418	48.1882352941	0.547065337763
209.5	0.185416620313	0.0360250266063	0.00748074713502	0	1510578062.3291714	48.1882352941	0.552879291251
209.0	0.1833332875	0.0359061405873	0.00706199502093	0	1510578063.093974	48.4733727811	0.520764119601
209.0	0.185416620313	0.0340454525425	0.00871142625493	0	1510578063.55984	48.4733727811	0.514811738649
208.5	0.185416620313	0.02822448718	0.00844326356085	0	1510578064.3097527	48.3779527559	0.52750092285
208.0	0.185416620313	0.0292556728701	0.00838606236898	0	1510578065.089768	47.6279069767	0.53488372093
207.5	0.187499953125	0.0301160388896	0.00928014462775	0	1510578065.5576851	47.3526011561	0.526030655391
207.5	0.185416620313	0.0304634277583	0.00756370452162	0	1510578066.3254128	47.3526011561	0.526030655391
207.0	0.185416620313	0.0314720890678	0.00846092625624	0	1510578067.1013126	47.3526011561	0.526030655391
207.0	0.185416620313	0.032002229256	0.0097938358093	0	1510578067.561353	47.0804597701	0.528805496829
206.5	0.187499953125	0.0302749774253	0.00815875152212	0	1510578068.3270552	47.3526011561	0.526030655391
206.0	0.185416620313	0.0287945106085	0.010735314274	0	1510578069.2395728	47.6279069767	0.523255813953
205.5	0.1833332875	0.0286319740358	0.0121551294378	0	1510578070.0575755	47.6279069767	0.53488372093
205.5	0.189583285938	0.0293078452371	0.0123873232995	0	1510578070.5587797	47.6279069767	0.550387596899

#$Filter:1
#$	0	1	 1
#$	1	op06	0.251188643150958
#$	2	op09	0.02848931924611138
#$	3	op18*op18*op18	3.9810717055349725e-06
#$	4	ns12	1e-7
#$	5	0	 1e-22
#$POWER:55, mW
#$WAVELENGTH:532,nm
#$OBJECT:Air, on wires	=	=	=	=	=	=	=	=	=	=	=
angle	ref	signal	signal_std	filter	Time	freq	duty_cycle
204.5	0.185416620313	0.0460034553712	0.0116348299787	0	1510578077.4487634	47.3526011561	0.520216701903
204.5	0.187499953125	0.044799658668	0.0115014237791	0	1510578078.21452	47.3526011561	0.526030655391
204.0	0.187499953125	0.0548697242551	0.0140360531617	0	1510578079.0286076	47.3526011561	0.526030655391
203.5	0.366666575	nan	0.0677169048801	0	1510578079.4524467	nan	nan
203.5	0.187499953125	0.066699663197	0.0167317995397	0	1510578080.218379	47.6279069767	0.523255813953
203.0	0.189583285938	0.0597476406471	0.0124999947746	0	1510578080.976911	47.6279069767	0.53488372093
202.5	0.185416620313	0.0239685837514	0.0252723612673	0	1510578081.4452796	47.9064327485	0.549695459579
202.0	0.185416620313	0.0495316115487	0.012888243775	0	1510578082.2127278	48.1882352941	0.552879291251
202.0	0.1833332875	0.0492298702813	0.0117772486654	0	1510578082.975881	48.4733727811	0.520764119601
201.5	0.185416620313	0.0436345592245	0.0199716037097	0	1510578083.4478362	48.7619047619	0.52380952381
201.5	0.185416620313	0.058142633536	0.0140155152031	0	1510578084.214823	48.4733727811	0.520764119601
201.0	0.1833332875	0.0614129843591	0.015089213025	0	1510578084.984722	48.7619047619	0.52380952381
200.5	0.1833332875	0.0569528238013	0.0151675622117	0	1510578085.4526212	48.7619047619	0.517857142857
200.5	0.1833332875	0.0550547748472	0.0134879278472	0	1510578086.2103543	48.7619047619	0.52380952381

#$Filter:1
#$	0	1	 1
#$	1	op06	0.251188643150958
#$	2	op09	0.02848931924611138
#$	3	op18*op18*op18	3.9810717055349725e-06
#$	4	ns12	1e-7
#$	5	0	 1e-22
#$POWER:55, mW
#$WAVELENGTH:532,nm
#$OBJECT:Air, on wires	=	=	=	=	=	=	=	=	=	=	=
angle	ref	signal	signal_std	filter	Time	freq	duty_cycle
210.0	0.185416620313	0.0372213792501	0.0101286433378	0	1510578102.930911	47.0804597701	0.528805496829
210.0	0.185416620313	0.0303158043869	0.0145930279411	0	1510578103.3565016	47.0804597701	0.517177589852
210.0	0.185416620313	0.0418567322329	0.0115908790074	0	1510578104.1228027	47.0804597701	0.528805496829
209.5	0.187499953125	0.0455912250968	0.012506180171	0	1510578104.9306295	47.0804597701	0.52299154334
209.0	0.185416620313	0.0411939672925	0.0150643350224	0	1510578105.3496203	47.3526011561	0.526030655391
209.0	0.187499953125	0.0354236606119	0.0101716329785	0	1510578106.1143186	47.3526011561	0.526030655391
208.5	0.185416620313	0.0290647219469	0.00790891206144	0	1510578106.9212694	47.3526011561	0.520216701903
208.0	0.185416620313	0.0274848221886	0.0118276101531	0	1510578107.353328	47.6279069767	0.511627906977
207.5	0.187499953125	0.0315065834605	0.00903195076605	0	1510578108.1132169	47.6279069767	0.542635658915
207.0	0.185416620313	0.0348097491323	0.00979554511145	0	1510578108.9256568	47.9064327485	0.549695459579
207.0	0.1833332875	0.0302387388791	0.0147910480858	0	1510578109.35658	47.6279069767	0.511627906977
206.5	0.185416620313	0.0308926039607	0.00913415724925	0	1510578110.1228907	47.3526011561	0.526030655391
206.0	0.187499953125	0.0341506517264	0.0103570810824	0	1510578110.9385498	48.0	0.554632705795
205.5	0.185416620313	0.0240766128496	0.0180402919731	0	1510578111.3495004	47.9064327485	0.543881506091
205.0	0.185416620313	0.0456457863093	0.0113919569019	0	1510578112.114668	47.9064327485	0.549695459579
204.5	0.185416620313	0.047105258879	0.011833274729	0	1510578112.9331143	47.9064327485	0.549695459579
204.5	0.185416620313	0.0339404473553	0.0192950549581	0	1510578113.3522844	47.9064327485	0.549695459579
204.0	0.185416620313	0.0478575894737	0.0133132150194	0	1510578114.1223645	48.1882352941	0.552879291251
203.5	0.185416620313	0.062116559829	0.0165209538472	0	1510578114.9257553	48.1882352941	0.552879291251
203.5	0.185416620313	0.0490304018925	0.029105107034	0	1510578115.3568704	47.6279069767	0.53488372093
203.0	0.185416620313	0.0623459227889	0.0151725050036	0	1510578116.1189814	47.6279069767	0.523255813953
202.5	0.187499953125	0.0511448396934	0.0127574343436	0	1510578116.9299707	47.6279069767	0.517441860465
202.0	0.185416620313	0.0461864861624	0.0140225460564	0	1510578117.3596756	47.3526011561	0.526030655391
202.0	0.187499953125	0.0499719763025	0.0123175956442	0	1510578118.1266136	47.3526011561	0.526030655391
201.5	0.185416620313	0.0583343191499	0.0154363683554	0	1510578118.92159	47.3526011561	0.520216701903
201.0	0.185416620313	0.0462986282325	0.0268160615158	0	1510578119.3533697	47.6279069767	0.558139534884
200.5	0.189583285938	0.0579676725829	0.0158199236063	0	1510578120.1104944	47.6279069767	0.558139534884
200.0	0.189583285938	0.0551972947246	0.0125567530018	0	1510578120.9257226	47.6279069767	0.53488372093
200.0	0.185416620313	0.0513332348982	0.0134399728259	0	1510578121.3560762	47.9064327485	0.549695459579
199.5	0.185416620313	0.0491183637888	0.0111072861779	0	1510578122.1221423	47.6279069767	0.511627906977
199.0	0.185416620313	0.05011369517	0.0119214866831	0	1510578122.929737	47.6279069767	0.517441860465
199.0	0.185416620313	0.0533294679208	0.0189874121492	0	1510578123.3577418	47.3526011561	0.514402748414
198.5	0.185416620313	0.0585013859349	0.0155205669842	0	1510578124.1173625	47.3526011561	0.526030655391
198.0	0.187499953125	0.060720323803	0.0146887457755	0	1510578124.9222622	47.3526011561	0.520216701903
197.5	0.185416620313	0.0737690992887	0.0229721246965	0	1510578125.352476	47.3526011561	0.514402748414
197.5	0.185416620313	0.0682176948585	0.0188650422773	0	1510578126.12133	47.6279069767	0.529069767442
196.5	0.185416620313	0.0323717155538	0.00880079425412	0	1510578126.926102	47.6279069767	0.511627906977
196.5	0.189583285938	0.0223154205916	0.009740574236	0	1510578127.355274	48.0	0.554632705795
196.0	0.187499953125	0.0213278796117	0.00759559744934	0	1510578128.1211631	47.9064327485	0.538067552602
195.5	0.187499953125	0.0123479967992	0.00548964672289	0	1510578128.9298968	47.9064327485	0.543881506091
195.5	0.189583285938	0.00362261915686	0.00663023117377	0	1510578129.4208229	47.6279069767	0.53488372093
195.0	0.366666575	0.00469312607762	0.00314085505387	0	1510578130.1806054	47.2615384615	0.630902043693
194.5	0.366666575	0.00217103206594	0.00377051552656	0	1510578131.0133615	46.9007633588	0.778717406624
194.0	0.187499953125	0.0154827424065	0.00575354098223	0	1510578131.9306476	46.8114285714	0.548625792812
193.5	0.187499953125	0.0129462396409	0.00495400520091	0	1510578132.360407	46.9007633588	0.54193093728
193.0	0.185416620313	0.0142043635664	0.00500446919406	0	1510578133.1183665	46.9007633588	0.519027484144
192.5	0.187499953125	0.0164384446435	0.00552412265023	0	1510578133.933186	46.9007633588	0.549682875264
192.5	0.187499953125	0.0143239332747	0.00529098606394	0	1510578134.3528004	46.8114285714	0.548625792812
192.0	0.187499953125	0.0127969905983	0.00460660661847	0	1510578135.12013	46.5454545455	0.545454545455
191.5	0.187499953125	0.0153356443142	0.00555580641634	0	1510578135.9255702	46.9007633588	0.519027484144
191.5	0.187499953125	0.0138088951072	0.00631945318436	0	1510578136.3546836	47.0804597701	0.528805496829
191.0	0.187499953125	0.0143762469061	0.00491236393079	0	1510578137.125378	47.0804597701	0.528805496829
190.5	0.185416620313	0.0156184934943	0.00518125526467	0	1510578137.9296846	47.3526011561	0.526030655391
190.5	0.185416620313	0.0160636714543	0.00607009570937	0	1510578138.3585613	47.3526011561	0.520216701903
189.5	0.185416620313	0.0193287266604	0.00665400776421	0	1510578139.1185765	47.3526011561	0.520216701903
189.5	0.185416620313	0.0187918400314	0.0056060898622	0	1510578139.9328196	47.6279069767	0.511627906977
189.0	0.189583285938	0.0245116735439	0.0133012376639	0	1510578140.4040463	48.0	0.554632705795
188.5	0.366666575	0.0496075690949	0.0377948343719	0	1510578141.1670437	nan	nan
188.0	0.366666575	0.00380361854816	0.0773884289002	0	1510578141.9966383	nan	nan
187.5	0.185416620313	0.103931546646	0.0262693514172	0	1510578142.9347153	47.6279069767	0.523255813953
187.5	0.185416620313	0.0985941087761	0.030564308146	0	1510578143.353301	47.3526011561	0.520216701903
187.0	0.185416620313	0.0993152012616	0.0250089702373	0	1510578144.1196434	47.3526011561	0.526030655391
186.5	0.185416620313	0.105543046387	0.0286104197396	0	1510578145.0004866	47.6279069767	0.53488372093
186.0	0.185416620313	0.128004590495	0.0292551865809	0	1510578145.9332364	47.3526011561	0.514402748414
185.5	0.189583285938	0.0486753002777	0.0622620118363	0	1510578146.3542264	47.9064327485	0.555509413068
185.0	0.187499953125	0.123306364088	0.0351922390177	0	1510578147.120174	47.6279069767	0.558139534884
185.0	0.185416620313	0.108557843231	0.0269688658843	0	1510578147.9347064	47.9064327485	0.543881506091
184.5	0.185416620313	0.0799686283557	0.0539191340713	0	1510578148.3546991	48.3779527559	0.52750092285
184.0	0.185416620313	0.133377150218	0.0313255903492	0	1510578149.1247542	48.1882352941	0.517718715393
183.5	0.185416620313	0.159024516372	0.0382384593863	0	1510578149.929907	48.4733727811	0.514811738649
183.5	0.1833332875	0.152454729735	0.0352434091089	0	1510578150.3493636	48.4733727811	0.520764119601
183.0	0.187499953125	0.148079485557	0.034455736361	0	1510578151.1126757	48.7619047619	0.52380952381
182.5	0.185416620313	0.172711345951	0.0399290164079	0	1510578151.9334338	48.7619047619	0.52380952381
182.0	0.185416620313	0.187960524635	0.0441934114929	0	1510578152.3545694	49.0538922156	0.514953542393
181.5	0.1833332875	0.230646069806	0.0534244779521	0	1510578153.1341693	49.152	0.543941153697
181.0	0.366666575	0.1018840325	0.381992622782	0	1510578153.9949956	nan	nan
180.5	0.095833309375	nan	0.0	0	1510578155.0049624	nan	nan
180.0	0.187499953125	0.368556608892	0.0	0	1510578155.9856932	46.5454545455	0.545454545455
179.5	0.187499953125	3.80562619636	0.0	0	1510578156.9995728	47.0804597701	0.551797040169
179.0	0.185416620313	7.86191813761	0.22124235929	0	1510578157.9335215	47.2615384615	0.530831571529
178.5	0.185416620313	2.2340596766	3.67883294872	0	1510578158.403472	47.3526011561	0.520216701903

#$Filter:1
#$	0	1	 1
#$	1	op06	0.251188643150958
#$	2	op09	0.02848931924611138
#$	3	op18*op18*op18	3.9810717055349725e-06
#$	4	ns12	1e-7
#$	5	0	 1e-22
#$POWER:55, mW
#$WAVELENGTH:532,nm
#$OBJECT:Air, on wires	=	=	=	=	=	=	=	=	=	=	=
angle	ref	signal	signal_std	filter	Time	freq	duty_cycle
183.5	0.185416620313	0.169739986055	0.0351235574577	0	1510578174.9259863	47.6279069767	0.511627906977
183.0	0.185416620313	0.167845212392	0.0396886602333	0	1510578175.924782	47.9064327485	0.543881506091
182.5	0.366666575	0.0152802347814	0.0540780422362	0	1510578176.9956145	nan	nan
182.0	0.187499953125	0.200488553866	0.0476083676109	0	1510578177.9335973	48.0	0.546880767811
181.5	0.185416620313	0.761674479449	0.138127967601	0	1510578178.9893208	47.3526011561	0.526030655391

#$Filter:op09
#$	0	1	 1
#$	1	op06	0.251188643150958
#$	2	op09	0.02848931924611138
#$	3	op18*op18*op18	3.9810717055349725e-06
#$	4	ns12	1e-7
#$	5	0	 1e-22
#$POWER:55, mW
#$WAVELENGTH:532,nm
#$OBJECT:Air, on wires	=	=	=	=	=	=	=	=	=	=	=
angle	ref	signal	signal_std	filter	Time	freq	duty_cycle
181.0	0.366666575	0.986916276753	1.06079487891	2	1510578204.0035937	48.1882352941	0.658914728682
181.0	0.185416620313	5.49370589153	1.15624721213	2	1510578204.936362	47.6279069767	0.53488372093

#$Filter:op09
#$	0	1	 1
#$	1	op06	0.251188643150958
#$	2	op09	0.02848931924611138
#$	3	op18*op18*op18	3.9810717055349725e-06
#$	4	ns12	1e-7
#$	5	0	 1e-22
#$POWER:55, mW
#$WAVELENGTH:532,nm
#$OBJECT:Air, on wires	=	=	=	=	=	=	=	=	=	=	=
angle	ref	signal	signal_std	filter	Time	freq	duty_cycle
180.5	0.187499953125	6.51789627614	2.02029655592	2	1510578209.9534864	46.9007633588	0.526779422128
180.5	0.187499953125	7.41062988848	1.68465484796	2	1510578210.4565313	46.9007633588	0.526779422128
180.5	0.187499953125	11.0311597072	2.60972263459	2	1510578211.223952	46.9007633588	0.526779422128
180.5	0.187499953125	15.5808784577	2.09827825925	2	1510578211.9911656	47.0804597701	0.528805496829

#$Filter:op18*op18*op18
#$	0	1	 1
#$	1	op06	0.251188643150958
#$	2	op09	0.02848931924611138
#$	3	op18*op18*op18	3.9810717055349725e-06
#$	4	ns12	1e-7
#$	5	0	 1e-22
#$POWER:55, mW
#$WAVELENGTH:532,nm
#$OBJECT:Air, on wires	=	=	=	=	=	=	=	=	=	=	=
angle	ref	signal	signal_std	filter	Time	freq	duty_cycle
180.5	0.187499953125	0.0481848526261	0.0144327074649	3	1510578231.4329147	47.9064327485	0.549695459579
180.5	0.368749907812	0.0781525513687	0.0605763228304	3	1510578232.2717829	48.7619047619	0.642857142857

#$Filter:op18*op18*op18
#$	0	1	 1
#$	1	op06	0.251188643150958
#$	2	op09	0.02848931924611138
#$	3	op18*op18*op18	3.9810717055349725e-06
#$	4	ns12	1e-7
#$	5	0	 1e-22
#$POWER:55, mW
#$WAVELENGTH:532,nm
#$OBJECT:Air, on wires	=	=	=	=	=	=	=	=	=	=	=
angle	ref	signal	signal_std	filter	Time	freq	duty_cycle
180.5	0.185416620313	0.118780644276	0.027719898411	3	1510578235.509299	47.3526011561	0.520216701903
180.5	0.0020833328125	nan	0.00159982036379	3	1510578236.268597	nan	nan

#$Filter:op18*op18*op18
#$	0	1	 1
#$	1	op06	0.251188643150958
#$	2	op09	0.02848931924611138
#$	3	op18*op18*op18	3.9810717055349725e-06
#$	4	ns12	1e-7
#$	5	0	 1e-22
#$POWER:55, mW
#$WAVELENGTH:532,nm
#$OBJECT:Air, on wires	=	=	=	=	=	=	=	=	=	=	=
angle	ref	signal	signal_std	filter	Time	freq	duty_cycle
180.0	0.189583285938	0.123390575395	0.0343134578787	3	1510578241.0796473	47.0804597701	0.528805496829
180.0	0.187499953125	0.1049083442	0.0524758519753	3	1510578241.5727937	47.0804597701	0.52299154334
180.0	0.187499953125	0.145529425402	0.0351652283367	3	1510578242.3416767	47.3526011561	0.526030655391
180.0	0.187499953125	0.156297479933	0.038361425071	3	1510578243.1081367	47.3526011561	0.526030655391
180.0	0.189583285938	0.160926848714	0.0419349655837	3	1510578243.576477	47.0804597701	0.52299154334
180.0	0.187499953125	0.164127249919	0.0445795361156	3	1510578244.3413644	47.0804597701	0.528805496829
180.0	0.187499953125	0.163171477815	0.0402061244985	3	1510578245.0993712	47.2615384615	0.530831571529
180.0	0.187499953125	0.160864305522	0.0497921749447	3	1510578245.5791876	46.9007633588	0.526779422128
180.0	0.187499953125	0.162623758864	0.0405663787133	3	1510578246.3470783	47.2615384615	0.530831571529
179.5	0.189583285938	0.15268108093	0.0375029663167	3	1510578247.1169477	47.2615384615	0.523079633545
179.5	0.187499953125	0.120409383663	0.0548885695463	3	1510578247.572556	47.2615384615	0.530831571529
179.5	0.189583285938	0.128727953213	0.0340498665051	3	1510578248.330779	47.0804597701	0.528805496829
179.5	0.189583285938	0.115843255579	0.0292752801975	3	1510578249.0937696	46.8114285714	0.51995243129
179.5	0.19166661875	0.0889943254905	0.0465541406683	3	1510578249.5767	46.9007633588	0.549682875264
179.5	0.187499953125	0.114624291218	0.0296802375918	3	1510578250.3415804	46.5454545455	0.545454545455
179.5	0.189583285938	0.120720903382	0.0302321828936	3	1510578251.0989347	46.8114285714	0.548625792812
179.5	0.189583285938	0.0763542726281	0.0573425959237	3	1510578251.5802746	46.9007633588	0.526779422128
179.0	0.189583285938	0.138353241765	0.0316332265233	3	1510578252.346266	46.9007633588	0.519027484144
179.0	0.189583285938	0.196969988773	0.0517044650443	3	1510578253.1166277	46.9007633588	0.526779422128
179.0	0.187499953125	0.235453345234	0.113604279557	3	1510578253.5820384	46.9007633588	0.519027484144

#$Filter:op18*op18*op18
#$	0	1	 1
#$	1	op06	0.251188643150958
#$	2	op09	0.02848931924611138
#$	3	op18*op18*op18	3.9810717055349725e-06
#$	4	ns12	1e-7
#$	5	0	 1e-22
#$POWER:55, mW
#$WAVELENGTH:532,nm
#$OBJECT:Air, on wires	=	=	=	=	=	=	=	=	=	=	=
angle	ref	signal	signal_std	filter	Time	freq	duty_cycle
179.0	0.189583285938	8.50009417698	1.95752118465	3	1510578264.4333405	47.3526011561	0.520216701903
179.0	0.189583285938	9.20417937162	2.27730588677	3	1510578265.198053	46.9007633588	0.526779422128
179.0	0.189583285938	12.455854229	2.73007256694	3	1510578265.9581697	46.8114285714	0.542811839323
179.0	0.189583285938	10.9965787228	5.59212837413	3	1510578266.4359987	46.8114285714	0.548625792812
179.0	0.189583285938	14.8551294477	3.29180319141	3	1510578267.2028565	46.5454545455	0.545454545455
178.5	0.189583285938	20.9304071385	4.95351532956	3	1510578267.9628153	46.8114285714	0.548625792812
178.5	0.189583285938	22.6568349715	8.45841941357	3	1510578268.4292943	46.8114285714	0.548625792812
178.5	0.187499953125	29.4154601433	6.71449664416	3	1510578269.2066865	46.5454545455	0.545454545455

#$Filter:ns12
#$	0	1	 1
#$	1	op06	0.251188643150958
#$	2	op09	0.02848931924611138
#$	3	op18*op18*op18	3.9810717055349725e-06
#$	4	ns12	1e-7
#$	5	0	 1e-22
#$POWER:55, mW
#$WAVELENGTH:532,nm
#$OBJECT:Air, on wires	=	=	=	=	=	=	=	=	=	=	=
angle	ref	signal	signal_std	filter	Time	freq	duty_cycle
178.5	0.189583285938	0.132780455306	0.0353243529461	4	1510578282.441587	46.9007633588	0.526779422128
178.5	0.189583285938	0.0689200507972	0.0198145195041	4	1510578283.2025378	46.9007633588	0.526779422128
178.5	0.187499953125	0.0135629217793	0.00553509165085	4	1510578284.0194573	46.9007633588	0.526779422128
178.5	0.370833240625	0.000235805801854	0.00165814104703	4	1510578284.437314	nan	nan

#$Filter:op18*op18*op18
#$	0	1	 1
#$	1	op06	0.251188643150958
#$	2	op09	0.02848931924611138
#$	3	op18*op18*op18	3.9810717055349725e-06
#$	4	ns12	1e-7
#$	5	0	 1e-22
#$POWER:55, mW
#$WAVELENGTH:532,nm
#$OBJECT:Air, on wires	=	=	=	=	=	=	=	=	=	=	=
angle	ref	signal	signal_std	filter	Time	freq	duty_cycle
178.5	0.189583285938	0.07931699048	0.0204707989565	3	1510578305.5077689	46.8114285714	0.548625792812
178.0	0.187499953125	0.0662669865833	0.0164206979363	3	1510578306.2750928	46.5454545455	0.545454545455
178.0	0.187499953125	0.0429341960248	0.0124860519859	3	1510578307.0448313	46.8114285714	0.548625792812
178.0	0.189583285938	0.0334510274188	0.0114206590836	3	1510578307.5116699	46.9007633588	0.549682875264
178.0	0.187499953125	0.024022102838	0.00708572917415	3	1510578308.3376486	46.9007633588	0.526779422128
178.0	0.0020833328125	0.000181296616951	6.12669650205e-05	3	1510578309.1095417	36.5714285714	0.875
178.0	0.368749907812	0.0041657409638	0.00440171835703	3	1510578310.0081074	46.9007633588	0.587737843552

#$Filter:op09
#$	0	1	 1
#$	1	op06	0.251188643150958
#$	2	op09	0.02848931924611138
#$	3	op18*op18*op18	3.9810717055349725e-06
#$	4	ns12	1e-7
#$	5	0	 1e-22
#$POWER:55, mW
#$WAVELENGTH:532,nm
#$OBJECT:Air, on wires	=	=	=	=	=	=	=	=	=	=	=
angle	ref	signal	signal_std	filter	Time	freq	duty_cycle
178.0	0.187499953125	46.4250083675	6.36743248476	2	1510578325.9336803	46.9007633588	0.549682875264
178.0	0.187499953125	38.6657263015	14.9973902501	2	1510578326.4360201	46.5454545455	0.545454545455
178.0	0.19166661875	45.2325817291	7.0948864493	2	1510578327.2047918	46.9007633588	0.549682875264
177.5	0.189583285938	44.3856177913	7.61328478671	2	1510578327.9616973	46.9007633588	0.526779422128
177.5	0.189583285938	41.3498115999	10.2773877328	2	1510578328.4285922	46.9007633588	0.519027484144
177.5	0.189583285938	42.9423364652	7.61401435863	2	1510578329.1976044	46.9007633588	0.526779422128
177.5	0.187499953125	41.1617043954	8.2784299972	2	1510578329.9650748	46.9007633588	0.526779422128
177.5	0.187499953125	40.3029813772	8.04165550117	2	1510578330.4321923	46.5454545455	0.545454545455
177.5	0.187499953125	38.5836018932	7.30352917108	2	1510578331.198234	46.9007633588	0.549682875264
177.5	0.185416620313	35.586215564	8.46022100718	2	1510578331.9550788	47.3526011561	0.531844608879
177.5	0.185416620313	24.2414405183	13.8360137847	2	1510578332.4359965	47.6279069767	0.523255813953
177.5	0.187499953125	30.5222457488	7.83546939795	2	1510578333.2020566	47.6279069767	0.53488372093
177.0	0.187499953125	28.8337493917	6.74053521266	2	1510578333.9527683	47.6279069767	0.529069767442
177.0	0.187499953125	13.6372014727	13.3277677933	2	1510578334.4387372	46.9007633588	0.54193093728
177.0	0.189583285938	24.7503159774	5.40076658324	2	1510578335.206619	46.5454545455	0.545454545455
177.0	0.185416620313	21.6329055311	4.82491238724	2	1510578335.9764493	46.5454545455	0.545454545455
177.0	0.189583285938	16.3636681428	8.04923875462	2	1510578336.4323716	46.8114285714	0.548625792812
177.0	0.187499953125	16.3407032459	3.67044510391	2	1510578337.2012823	46.5454545455	0.545454545455
177.0	0.187499953125	11.4369244031	2.6702352973	2	1510578337.9651449	46.5454545455	0.545454545455
177.0	0.187499953125	8.43259382541	3.19413981202	2	1510578338.435205	46.5454545455	0.545454545455
177.0	0.37499990625	1.78694333385	0.590939063024	2	1510578339.2656605	49.0538922156	0.540422077922
176.5	0.187499953125	1.70466380637	0.368771322492	2	1510578340.0904315	46.5454545455	0.545454545455
176.5	0.368749907812	1.62339703005	1.66974756631	2	1510578340.9307497	nan	nan
176.5	0.189583285938	1.02724773861	2.85883029423	2	1510578341.4948032	46.8114285714	0.548625792812
176.5	0.366666575	3.15154084326	1.37503350089	2	1510578342.2643938	53.1948051948	0.53469413549
176.5	0.187499953125	10.6488068616	6.16900345443	2	1510578343.1055048	47.0804597701	0.528805496829
176.5	0.187499953125	5.99102414327	1.2540274584	2	1510578343.9323635	47.3526011561	0.514402748414

#$Filter:op09
#$	0	1	 1
#$	1	op06	0.251188643150958
#$	2	op09	0.02848931924611138
#$	3	op18*op18*op18	3.9810717055349725e-06
#$	4	ns12	1e-7
#$	5	0	 1e-22
#$POWER:55, mW
#$WAVELENGTH:532,nm
#$OBJECT:Air, on wires	=	=	=	=	=	=	=	=	=	=	=
angle	ref	signal	signal_std	filter	Time	freq	duty_cycle
176.5	0.185416620313	0.851040203406	0.222548038489	2	1510578346.4907687	48.0	0.546880767811
176.0	0.366666575	0.0443424144585	0.0214990514072	2	1510578347.329941	47.2615384615	0.576990838619
176.0	0.187499953125	0.0453827939803	0.0150513966339	2	1510578348.1514964	47.6279069767	0.558139534884
176.0	0.187499953125	8.33333124999e-05	0.0	2	1510578348.9946463	48.1882352941	0.547065337763

#$Filter:1
#$	0	1	 1
#$	1	op06	0.251188643150958
#$	2	op09	0.02848931924611138
#$	3	op18*op18*op18	3.9810717055349725e-06
#$	4	ns12	1e-7
#$	5	0	 1e-22
#$POWER:55, mW
#$WAVELENGTH:532,nm
#$OBJECT:Air, on wires	=	=	=	=	=	=	=	=	=	=	=
angle	ref	signal	signal_std	filter	Time	freq	duty_cycle
176.0	0.187499953125	0.789515608944	0.17486748623	0	1510578375.4324253	46.2824858757	0.536742424242
176.0	0.189583285938	0.531862612132	0.117544600144	0	1510578376.2002327	46.5454545455	0.539772727273
176.0	0.185416620313	0.409997749734	0.0896741079245	0	1510578377.0352328	46.5454545455	0.545454545455
176.0	0.366666575	0.0369623563508	0.0702832159711	0	1510578377.4601133	nan	nan
176.0	0.187499953125	0.330095135117	0.0772126787006	0	1510578378.2399185	46.5454545455	0.545454545455
175.5	0.187499953125	0.255707218986	0.106895708131	0	1510578379.0340037	46.2824858757	0.536742424242
175.5	0.187499953125	0.262378227647	0.106347060501	0	1510578379.4428363	46.5454545455	0.545454545455
175.0	0.19166661875	0.205020322941	0.049107230556	0	1510578380.2068577	46.1954887218	0.548821548822
174.5	0.366666575	0.00431951579358	0.0431596860401	0	1510578381.038644	nan	nan
174.5	0.189583285938	0.0421918662027	0.0452988027627	0	1510578381.468668	46.5454545455	0.545454545455
174.0	0.187499953125	0.13537609965	0.0385827918223	0	1510578382.2585068	46.2824858757	0.54797979798
173.5	0.187499953125	0.130536193025	0.03143455515	0	1510578383.0414712	46.5454545455	0.545454545455
173.5	0.187499953125	0.111231716178	0.0362170996669	0	1510578383.4581704	46.2824858757	0.542424242424
173.0	0.185416620313	0.125739158141	0.0297311171102	0	1510578384.2161386	46.5454545455	0.545454545455
172.5	0.187499953125	0.118164346175	0.0291752559896	0	1510578384.9821122	46.5454545455	0.545454545455
172.5	0.189583285938	0.115977562644	0.0293071732166	0	1510578385.439938	46.5454545455	0.545454545455
172.0	0.187499953125	0.103224487367	0.0276800294524	0	1510578386.2219179	46.5454545455	0.545454545455
171.5	0.189583285938	0.0904778553874	0.0250633538376	0	1510578387.0204644	46.5454545455	0.545454545455
171.5	0.189583285938	0.0919320821593	0.0288220394244	0	1510578387.4327493	46.8114285714	0.548625792812
171.0	0.187499953125	0.0928121016469	0.0223389848703	0	1510578388.1896768	46.8114285714	0.54295278365
170.5	0.187499953125	0.0911339307979	0.0224184207063	0	1510578388.9464874	46.8114285714	0.542811839323
170.5	0.187499953125	0.0772622945447	0.0266109014885	0	1510578389.4354513	46.9007633588	0.549682875264
170.0	0.187499953125	0.0894184249388	0.0211360871057	0	1510578390.194109	46.9007633588	0.54193093728
169.5	0.187499953125	0.0788065029074	0.0194442154028	0	1510578390.9572654	46.5454545455	0.545454545455
169.5	0.187499953125	0.0738527163593	0.0259952066987	0	1510578391.500034	46.5454545455	0.545454545455
169.0	0.366666575	0.035300361323	0.0130865720772	0	1510578392.2684903	46.5454545455	0.568181818182
168.5	0.366666575	0.00189826815841	0.0153144504303	0	1510578393.094942	nan	nan
168.0	0.187499953125	0.0725475906833	0.0183348740864	0	1510578393.9326372	46.5454545455	0.545454545455
168.0	0.187499953125	0.0682080299125	0.0197086905515	0	1510578394.4395819	46.5454545455	0.545454545455
167.5	0.187499953125	0.077118394237	0.0193913661728	0	1510578395.196458	46.5454545455	0.545454545455
167.0	0.187499953125	0.0151408180934	0.00550304474339	0	1510578395.9602559	46.5454545455	0.545454545455
166.5	0.187499953125	0.0126903605158	0.00539610903997	0	1510578396.5052748	46.5454545455	0.545454545455
166.5	0.185416620313	0.00644007570957	0.00236636407028	0	1510578397.261257	46.5454545455	0.545454545455
166.0	0.366666575	0.00273890857613	0.00339689500086	0	1510578398.0989804	47.2615384615	0.699855699856
165.5	0.187499953125	0.0143690542542	0.00579038693385	0	1510578398.9369106	46.5454545455	0.545454545455
165.5	0.185416620313	0.011988506453	0.00517523032227	0	1510578399.4338117	46.5454545455	0.545454545455
165.0	0.187499953125	0.0115634994001	0.00464554670395	0	1510578400.200839	46.8114285714	0.548625792812
164.5	0.187499953125	0.0108107253901	0.0038285704454	0	1510578400.9587727	46.5454545455	0.545454545455
164.5	0.187499953125	0.00603583039253	0.00594577632838	0	1510578401.435505	46.5454545455	0.545454545455
164.0	0.189583285938	0.0112839318869	0.00437775927813	0	1510578402.1904542	46.5454545455	0.545454545455
163.5	0.189583285938	0.0107416747201	0.00458853460769	0	1510578402.948995	46.1954887218	0.541414141414
163.0	0.187499953125	0.0104339209609	0.00486852849139	0	1510578403.4304082	46.5454545455	0.539772727273
163.0	0.185416620313	0.0137589276886	0.00458599838052	0	1510578404.1960742	46.5454545455	0.545454545455
162.5	0.187499953125	0.0207217184479	0.00681418280032	0	1510578404.9549782	46.8114285714	0.554307610994
162.0	0.187499953125	0.025774674971	0.0114327335712	0	1510578405.4427843	46.8114285714	0.548625792812
162.0	0.187499953125	0.0357286405571	0.00586221324912	0	1510578406.2607703	46.5454545455	0.522727272727
161.5	0.370833240625	0.0707693942635	0.0258429586154	0	1510578407.0298214	nan	nan
161.0	0.187499953125	0.0375446999494	0.0278922551538	0	1510578407.4865456	46.8114285714	0.548625792812
161.0	0.366666575	0.0997342788714	0.0732166589286	0	1510578408.2430522	nan	nan
160.5	0.366666575	0.259939591653	0.119691047063	0	1510578409.0803707	46.9007633588	0.618393234672
160.0	0.185416620313	0.372219086498	0.0827912556269	0	1510578409.9981654	46.5454545455	0.545454545455
159.5	0.2666666	nan	0.389817542469	0	1510578410.436731	nan	nan
159.5	0.187499953125	0.510467369519	0.114623932996	0	1510578411.2030015	46.5454545455	0.545454545455
159.0	0.187499953125	0.580851802095	0.141522494781	0	1510578411.962469	46.9007633588	0.549682875264
158.5	0.187499953125	0.45655270216	0.216859136154	0	1510578412.4308677	47.0804597701	0.52299154334
158.5	0.187499953125	0.554669821241	0.144438715781	0	1510578413.1948092	47.0804597701	0.528805496829
158.0	0.366666575	0.0357142767857	0.754136966623	0	1510578414.0247507	nan	nan
157.5	0.187499953125	0.100475164957	0.693394498833	0	1510578414.433131	46.8114285714	0.542811839323
157.0	0.187499953125	0.536209774309	0.132903716292	0	1510578415.2014441	46.8114285714	0.548625792812
157.0	0.187499953125	0.50415723364	0.127482246461	0	1510578415.9684174	46.5454545455	0.545454545455
156.5	0.187499953125	0.469674853944	0.115074339965	0	1510578416.4384239	46.5454545455	0.545454545455
156.0	0.187499953125	0.393006058679	0.0961546054394	0	1510578417.203209	46.5454545455	0.545454545455
156.0	0.189583285938	0.495252114479	0.133384693959	0	1510578417.9609847	46.5454545455	0.545454545455
155.5	0.187499953125	0.439991298937	0.154185395747	0	1510578418.4405174	46.5454545455	0.545454545455
155.5	0.187499953125	0.482921557391	0.121306017398	0	1510578419.198813	46.5454545455	0.545454545455
155.0	0.189583285938	0.656446714468	0.170118366102	0	1510578419.9648323	46.5454545455	0.545454545455
154.5	0.187499953125	0.630114390009	0.33589585266	0	1510578420.432666	46.5454545455	0.545454545455
154.0	0.187499953125	0.722258553685	0.175174458599	0	1510578421.1915243	46.5454545455	0.545454545455
154.0	0.187499953125	0.359786333611	0.0883868302527	0	1510578421.9473782	46.8114285714	0.51995243129
153.5	0.187499953125	0.250134991488	0.135239884639	0	1510578422.4372334	47.3526011561	0.526030655391
153.0	0.187499953125	0.648694315617	0.160745564373	0	1510578423.1982827	47.3526011561	0.520216701903
153.0	0.187499953125	0.980288437205	0.261617089341	0	1510578423.9591599	46.8114285714	0.554307610994
152.5	0.185416620313	0.848716855404	0.231735376837	0	1510578424.4406044	46.5454545455	0.545454545455
152.0	0.187499953125	0.797726355894	0.197200036539	0	1510578425.206804	46.8114285714	0.548625792812
151.5	0.187499953125	0.653296155203	0.148256390985	0	1510578425.9784596	46.2824858757	0.536742424242
151.5	0.187499953125	0.469073479524	0.139775675494	0	1510578426.4337332	46.5454545455	0.545454545455
151.0	0.187499953125	0.457418986447	0.122299483338	0	1510578427.191615	46.5454545455	0.545454545455
151.0	0.185416620313	0.407948065252	0.0977002881652	0	1510578427.9595923	46.5454545455	0.545454545455
150.5	0.185416620313	0.509396350314	0.140332995152	0	1510578428.4365659	46.5454545455	0.545454545455
150.0	0.187499953125	0.598886591401	0.154246921885	0	1510578429.1953232	46.5454545455	0.545454545455
150.0	0.187499953125	0.570826031406	0.137931037832	0	1510578429.958227	46.8114285714	0.548625792812
149.5	0.187499953125	0.362532010035	0.133597345316	0	1510578430.441143	46.5454545455	0.522727272727
149.0	0.187499953125	0.380133158405	0.0937971985838	0	1510578431.1991014	46.9007633588	0.519027484144
149.0	0.187499953125	0.432368878162	0.114223712753	0	1510578431.961903	47.0804597701	0.528805496829
148.5	0.187499953125	0.347870995653	0.159297789702	0	1510578432.4429154	47.0804597701	0.517177589852
148.0	0.185416620313	0.309620136029	0.0773465788399	0	1510578433.202397	47.0804597701	0.517177589852
148.0	0.185416620313	0.259569735677	0.0573091314987	0	1510578433.9655578	47.6279069767	0.511627906977
147.5	0.185416620313	0.0981384569149	0.152205573401	0	1510578434.43663	47.6279069767	0.53488372093
147.0	0.187499953125	0.568507260834	0.146415087891	0	1510578435.2050824	47.0804597701	0.528805496829
147.0	0.187499953125	0.561437684214	0.135963957084	0	1510578435.9722412	46.9007633588	0.519027484144
146.5	0.187499953125	0.460484927614	0.104211721808	0	1510578436.4353392	46.9007633588	0.519027484144
146.5	0.187499953125	0.606867595382	0.147886489259	0	1510578437.199204	46.5454545455	0.545454545455
146.0	0.187499953125	0.346112315905	0.0934171488156	0	1510578437.961932	46.9007633588	0.55725863284
145.5	0.187499953125	0.319721856952	0.0759300155511	0	1510578438.4429095	46.5454545455	0.545454545455
145.0	0.187499953125	0.516519587814	0.125793913689	0	1510578439.2004857	46.9007633588	0.519027484144
144.5	0.187499953125	0.431219574898	0.110198636739	0	1510578439.969797	46.9007633588	0.519027484144
144.5	0.187499953125	0.244658387731	0.150152698388	0	1510578440.4366987	47.3526011561	0.520216701903
144.0	0.187499953125	0.38844027904	0.09639693546	0	1510578441.1844583	47.3526011561	0.526030655391
144.0	0.185416620313	0.42015626088	0.107015805543	0	1510578441.9493625	47.9064327485	0.549695459579
143.5	0.185416620313	0.290559044169	0.15693063071	0	1510578442.431244	48.1882352941	0.552879291251
143.5	0.185416620313	0.415306801544	0.102076091724	0	1510578443.197177	48.1882352941	0.541251384275
142.5	0.185416620313	0.447909005078	0.110550080484	0	1510578443.9781396	48.4733727811	0.52657807309
142.5	0.185416620313	0.399245911437	0.0961184083603	0	1510578444.442996	48.4733727811	0.520764119601
142.0	0.185416620313	0.368906301254	0.0877368082338	0	1510578445.2025893	48.4733727811	0.520764119601
142.0	0.185416620313	0.29947001429	0.0692317219453	0	1510578445.9584553	48.7619047619	0.52380952381
141.5	0.185416620313	0.381323797001	0.0918513627842	0	1510578446.436809	48.4733727811	0.520764119601
141.0	0.1833332875	0.440972111979	0.0958005944594	0	1510578447.2035825	48.4733727811	0.514811738649
141.0	0.185416620313	0.356730569679	0.0830487500365	0	1510578447.9634244	48.4733727811	0.520764119601
140.5	0.185416620313	0.311249206266	0.110451988916	0	1510578448.4304576	48.4733727811	0.514811738649
140.0	0.185416620313	0.432968686696	0.106951330007	0	1510578449.1943166	48.7619047619	0.52380952381
139.5	0.366666575	0.107204819331	0.0434586787486	0	1510578450.0271587	48.7619047619	0.563492063492
139.5	0.185416620313	0.0776818247949	0.0854165323947	0	1510578450.435071	49.0538922156	0.514953542393
139.0	0.185416620313	0.311544356972	0.0737710109522	0	1510578451.1991029	48.7619047619	0.52380952381
139.0	0.185416620313	0.278969217273	0.0705742193132	0	1510578451.9578147	48.4733727811	0.544435215947
138.5	0.187499953125	0.0650455666867	0.259924448421	0	1510578452.4379768	47.3526011561	0.520216701903
138.0	0.187499953125	0.622527622146	0.146818471202	0	1510578453.2647593	46.9007633588	0.519027484144
138.0	0.364583242188	nan	0.191312856643	0	1510578454.0225642	nan	nan
137.5	0.187499953125	0.0427269366264	0.248237465679	0	1510578454.4914532	46.8114285714	0.548625792812
137.0	0.366666575	0.0596129717148	0.0597850347335	0	1510578455.2474835	nan	nan
137.0	0.366666575	0.0598371217057	0.069188848692	0	1510578456.084201	47.0804597701	0.59778012685
136.5	0.187499953125	0.361937184426	0.0839100627143	0	1510578457.0021696	46.8114285714	0.542811839323

#$Filter:1
#$	0	1	 1
#$	1	op06	0.251188643150958
#$	2	op09	0.02848931924611138
#$	3	op18*op18*op18	3.9810717055349725e-06
#$	4	ns12	1e-7
#$	5	0	 1e-22
#$POWER:55, mW
#$WAVELENGTH:532,nm
#$OBJECT:Air, on wires	=	=	=	=	=	=	=	=	=	=	=
angle	ref	signal	signal_std	filter	Time	freq	duty_cycle
136.0	0.187499953125	0.220580677148	0.0552815681367	0	1510578513.7553487	47.0804597701	0.52299154334
135.5	0.187499953125	0.2891791493	0.0687539998116	0	1510578514.7425103	47.3526011561	0.520216701903
134.5	0.185416620313	0.302158287806	0.074098668129	0	1510578515.760029	47.3526011561	0.526030655391
134.5	0.187499953125	0.349744810523	0.0860237254132	0	1510578516.755885	47.0804597701	0.52299154334
134.0	0.187499953125	0.323490039402	0.0836311309448	0	1510578517.7538157	47.3526011561	0.526030655391
133.5	0.187499953125	0.581755573236	0.14468601205	0	1510578518.741716	48.1882352941	0.547065337763
133.0	0.187499953125	0.292420817502	0.0757619205777	0	1510578519.7547116	47.3526011561	0.526030655391
132.5	0.187499953125	0.245910802868	0.063864628021	0	1510578520.754471	46.8114285714	0.525766384778
131.5	0.187499953125	0.293194704612	0.0749921836101	0	1510578521.7531939	47.0804597701	0.528805496829
131.5	0.187499953125	0.288245020103	0.0719078717684	0	1510578522.7541437	47.0804597701	0.52299154334
130.5	0.187499953125	0.382072733613	0.0990319635013	0	1510578523.742925	47.0804597701	0.528805496829
130.5	0.187499953125	0.182895612539	0.0473048557072	0	1510578524.7577636	47.0804597701	0.52299154334
130.0	0.185416620313	0.459550547099	0.114108406009	0	1510578525.7546937	47.2615384615	0.546159267089
129.5	0.189583285938	0.218957529578	0.054747899421	0	1510578526.7536137	47.2615384615	0.546176046176
128.5	0.185416620313	0.353929033243	0.0909478722274	0	1510578527.7503903	47.9064327485	0.549695459579
128.0	0.185416620313	0.298858543519	0.0790282490135	0	1510578528.7470953	48.0	0.515688445921
128.0	0.185416620313	0.393357244598	0.100154304907	0	1510578529.7426846	47.0804597701	0.528805496829
127.5	0.187499953125	0.286460223426	0.0704297451456	0	1510578530.7504225	47.0804597701	0.52299154334
127.0	0.187499953125	0.184626304384	0.0474634584494	0	1510578531.7466772	47.0804597701	0.52299154334
126.5	0.185416620313	0.309398682154	0.0806965451593	0	1510578532.743719	47.3526011561	0.526030655391
125.5	0.189583285938	0.187504955125	0.0485911527206	0	1510578533.7586615	47.3526011561	0.520216701903
125.5	0.185416620313	0.222267464264	0.0529987643359	0	1510578534.7571564	47.3526011561	0.514402748414
125.0	0.189583285938	0.254862113039	0.0560650539891	0	1510578535.7547596	47.6279069767	0.53488372093
124.5	0.185416620313	0.152253167065	0.039054067877	0	1510578536.7509866	47.9064327485	0.549695459579
124.0	0.185416620313	0.119448001589	0.0297895790105	0	1510578537.7468126	48.4733727811	0.520764119601
123.5	0.185416620313	0.117003532003	0.031081637298	0	1510578538.7427456	48.1882352941	0.547065337763
122.5	0.185416620313	0.117029529147	0.0292047038754	0	1510578539.7535121	47.0804597701	0.517177589852
122.5	0.187499953125	0.10099152871	0.0260164097231	0	1510578540.7532268	46.8114285714	0.51995243129
122.0	0.187499953125	0.121451892714	0.0290700324168	0	1510578541.7431664	47.0804597701	0.517177589852
121.5	0.187499953125	0.122864114942	0.0309382693416	0	1510578542.750242	47.0804597701	0.528805496829
121.0	0.187499953125	0.122340676746	0.0327058738678	0	1510578543.7569032	47.0804597701	0.528805496829
120.5	0.185416620313	0.17155607956	0.0436636193162	0	1510578544.7548482	47.3526011561	0.526030655391
120.0	0.187499953125	0.161061884504	0.0428743782154	0	1510578545.7507727	47.0804597701	0.528805496829
119.5	0.187499953125	0.12633550263	0.0338323639151	0	1510578546.7470183	47.0804597701	0.528805496829
119.0	0.187499953125	0.0890336763092	0.0233898843651	0	1510578547.743449	46.8114285714	0.51995243129
118.5	0.187499953125	0.0983393111495	0.0259112093459	0	1510578548.758236	47.0804597701	0.52299154334
118.0	0.187499953125	0.118059092782	0.0306320494009	0	1510578549.747015	47.3526011561	0.54334038055
117.5	0.187499953125	0.099868961287	0.029318298875	0	1510578550.7419302	47.0804597701	0.528805496829
116.5	0.187499953125	0.0731767524141	0.0205048733851	0	1510578551.7512589	47.0804597701	0.528805496829
116.0	0.368749907812	0.00191105024688	0.0173940566828	0	1510578552.8145947	nan	nan
116.0	0.187499953125	0.0453182846243	0.0129284521106	0	1510578553.755032	47.3526011561	0.520216701903
115.5	0.187499953125	0.04858944232	0.0145161175277	0	1510578554.7504318	47.0804597701	0.528805496829
115.0	0.189583285938	0.0290857601971	0.0092894738353	0	1510578555.8021102	47.6279069767	0.558139534884
114.5	0.185416620313	0.0398309224152	0.0117603086976	0	1510578556.753497	47.6279069767	0.523255813953
113.5	0.187499953125	0.0228901503399	0.00757303458685	0	1510578557.7508526	47.0804597701	0.528805496829
113.5	0.187499953125	0.0358738405714	0.0108512889884	0	1510578558.7465768	47.3526011561	0.526030655391
113.0	0.187499953125	0.0190286066874	0.00641039635593	0	1510578559.7436035	47.3526011561	0.520216701903
112.5	0.185416620313	0.0164054802291	0.00633078148856	0	1510578560.8184114	47.9064327485	0.543881506091
112.0	0.187499953125	0.0094719334854	0.00390680299636	0	1510578561.7493086	48.3779527559	0.519748984865
111.0	0.204166615625	0.00123070956887	0.0014190973452	0	1510578562.8250382	nan	nan
111.0	0.0	5.0936387467e-05	0.000977322275133	0	1510578563.8199854	58.5142857143	0.828571428571
110.5	0.185416620313	0.00281581753016	0.00230830806053	0	1510578564.7528632	47.6279069767	0.53488372093
110.0	0.189583285938	0.00215884645294	0.00239803542335	0	1510578565.76569	47.6279069767	0.558139534884
109.5	0.185416620313	0.0015328962254	0.0025644813671	0	1510578566.807412	47.9064327485	0.543881506091
109.0	0.185416620313	0.0026480696407	0.0027729895573	0	1510578567.757271	48.1882352941	0.541251384275

#$Filter:1
#$	0	1	 1
#$	1	op06	0.251188643150958
#$	2	op09	0.02848931924611138
#$	3	op18*op18*op18	3.9810717055349725e-06
#$	4	ns12	1e-7
#$	5	0	 1e-22
#$POWER:55, mW
#$WAVELENGTH:532,nm
#$OBJECT:Air, on wires	=	=	=	=	=	=	=	=	=	=	=
angle	ref	signal	signal_std	filter	Time	freq	duty_cycle
108.0	0.187499953125	0.00211024743226	0.00232954263922	0	1510578575.2571282	46.5454545455	0.522727272727
107.5	0.187499953125	0.00179542556267	0.0021758234189	0	1510578576.0271614	46.9007633588	0.519027484144
107.5	0.187499953125	0.00175091836569	0.0021103080676	0	1510578576.8045802	46.9007633588	0.519027484144
107.0	0.187499953125	0.00189284749803	0.00226881224806	0	1510578577.258916	47.2615384615	0.523079633545
106.5	0.19166661875	0.00201265455886	0.00223158439463	0	1510578578.0188527	47.0804597701	0.528805496829
106.5	0.187499953125	0.00214582923014	0.00233675838955	0	1510578578.7745457	47.2615384615	0.523079633545
106.0	0.189583285938	0.00166656621001	0.00231367701076	0	1510578579.2635078	46.9007633588	0.526779422128
106.0	0.187499953125	0.00162249859398	0.00243268985291	0	1510578580.0221214	46.9007633588	0.526779422128
105.5	0.187499953125	0.00223107494081	0.00258795778293	0	1510578580.7788584	46.9007633588	0.519027484144
105.0	0.187499953125	0.00227941790872	0.00257718373581	0	1510578581.2572308	47.0804597701	0.52299154334
104.5	0.187499953125	0.00173633181496	0.00225922735815	0	1510578582.0221636	46.8114285714	0.51995243129
104.5	0.187499953125	0.00170750542258	0.00222052362185	0	1510578582.780946	47.0804597701	0.52299154334
104.0	0.187499953125	0.00259813860617	0.00242118301975	0	1510578583.2570262	46.9007633588	0.526779422128
104.0	0.187499953125	0.0018199005323	0.00213524807546	0	1510578584.0177624	47.0804597701	0.52299154334
103.5	0.187499953125	0.00241150426539	0.00251535259339	0	1510578584.7742827	47.0804597701	0.528805496829
103.0	0.185416620313	0.00203581381678	0.00247796942592	0	1510578585.25759	47.0804597701	0.528805496829
103.0	0.187499953125	0.0027949878465	0.00259352167169	0	1510578586.020452	47.0804597701	0.528805496829
102.5	0.187499953125	0.00249390024966	0.00221982005003	0	1510578586.7783313	47.0804597701	0.52299154334
102.5	0.187499953125	0.00207542965321	0.00265914780514	None	1510578592.2299864	47.0804597701	0.52299154334
0.0	0.187499953125	0.000576862229522	0.00134695146462	2	1510578671.2392285	46.8114285714	0.554307610994
0.0	0.187499953125	0.00058493685262	0.00145263665998	2	1510578671.996268	46.5454545455	0.545454545455
0.0	0.185416620313	3.19301914476e-05	0.00144670059047	2	1510578678.8157256	47.6279069767	0.511627906977
0.0	0.187499953125	0.000558701281314	0.00161488283064	2	1510578679.841708	46.9007633588	0.526779422128
0.0	0.187499953125	0.000433972384801	0.00129155108162	2	1510578680.8495076	46.9007633588	0.549682875264
0.0	0.187499953125	0.000144203296712	0.0013406349315	2	1510578681.849971	47.3526011561	0.520216701903
0.0	0.185416620313	0.000270708215636	0.00166252887454	2	1510578682.8401134	47.3526011561	0.526030655391
0.0	0.189583285938	0.000434878336752	0.00159858468131	2	1510578683.8388689	47.6279069767	0.558139534884
0.0	0.187499953125	0.000253103001268	0.00146831236457	2	1510578684.848831	47.0804597701	0.517177589852
0.0	0.187499953125	0.000114214147101	0.00134335385052	2	1510578685.8435733	47.0804597701	0.52299154334
0.0	0.187499953125	0.000307151985068	0.00121264346934	2	1510578686.838434	47.3526011561	0.526030655391
0.0	0.185416620313	0.000361585206064	0.0014865888952	2	1510578687.8720171	47.9064327485	0.538067552602
0.0	0.185416620313	0.00020344012008	0.00164020426796	2	1510578688.844077	48.1882352941	0.552879291251
358.5	0.189583285938	0.000246908770182	0.0014705470956	2	1510578689.8519723	48.0	0.539128829827
356.5	0.187499953125	0.000372272243702	0.00115944973641	2	1510578690.8499315	46.8114285714	0.548625792812
354.5	0.187499953125	6.65592617107e-05	0.00144486452818	2	1510578691.8466916	46.5454545455	0.545454545455
353.0	0.187499953125	4.12084662156e-05	0.00123695633042	2	1510578692.854344	46.5454545455	0.545454545455
350.5	0.187499953125	0.000301870672832	0.00134590378957	2	1510578693.8543122	46.9007633588	0.549682875264
349.5	0.187499953125	0.000549763030966	0.00179281981357	2	1510578694.8461316	46.9007633588	0.526779422128
347.5	0.187499953125	0.000372598946466	0.001216230018	2	1510578695.842627	47.0804597701	0.52299154334
345.5	0.187499953125	0.00013464443361	0.00136071337046	2	1510578696.859777	47.0804597701	0.517177589852
343.5	0.187499953125	0.000202180821804	0.00116118027987	2	1510578697.8556352	47.3526011561	0.520216701903
341.5	0.185416620313	2.22435841827e-05	0.00127215163418	2	1510578698.8455882	47.9064327485	0.543881506091
339.0	0.185416620313	0.00011374641031	0.00119483630767	2	1510578699.855311	47.9064327485	0.543881506091
337.0	0.185416620313	0.000224590482002	0.0013513144816	2	1510578700.846711	47.9064327485	0.549695459579
335.0	0.185416620313	0.000191115358865	0.00122931445933	2	1510578701.8546946	48.7619047619	0.517857142857
335.0	0.1833332875	0.000113895529749	0.00108179629074	2	1510578702.8505719	48.7619047619	0.511904761905
333.0	0.185416620313	0.000123777650965	0.00122986473638	2	1510578703.8472846	48.7619047619	0.52380952381
331.0	0.185416620313	0.000377214458472	0.00123895418108	2	1510578704.8434446	48.7619047619	0.52380952381
328.5	0.1833332875	0.00032765860725	0.00118781239766	2	1510578705.8595502	48.7619047619	0.517860519137
326.5	0.185416620313	0.000231657980624	0.00122098965408	2	1510578706.849383	48.7619047619	0.52380952381
324.5	0.1833332875	8.92291982852e-05	0.00112989676528	2	1510578707.843809	48.7619047619	0.52380952381
322.5	0.185416620313	0.000266210759658	0.0012060687849	2	1510578708.850505	47.6279069767	0.511627906977
320.5	0.187499953125	0.000111794689938	0.00112208448362	2	1510578709.8584845	47.3526011561	0.526030655391
318.5	0.187499953125	4.81692556648e-05	0.00109218798421	2	1510578710.8543742	47.0804597701	0.528805496829
316.0	0.187499953125	0.000404961883553	0.00127843808027	2	1510578711.8564956	47.3526011561	0.526030655391
314.0	0.187499953125	0.000414141526145	0.00106620665285	2	1510578712.8474598	47.9064327485	0.538067552602
312.0	0.185416620313	5.81481336111e-05	0.0012917805796	2	1510578713.8442087	47.9064327485	0.549695459579
310.0	0.189583285938	0.000172698261139	0.00131609946767	2	1510578714.8527367	47.6279069767	0.542635658915
308.0	0.185416620313	0.000459951202309	0.00128888482504	2	1510578715.8485918	47.3526011561	0.531844608879
306.5	0.189583285938	5.11693282797e-05	0.00123212432465	2	1510578716.8438687	47.6279069767	0.53488372093
304.0	0.185416620313	0.000276502779877	0.00127437883047	2	1510578717.8566906	47.6279069767	0.546511627907
302.0	0.185416620313	0.00087229517908	0.00125235557079	2	1510578718.8506095	48.4733727811	0.520764119601
300.0	0.185416620313	0.00113464164904	0.00149927533195	2	1510578719.8552897	48.7619047619	0.52380952381
298.0	0.185416620313	0.00167699124023	0.00177103941035	2	1510578720.8511152	48.7619047619	0.52380952381
296.0	0.185416620313	0.00112923700583	0.00157590387882	2	1510578721.8480954	48.1882352941	0.552879291251
294.0	0.189583285938	0.000824237685678	0.00139512517688	2	1510578722.8435261	47.6279069767	0.550387596899
291.5	0.185416620313	0.000443646612735	0.0011095953543	2	1510578723.8572502	48.1882352941	0.547065337763
289.5	0.185416620313	0.000176367367134	0.000831553157343	2	1510578724.8485272	48.4733727811	0.520764119601
287.5	0.1833332875	1.7439858183e-05	0.000902311619998	2	1510578725.8440645	49.0538922156	0.514953542393
360.0	0.1833332875	6.07423516647e-05	0.00102164469044	2	1510578726.8397765	49.0538922156	0.514953542393
360.0	0.185416620313	0.000405904456928	0.00122558098277	2	1510578727.860165	49.3493975904	0.554297328688
358.5	0.1833332875	6.54261541116e-05	0.000998146803068	2	1510578728.8549309	48.7619047619	0.505952380952
356.5	0.185416620313	0.000220096389649	0.0010658683933	2	1510578729.8504431	47.9064327485	0.549695459579
354.0	0.185416620313	0.000336034329757	0.00114594900983	2	1510578730.8477397	47.3526011561	0.520216701903
355.0	0.187499953125	0.00168870232697	0.00149458282417	2	1510578731.8431337	47.3526011561	0.526030655391
357.0	0.185416620313	0.000346234163155	0.00129851125801	2	1510578732.8505895	47.3526011561	0.526030655391
0.5	0.189583285938	0.000134228440441	0.00114185396439	2	1510578733.846252	47.6279069767	0.53488372093
0.5	0.185416620313	5.72934329701e-05	0.00120153393027	2	1510578734.8423784	47.9064327485	0.549695459579
0.5	0.185416620313	0.000142512661969	0.00100958446788	2	1510578735.837612	48.0	0.53119232189
0.5	0.185416620313	0.000209724309836	0.0010569169685	2	1510578736.8537374	48.1882352941	0.552879291251
0.5	0.185416620313	8.39458479594e-05	0.00101305063795	2	1510578737.852667	47.9064327485	0.549695459579
0.5	0.185416620313	0.000175605369204	0.000984771816991	2	1510578738.848726	48.3779527559	0.519748984865
360.0	0.185416620313	6.23278081095e-05	0.00105170923093	2	1510578739.8468301	48.0	0.523440383906
358.0	0.185416620313	0.000177431046209	0.0011609258011	2	1510578740.857199	48.3779527559	0.519748984865
356.0	0.185416620313	0.000748882974291	0.00113902748455	2	1510578741.851636	48.3779527559	0.519748984865
353.5	0.185416620313	0.00183268138604	0.00186170536306	2	1510578742.8473637	48.7619047619	0.517857142857
351.5	0.1833332875	0.00200395854827	0.00150533334425	2	1510578743.8447664	48.7619047619	0.547619047619
349.5	0.187499953125	0.00193612396575	0.00164538069649	2	1510578744.8524733	49.152	0.552071234998
347.5	0.187499953125	0.00391549207905	0.002272107148	2	1510578745.8580434	49.0538922156	0.550958188153
345.5	0.189583285938	0.00241881155784	0.00182609138842	2	1510578746.855299	49.0538922156	0.550958188153
343.5	0.185416620313	0.0020749679156	0.00181796039067	2	1510578747.8516004	48.4733727811	0.520764119601
341.0	0.185416620313	0.00113030183827	0.00125646926373	2	1510578748.8488398	48.3779527559	0.519748984865
340.5	0.185416620313	0.000411967585254	0.00111977682544	2	1510578749.8567257	48.7619047619	0.52380952381
340.5	0.185416620313	0.000662370968428	0.00127343735916	2	1510578750.8556824	48.4733727811	0.520764119601
340.5	0.1833332875	0.00878677896722	0.00342355778145	1	1510578752.1840582	48.4733727811	0.520764119601
340.5	0.185416620313	0.0040625778985	0.00308602106286	0	1510578753.456283	48.4733727811	0.520764119601
340.5	0.185416620313	0.0029661450918	0.0	0	1510578754.2610343	48.7619047619	0.52380952381
340.5	0.185416620313	0.00196291294039	0.00104221248711	0	1510578755.0888817	48.7619047619	0.52380952381
340.5	0.185416620313	0.00325370209138	7.51365932377e-06	0	1510578755.8917804	48.7619047619	0.52380952381
340.5	0.185416620313	0.00210175386053	0.0	0	1510578756.873761	48.7619047619	0.52380952381
340.5	0.185416620313	0.00303739901155	6.06039410414e-05	0	1510578757.8596063	48.7619047619	0.539682539683
340.5	0.187499953125	0.00281565586174	0.0	0	1510578758.8553474	49.152	0.543941153697
340.5	0.187499953125	0.00296173395344	0.0	0	1510578759.8543036	49.152	0.552071234998
