340.5	0.187499953125	0.0042612940297	0.000338970772276	0	1510578760.8501785	49.0538922156	0.544860627178
340.5	0.1833332875	0.00303859573158	0.0	0	1510578761.8574271	48.7619047619	0.52380952381
340.5	0.187499953125	0.00207397907334	0.0	0	1510578762.876739	48.7619047619	0.547619047619
340.5	0.0020833328125	0.00165816285077	0.00590091795387	0	1510578763.9326937	56.8888888889	0.8125
340.5	0.185416620313	0.0245790823747	0.00454996331715	0	1510578764.912527	49.3493975904	0.554297328688
340.5	0.185416620313	0.0318639440542	0.00920321808019	0	1510578765.8622832	49.152	0.543941153697
340.5	0.185416620313	0.0225513939075	0.00782356345915	0	1510578766.8572485	49.3493975904	0.548199767712
340.5	0.1833332875	0.0278627932387	0.00972036190015	0	1510578767.8576787	49.3493975904	0.554297328688
340.5	0.187499953125	0.032313872294	0.0103969502504	0	1510578768.85383	49.0538922156	0.550958188153
340.5	0.1833332875	0.0304740617194	0.0110759224051	0	1510578769.8616745	49.3493975904	0.554297328688
340.5	0.1833332875	0.0325716741532	0.0102147699548	0	1510578770.856219	49.6484848485	0.557636469222
340.5	0.366666575	0.0120344357669	0.0331421007869	0	1510578771.97324	nan	nan
340.5	0.185416620313	0.0307722630368	0.00901268072512	0	1510578772.8513412	47.9064327485	0.555509413068
340.5	0.185416620313	0.029388026841	0.00842714894579	0	1510578773.8531923	47.6279069767	0.511627906977
340.5	0.185416620313	0.0341236409289	0.0108003010264	0	1510578774.8781273	47.6279069767	0.523255813953
340.5	0.189583285938	0.0305503216866	0.0103578848112	0	1510578775.8604617	47.6279069767	0.558139534884

#$Filter:1
#$	0	1	 1
#$	1	op06	0.251188643150958
#$	2	op09	0.02848931924611138
#$	3	op18*op18*op18	3.9810717055349725e-06
#$	4	ns12	1e-7
#$	5	0	 1e-22
#$POWER:55, mW
#$WAVELENGTH:532,nm
#$OBJECT:Air, on wires	=	=	=	=	=	=	=	=	=	=	=
angle	ref	signal	signal_std	filter	Time	freq	duty_cycle
340.5	0.189583285938	0.0330025096736	0.00875190564529	0	1510578776.8317404	47.6279069767	0.53488372093
340.5	0.185416620313	0.0236126721595	0.0148420057643	0	1510578777.2775428	48.1882352941	0.547065337763
340.5	0.185416620313	0.0300674038853	0.00991573714332	0	1510578778.044423	47.9064327485	0.549695459579
341.0	0.185416620313	0.0297125994095	0.0131827010907	0	1510578778.8598983	48.1882352941	0.552879291251
341.5	0.185416620313	0.0343141652106	0.0109732314016	0	1510578779.2782848	47.9064327485	0.549695459579
341.5	0.185416620313	0.0389751808787	0.011464830173	0	1510578780.0471232	48.1882352941	0.547065337763
342.0	0.185416620313	0.0408590036527	0.0123204622158	0	1510578780.8295922	47.9064327485	0.549695459579
342.0	0.189583285938	0.0549419249816	0.0191901365737	0	1510578781.2725112	47.6279069767	0.558139534884
342.5	0.189583285938	0.0614899549522	0.0163098877132	0	1510578782.0359867	47.6279069767	0.558139534884
343.0	0.189583285938	0.0496293393334	0.0156495379129	0	1510578782.8318427	48.0	0.554632705795
343.0	0.189583285938	0.0490020885898	0.0229674525178	0	1510578783.2847517	48.0	0.554632705795
343.5	0.189583285938	0.0761445972296	0.022248312449	0	1510578784.0565085	47.6279069767	0.558139534884
344.0	0.189583285938	0.0724473616132	0.0214747220527	0	1510578784.8255286	47.6279069767	0.558139534884
344.0	0.185416620313	0.0803553087679	0.0368048560139	0	1510578785.2773125	47.3526011561	0.531844608879
344.5	0.189583285938	0.0757270715608	0.0220391886734	0	1510578786.0342934	47.6279069767	0.558139534884
345.0	0.187499953125	0.0854226374356	0.0206373438555	0	1510578786.828677	47.6279069767	0.517441860465
345.0	0.185416620313	0.0742588133441	0.0304099133661	0	1510578787.272602	47.6279069767	0.511627906977
345.5	0.185416620313	0.104730365974	0.0269942029509	0	1510578788.036829	47.6279069767	0.523255813953
346.0	0.366666575	0.039311029428	0.133783597738	0	1510578788.8917952	nan	nan
346.5	0.187499953125	0.148710697116	0.0377007672768	0	1510578789.8296175	47.3526011561	0.520216701903
346.5	0.187499953125	0.136948495175	0.0384871123458	0	1510578790.2735443	47.3526011561	0.520216701903
347.0	0.187499953125	0.0952405724283	0.0225241125547	0	1510578791.0374794	47.3526011561	0.526030655391
347.0	0.187499953125	0.135870564272	0.0327713147642	0	1510578791.832226	47.3526011561	0.520216701903
347.5	0.185416620313	0.100916285312	0.035639884428	0	1510578792.277414	47.6279069767	0.511627906977
348.0	0.189583285938	0.107184096853	0.0305084752522	0	1510578793.0422525	47.6279069767	0.558139534884
348.0	0.187499953125	0.100553988004	0.0272892265548	0	1510578793.8342001	47.3526011561	0.531844608879
348.5	0.187499953125	0.078966566893	0.0299364758771	0	1510578794.280678	47.6279069767	0.523255813953
348.5	0.185416620313	0.109917641478	0.0284700131225	0	1510578795.0460448	47.3526011561	0.526030655391
349.0	0.185416620313	0.1322266076	0.0338170322326	0	1510578795.8247316	47.6279069767	0.523255813953
349.5	0.187499953125	0.117044707883	0.032774981137	0	1510578796.2735791	47.3526011561	0.531844608879
349.5	0.185416620313	0.110456655059	0.0272020111197	0	1510578797.0295303	47.3526011561	0.520216701903
350.0	0.185416620313	0.108988576741	0.0235538031753	0	1510578797.8325787	47.6279069767	0.511627906977
350.5	0.189583285938	0.0605220710665	0.0344252448891	0	1510578798.276072	47.6279069767	0.558139534884
350.5	0.187499953125	0.0933014215208	0.0267597811927	0	1510578799.0421755	47.6279069767	0.558139534884
351.0	0.189583285938	0.0914337901427	0.0256847644211	0	1510578799.8361194	47.6279069767	0.558139534884
351.0	0.187499953125	0.0676115826191	0.0156934647697	0	1510578800.2810106	47.9064327485	0.538067552602
351.5	0.189583285938	0.0823455192189	0.0243213615442	0	1510578801.0376549	47.6279069767	0.558139534884
352.0	0.185416620313	0.119875420211	0.0333412867911	0	1510578801.8247273	47.9064327485	0.555509413068
352.0	0.185416620313	0.0646274767206	0.0278780695871	0	1510578802.273948	47.9064327485	0.543881506091
352.5	0.366666575	0.0117056793465	0.0154736070805	0	1510578803.1015472	47.6279069767	0.558139534884
353.0	0.187499953125	0.0770555648256	0.0177419695843	0	1510578803.8665802	47.3526011561	0.520216701903
353.0	0.187499953125	0.0669357575758	0.0260951818091	0	1510578804.2760153	47.0804597701	0.52299154334
353.5	0.187499953125	0.103395332294	0.0271087218716	0	1510578805.0934422	47.3526011561	0.526030655391
354.0	0.368749907812	nan	0.0269692419433	0	1510578805.855951	nan	nan
354.0	0.187499953125	0.0842736759533	0.024768866577	0	1510578806.2790105	47.0804597701	0.528805496829
354.5	0.187499953125	0.05525610732	0.0156923566656	0	1510578807.0381105	47.0804597701	0.528805496829
355.0	0.187499953125	0.102212109301	0.0273510419393	0	1510578807.8174918	47.0804597701	0.52299154334
355.0	0.187499953125	0.0722088655012	0.0207898978663	0	1510578808.2799678	47.0804597701	0.52299154334
355.5	0.187499953125	0.0772595110167	0.0191950091902	0	1510578809.0414343	47.3526011561	0.520216701903
356.0	0.185416620313	0.0671018239608	0.0167686523666	0	1510578809.821592	47.0804597701	0.52299154334
356.0	0.185416620313	0.0536211202476	0.0132836514111	0	1510578810.2766533	47.3526011561	0.520216701903
356.5	0.187499953125	0.0685849168274	0.0192819858481	0	1510578811.0440075	47.0804597701	0.52299154334
356.5	0.185416620313	0.0287107960869	0.00910753468192	0	1510578811.8263636	47.0804597701	0.528805496829
357.0	0.187499953125	0.0160088995592	0.00651726086904	0	1510578812.3358023	47.0804597701	0.528805496829
357.5	0.366666575	0.00509249688541	0.00290230885101	0	1510578813.107688	47.0804597701	0.568974630021
357.5	0.366666575	0.00363070137324	0.00277175540677	0	1510578813.9480958	46.9007633588	0.625968992248
358.0	0.187499953125	0.00661523260973	0.00427861681332	0	1510578814.8868532	47.0804597701	0.517177589852
358.5	0.0020833328125	0.00107457477282	0.00210634764308	0	1510578815.2926836	29.2571428571	0.914285714286
358.5	0.187499953125	0.00232253622813	0.00337565042816	0	1510578816.1127906	47.3526011561	0.520216701903
359.0	0.368749907812	nan	0.00128338235395	0	1510578816.865673	nan	nan
359.0	0.189583285938	0.000519745001793	0.00300536064873	0	1510578817.3384967	47.3526011561	0.526030655391
359.5	0.366666575	0.00433685865968	0.00747403268561	0	1510578818.1101422	47.2615384615	0.538407329105
360.0	0.185416620313	0.000443726932227	0.00123444998433	0	1510578818.9507725	47.3526011561	0.531844608879
0.0	0.185416620313	0.000647769911675	0.00325613486853	0	1510578819.8866699	47.6279069767	0.517441860465
0.5	0.368749907812	nan	0.00709020233609	0	1510578820.2970183	nan	nan
0.5	0.187499953125	0.000167387613112	0.00305216317565	0	1510578821.1328762	47.3526011561	0.531844608879
1.0	0.0020833328125	0.0	8.251227462e-06	0	1510578821.8904657	70.6206896552	0.793103448276
1.0	0.187499953125	8.69847721714e-05	0.00291222658405	0	1510578822.3587105	47.6279069767	0.523255813953
1.5	0.366666575	0.00786941384021	0.00804042319631	0	1510578823.127737	47.6279069767	0.565891472868
2.0	0.366666575	0.000554055119953	0.00139654203907	0	1510578823.951043	nan	nan
2.5	0.185416620313	0.00127721056505	0.00275586661344	0	1510578824.8893726	47.3526011561	0.520216701903
2.5	0.172916623438	nan	0.00733787245152	0	1510578825.2973652	nan	nan
3.0	0.187499953125	0.00022460260708	0.00270612322193	0	1510578826.1151524	47.3526011561	0.526030655391
3.5	0.366666575	nan	0.00100875139717	0	1510578826.882973	nan	nan
3.5	0.189583285938	0.000121613658027	0.00290706672763	0	1510578827.3409376	47.6279069767	0.558139534884
4.0	0.366666575	0.0215004623443	0.00804783187114	0	1510578828.102844	nan	nan
4.5	0.366666575	0.000151491906761	0.000974287633323	0	1510578828.9374053	53.5424836601	0.542901439646
4.5	0.185416620313	0.000325357879714	0.00268328054273	0	1510578829.8916821	48.3779527559	0.519748984865
5.0	0.189583285938	0.000908238068259	0.00323928202883	0	1510578830.8283148	47.6279069767	0.558139534884
5.5	0.187499953125	9.47878914691e-05	0.00316024162275	0	1510578831.3393712	47.3526011561	0.526030655391
5.5	0.366666575	0.00121220651085	0.0011678576107	0	1510578832.112341	47.2615384615	0.646229739253
6.0	0.187499953125	0.00128427605855	0.00291119379758	0	1510578832.8720884	47.3526011561	0.520216701903
6.5	0.187499953125	0.000637711704979	0.00272619264893	0	1510578833.2806284	47.3526011561	0.520216701903
6.5	0.366666575	0.00304209107621	0.00675336270819	0	1510578834.115906	47.2615384615	0.592318534179
7.0	0.187499953125	0.00404926637911	0.00365255834017	0	1510578834.9397717	47.3526011561	0.520216701903
7.5	0.187499953125	0.00723558667908	0.0027526424545	0	1510578835.8242333	47.3526011561	0.526030655391
7.5	0.185416620313	0.00810473987057	0.00274645309596	0	1510578836.339686	47.3526011561	0.526030655391
8.0	0.37499990625	0.0251413932873	0.00614771602359	0	1510578837.099365	47.2615384615	0.56148696265
8.5	0.366666575	0.00155153469984	0.0339707093646	0	1510578837.9333649	nan	nan

#$Filter:1
#$	0	1	 1
#$	1	op06	0.251188643150958
#$	2	op09	0.02848931924611138
#$	3	op18*op18*op18	3.9810717055349725e-06
#$	4	ns12	1e-7
#$	5	0	 1e-22
#$POWER:55, mW
#$WAVELENGTH:532,nm
#$OBJECT:Air, on wires	=	=	=	=	=	=	=	=	=	=	=
angle	ref	signal	signal_std	filter	Time	freq	duty_cycle
9.0	0.187499953125	0.0435544707838	0.0132722290054	0	1510578840.3249469	47.3526011561	0.526030655391
9.0	0.185416620313	0.0385725449993	0.0104546591322	0	1510578841.1008377	47.3526011561	0.520216701903
9.5	0.187499953125	0.0421253396087	0.0121214795837	0	1510578841.858366	47.0804597701	0.52299154334
10.0	0.187499953125	0.0475747680183	0.0131609617232	0	1510578842.3272638	47.3526011561	0.526030655391
10.5	0.185416620313	0.0512106817131	0.012700338825	0	1510578843.147559	47.3526011561	0.520216701903
10.5	0.0	4.12541150991e-06	5.84878025346e-05	0	1510578843.9075277	68.2666666667	0.8
11.0	0.187499953125	0.0511292173723	0.0145917659123	0	1510578844.3309548	47.2615384615	0.523079633545
11.0	0.185416620313	0.0406714285786	0.0112130042936	0	1510578845.0878294	47.0804597701	0.517177589852
11.5	0.187499953125	0.046167013086	0.0130005290722	0	1510578845.854227	47.0804597701	0.528805496829
11.5	0.187499953125	0.0446141784226	0.0133557919047	0	1510578846.3337376	47.0804597701	0.528805496829
12.0	0.185416620313	0.0436147326861	0.0117646756812	0	1510578847.091655	47.0804597701	0.517177589852
12.5	0.187499953125	0.0455833931626	0.0120769172013	0	1510578847.8559651	47.0804597701	0.517177589852
12.5	0.187499953125	0.0436479482717	0.0148388442879	0	1510578848.3277164	47.3526011561	0.526030655391
13.0	0.187499953125	0.0401596372808	0.0108668768183	0	1510578849.084637	47.3526011561	0.520216701903
13.5	0.187499953125	0.0421058318105	0.012897529193	0	1510578849.861547	47.0804597701	0.528805496829
13.5	0.187499953125	0.034049027041	0.0129517450457	0	1510578850.330549	47.0804597701	0.52299154334
14.0	0.187499953125	0.0321512663035	0.00948396059955	0	1510578851.0873456	47.0804597701	0.528805496829
14.5	0.187499953125	0.0358988505691	0.0108716650298	0	1510578851.8448055	47.3526011561	0.526030655391
14.5	0.187499953125	0.0357310302729	0.00929902981773	0	1510578852.3351085	47.0804597701	0.52299154334
15.0	0.187499953125	0.0384943881355	0.0111383481005	0	1510578853.0987506	47.3526011561	0.526030655391
15.0	0.187499953125	0.0337039731666	0.00980417921817	0	1510578853.8559003	47.0804597701	0.52299154334
15.5	0.185416620313	0.0327343266906	0.011211610805	0	1510578854.3279774	47.3526011561	0.520216701903
16.0	0.185416620313	0.0310603842911	0.00793826893453	0	1510578855.10031	47.0804597701	0.517177589852
16.0	0.185416620313	0.0377854724917	0.0104842676175	0	1510578855.8605871	47.3526011561	0.514402748414
16.5	0.187499953125	0.028474004909	0.0111829571769	0	1510578856.3267028	47.3526011561	0.526030655391
16.5	0.189583285938	0.028373417878	0.00871775145295	0	1510578857.0884018	47.6279069767	0.558139534884
17.0	0.187499953125	0.0284623778384	0.00816399072959	0	1510578857.843478	47.3526011561	0.526030655391
17.5	0.187499953125	0.0317767027401	0.00957600487731	0	1510578858.3344579	47.3526011561	0.526030655391
17.5	0.187499953125	0.0304040044784	0.0105183446023	0	1510578859.0931094	47.6279069767	0.53488372093
18.0	0.189583285938	0.024265386259	0.0088511301649	0	1510578859.8680007	47.6279069767	0.558139534884
18.0	0.185416620313	0.00781524021143	0.0146662987073	0	1510578860.335914	48.1882352941	0.552879291251
18.5	0.185416620313	0.0228431273241	0.00806492741715	0	1510578861.1005228	48.3779527559	0.52750092285
19.0	0.185416620313	0.0226182938174	0.0072333247106	0	1510578861.8598402	48.4733727811	0.520764119601
19.0	0.1833332875	0.0122296379858	0.0109542772232	0	1510578862.3866413	48.7619047619	0.505952380952
19.5	0.366666575	0.00931541749438	0.00559478661271	0	1510578863.1455348	49.9512195122	0.730935866799
20.0	0.187499953125	0.018216767688	0.00606133264941	0	1510578863.9040995	47.3526011561	0.520216701903
20.0	0.187499953125	0.017151739135	0.00650880413204	0	1510578864.3252223	46.9007633588	0.519027484144
20.5	0.187499953125	0.0170684914243	0.0059256952798	0	1510578865.089378	46.9007633588	0.519027484144
21.0	0.187499953125	0.0177103976154	0.00594684304475	0	1510578865.882983	46.9007633588	0.519027484144
21.0	0.187499953125	0.0138021689141	0.00599462182923	0	1510578866.3360138	46.9007633588	0.519027484144
21.5	0.187499953125	0.0134395118487	0.00528411883955	0	1510578867.1301086	46.9007633588	0.526779422128
22.0	0.187499953125	0.0119745368223	0.00461860234485	0	1510578867.9119244	46.5454545455	0.545454545455
22.0	0.187499953125	0.0113700451767	0.00477082635549	0	1510578868.3428888	46.9007633588	0.549682875264
22.5	0.185416620313	0.00952055584315	0.00552653987305	0	1510578869.1246357	46.9007633588	0.526779422128
22.5	0.187499953125	0.0100466147913	0.00419750672158	0	1510578869.9156172	46.9007633588	0.519027484144
23.0	0.187499953125	0.00937108027831	0.00476166783371	0	1510578870.3464046	46.9007633588	0.519027484144
23.5	0.366666575	0.000732457151671	0.00302566821209	0	1510578871.1843271	nan	nan
23.5	0.187499953125	0.00989770660921	0.00445140145459	0	1510578871.9551637	47.0804597701	0.528805496829
24.0	0.187499953125	0.00952455744279	0.00445274871557	0	1510578872.8321483	47.0804597701	0.528805496829
24.0	0.185416620313	0.00816601436506	0.00467665311054	0	1510578873.3245037	47.0804597701	0.528805496829
24.5	0.187499953125	0.00841506309626	0.0036452013911	0	1510578874.0899212	46.8114285714	0.51995243129
25.0	0.187499953125	0.009622154902	0.00444887713296	0	1510578874.8588605	46.9007633588	0.519027484144
25.0	0.187499953125	0.00850200238286	0.00384354937201	0	1510578875.3283453	47.0804597701	0.52299154334
25.5	0.187499953125	0.00884741175373	0.00421969291263	0	1510578876.0925534	47.0804597701	0.528805496829
26.0	0.187499953125	0.00872398741484	0.00416337624748	0	1510578876.8635263	46.8114285714	0.525766384778
26.0	0.187499953125	0.00907405397186	0.00477978541398	0	1510578877.3313255	46.9007633588	0.526779422128
26.5	0.187499953125	0.00771532221658	0.00441583460387	0	1510578878.100346	46.9007633588	0.519027484144
27.0	0.187499953125	0.00688921174	0.00373977635567	0	1510578878.8640244	47.2615384615	0.523079633545
27.0	0.187499953125	0.00829381177121	0.00413905873404	0	1510578879.3246214	46.9007633588	0.519027484144
27.5	0.187499953125	0.00794375407752	0.00366971929496	0	1510578880.1000838	47.0804597701	0.52299154334
28.0	0.187499953125	0.00739914344936	0.0038862527731	0	1510578880.8608437	47.0804597701	0.517177589852
28.0	0.187499953125	0.00830269400276	0.00401602225274	0	1510578881.327681	47.0804597701	0.52299154334
28.5	0.187499953125	0.0072011286519	0.00374621950392	0	1510578882.093648	47.3526011561	0.526030655391
28.5	0.187499953125	0.00731324362053	0.00439028775621	0	1510578882.8635042	47.3526011561	0.520216701903
29.0	0.187499953125	0.00440763695331	0.00402703206693	0	1510578883.332442	47.0804597701	0.52299154334
29.5	0.187499953125	0.00706007226459	0.00319382643839	0	1510578884.097367	47.0804597701	0.52299154334
29.5	0.187499953125	0.00726677989599	0.00391631672145	0	1510578884.8569074	47.3526011561	0.526030655391
30.0	0.187499953125	0.00630316069665	0.00428875364995	0	1510578885.3251667	47.0804597701	0.52299154334
30.5	0.187499953125	0.0066587946316	0.00342977291147	0	1510578886.090103	47.0804597701	0.517177589852
30.5	0.187499953125	0.00685294788585	0.00390348724535	0	1510578886.8380725	47.0804597701	0.528805496829
31.0	0.187499953125	0.00657712920806	0.00383169447789	0	1510578887.3274083	46.8114285714	0.525766384778
31.0	0.187499953125	0.00638277033263	0.00357008942672	0	1510578888.0925944	47.0804597701	0.52299154334
31.5	0.187499953125	0.00629274581596	0.00340936393291	0	1510578888.8645024	46.5454545455	0.522727272727
31.5	0.187499953125	0.00673275669152	0.00387332747656	0	1510578889.331652	46.9007633588	0.526779422128
32.0	0.187499953125	0.00684857378643	0.0033768910652	0	1510578890.0962882	46.9007633588	0.519027484144
32.5	0.187499953125	0.00605129400538	0.00279734334993	0	1510578890.8560855	46.9007633588	0.526779422128
32.5	0.187499953125	0.0063658639852	0.00381418320287	0	1510578891.3352427	46.9007633588	0.526779422128
33.0	0.187499953125	0.00616166812231	0.00315718418844	0	1510578892.098158	46.9007633588	0.526779422128
33.5	0.187499953125	0.00624819723382	0.00384374279063	0	1510578892.8608994	47.0804597701	0.52299154334
33.5	0.187499953125	0.00457647723503	0.00389184709202	0	1510578893.3279123	47.0804597701	0.528805496829
34.0	0.187499953125	0.00619422811925	0.00347670456987	0	1510578894.0967095	47.0804597701	0.528805496829
34.5	0.187499953125	0.0051177958394	0.00318788548851	0	1510578894.8627348	46.9007633588	0.526779422128
34.5	0.187499953125	0.00563712844266	0.00365904811055	0	1510578895.3313155	46.9007633588	0.526779422128
35.0	0.187499953125	0.00630506890253	0.00322613870321	0	1510578896.0965211	46.9007633588	0.519027484144
35.5	0.187499953125	0.00579720079917	0.00319106018632	0	1510578896.8655005	47.0804597701	0.52299154334
35.5	0.187499953125	0.00237607483615	0.0036311886625	0	1510578897.3982384	47.0804597701	0.52299154334
36.0	0.187499953125	0.00209013553189	0.00147730787289	0	1510578898.1600916	46.9007633588	0.526779422128
36.0	0.366666575	0.000220563450026	0.00900127665761	0	1510578898.9900854	nan	nan
36.5	0.187499953125	0.00540131049696	0.00309962056964	0	1510578899.8319542	46.8114285714	0.525766384778
37.0	0.187499953125	0.00493592226656	0.00358790726325	0	1510578900.333758	47.0804597701	0.52299154334
37.0	0.187499953125	0.00430859736223	0.00306624969356	0	1510578901.100396	47.0804597701	0.52299154334
37.5	0.185416620313	0.0050689012938	0.00320033198577	0	1510578901.8706484	47.6279069767	0.523255813953
38.0	0.185416620313	0.00319706944655	0.00350785947382	0	1510578902.3845696	47.9064327485	0.543881506091
38.5	0.366666575	0.00230353885064	0.0014749089878	0	1510578903.155449	nan	nan
38.5	0.189583285938	0.00847005444033	0.00980079470511	0	1510578903.9952	47.6279069767	0.558139534884
39.0	0.185416620313	0.00483155945524	0.00325796367153	0	1510578904.8339932	47.3526011561	0.514402748414
39.0	0.187499953125	0.00505064399544	0.00271722489939	0	1510578905.327666	47.0804597701	0.52299154334
39.5	0.187499953125	0.00479537487831	0.0031641286917	0	1510578906.0965693	47.3526011561	0.520216701903
40.0	0.185416620313	0.00519449308019	0.0034079643378	0	1510578906.859015	47.0804597701	0.52299154334
40.0	0.187499953125	0.00304239972623	0.00317105973637	0	1510578907.3307753	47.0804597701	0.528805496829
40.5	0.187499953125	0.00528387558367	0.00305050337688	0	1510578908.1003897	47.0804597701	0.52299154334
41.0	0.187499953125	0.00524634840351	0.00320367388533	0	1510578908.8666205	47.0804597701	0.517177589852
41.0	0.187499953125	0.00521052557633	0.00344134362916	0	1510578909.3345397	47.0804597701	0.52299154334
41.5	0.187499953125	0.00495910607632	0.00293140118853	0	1510578910.1141467	47.0804597701	0.52299154334
42.0	0.187499953125	0.0050193839817	0.0025847047163	0	1510578910.880388	46.9007633588	0.526779422128
42.0	0.187499953125	0.00477814752429	0.00284709572808	0	1510578911.3371637	47.2615384615	0.523079633545
42.5	0.187499953125	0.0048934602273	0.00317561823895	0	1510578912.0956612	46.9007633588	0.519027484144
43.0	0.187499953125	0.00480309687033	0.00280626590918	0	1510578912.8610785	46.9007633588	0.526779422128
43.0	0.187499953125	0.00454706769076	0.00317815917934	0	1510578913.3299303	46.8114285714	0.525766384778
43.5	0.187499953125	0.00476778726959	0.00299149039963	0	1510578914.0994804	47.0804597701	0.517177589852
43.5	0.187499953125	0.00487257281147	0.00357411021937	0	1510578914.8656387	47.0804597701	0.52299154334
44.0	0.187499953125	0.00417254297447	0.00309840142103	0	1510578915.3316076	47.0804597701	0.528805496829
44.5	0.187499953125	0.00463697863267	0.00299256726492	0	1510578916.093486	47.3526011561	0.526030655391
44.5	0.187499953125	0.00384941380355	0.00247180962945	0	1510578916.856087	47.6279069767	0.523255813953
45.0	0.189583285938	0.00125651787286	0.00358870914852	0	1510578917.3289816	47.6279069767	0.53488372093
45.0	0.185416620313	0.00483757001568	0.00287801990676	0	1510578918.1032617	48.1882352941	0.547065337763
45.5	0.185416620313	0.00447429694683	0.00304005661663	0	1510578918.875059	47.9064327485	0.549695459579
46.0	0.185416620313	0.00113277634674	0.00330014160578	0	1510578919.3301592	48.1882352941	0.523532668882
46.0	0.185416620313	0.00451145362586	0.00326234367718	0	1510578920.098933	48.3779527559	0.519748984865
46.5	0.185416620313	0.00408594313879	0.00296607194245	0	1510578920.8668537	48.1882352941	0.541251384275
46.5	0.185416620313	0.00165797679348	0.00339891111677	0	1510578921.3317907	47.6279069767	0.511627906977
47.0	0.187499953125	0.00402385853785	0.00270390362318	0	1510578922.092137	47.3526011561	0.526030655391
47.5	0.187499953125	0.00383728395464	0.00296367992121	0	1510578922.8582914	46.9007633588	0.526779422128
47.5	0.187499953125	0.00408803316603	0.00260584063566	0	1510578923.3362458	46.9007633588	0.519027484144
48.0	0.187499953125	0.00388034091026	0.00304783105763	0	1510578924.096951	46.9007633588	0.519027484144
48.5	0.187499953125	0.00429028883212	0.00257367959271	0	1510578924.860039	46.9007633588	0.549682875264
48.5	0.187499953125	0.00376107795435	0.00324467474112	0	1510578925.3310215	46.9007633588	0.549682875264
49.0	0.187499953125	0.00463147643317	0.00265247261496	0	1510578926.0968335	46.9007633588	0.526779422128
49.5	0.187499953125	0.00355943854313	0.00246123861884	0	1510578926.8668406	46.8114285714	0.548625792812
49.5	0.187499953125	0.00363245207308	0.00270097413391	0	1510578927.3243775	46.9007633588	0.54193093728
49.5	0.187499953125	0.00438817554113	0.00262336602711	0	1510578928.0885983	46.9007633588	0.519027484144
50.0	0.187499953125	0.00432984222238	0.00257382992553	0	1510578928.860527	46.5454545455	0.545454545455
50.0	0.187499953125	0.00331842865757	0.00239798608632	0	1510578929.3295445	46.9007633588	0.54193093728
50.0	0.187499953125	0.00416418674073	0.00246872041158	0	1510578930.094375	46.9007633588	0.526779422128
50.0	0.189583285938	0.00399741276901	0.00259020293703	0	1510578930.8651037	46.8114285714	0.554307610994
49.5	0.187499953125	0.00363214041499	0.0032378417583	0	1510578931.3317316	46.5454545455	0.545454545455
49.5	0.187499953125	0.00415934532328	0.00262288978758	0	1510578932.0990024	46.5454545455	0.545454545455
50.0	0.187499953125	0.00323364961629	0.00245476502728	0	1510578932.8689272	46.8114285714	0.554307610994
50.0	0.187499953125	0.00307310347342	0.00324946491796	0	1510578933.325819	46.8114285714	0.542811839323
50.5	0.187499953125	0.00244313727581	0.00236593032958	0	1510578934.0928736	46.5454545455	0.545454545455
51.0	0.187499953125	0.00374924876257	0.00287760099877	0	1510578934.8696299	46.8114285714	0.542811839323
51.0	0.187499953125	0.00331319146394	0.00249952027116	0	1510578935.3296463	46.8114285714	0.554307610994
51.5	0.187499953125	0.00304259127617	0.002672242456	0	1510578936.0946355	46.5454545455	0.545454545455
52.0	0.187499953125	0.00386992200171	0.0028905045844	0	1510578936.8662696	46.9007633588	0.549682875264
52.0	0.187499953125	0.00304434197601	0.00268418542183	0	1510578937.3319342	46.9007633588	0.526779422128
52.5	0.187499953125	0.00339915668602	0.00276465900819	0	1510578938.0983262	46.5454545455	0.545454545455
53.0	0.187499953125	0.00327203807373	0.00244469914323	0	1510578938.8577168	46.5454545455	0.522727272727
53.0	0.187499953125	0.00304444439668	0.00261590580563	0	1510578939.32563	46.9007633588	0.526779422128
53.5	0.187499953125	0.00345738208884	0.002420471536	0	1510578940.0888557	46.8114285714	0.525766384778
54.0	0.185416620313	0.00328922976036	0.00263560743978	0	1510578940.864696	47.0804597701	0.52299154334
54.0	0.187499953125	0.00309527044116	0.00234031074562	0	1510578941.3286076	47.0804597701	0.52299154334
54.5	0.185416620313	0.00292585029291	0.00252522365212	0	1510578942.1056619	47.0804597701	0.52299154334
55.0	0.187499953125	0.00291428998771	0.00259722679415	0	1510578942.8734157	47.0804597701	0.52299154334
55.0	0.189583285938	0.00137621672353	0.00282672941195	0	1510578943.3328924	47.6279069767	0.558139534884
55.5	0.185416620313	0.00283987402609	0.00224818706563	0	1510578944.0961773	47.9064327485	0.555509413068
55.5	0.185416620313	0.00298730522247	0.0025006083859	0	1510578944.8566568	47.9064327485	0.549695459579
56.0	0.187499953125	0.000512830003845	0.00215889473154	0	1510578945.3370335	47.3526011561	0.520216701903
56.0	0.187499953125	0.00200516770621	0.00243163319635	0	1510578946.1026444	47.0804597701	0.52299154334
56.5	0.187499953125	0.00285795739771	0.00229208771617	0	1510578946.8729513	47.0804597701	0.52299154334
57.0	0.187499953125	0.00249575495444	0.00272413723683	0	1510578947.3278508	46.9007633588	0.526779422128
57.0	0.187499953125	0.00247913394622	0.0024476319161	0	1510578948.1077077	46.9007633588	0.526779422128
57.5	0.187499953125	0.00262454916379	0.00247568643025	0	1510578948.8726397	46.9007633588	0.526779422128
57.5	0.187499953125	0.00267912105595	0.00213992320112	0	1510578949.332987	46.9007633588	0.526779422128
58.0	0.187499953125	0.00257456207393	0.00199515677205	0	1510578950.0982888	46.9007633588	0.519027484144
58.5	0.187499953125	0.00230492139256	0.00215855682013	0	1510578950.8551588	46.5454545455	0.545454545455
58.5	0.187499953125	0.002277785545	0.0022055066196	0	1510578951.3360894	46.8114285714	0.542811839323
59.0	0.187499953125	0.00144220682731	0.00208051768784	0	1510578952.102987	46.5454545455	0.545454545455
59.5	0.187499953125	0.00149022729067	0.00165596566929	0	1510578952.8739688	46.5454545455	0.545454545455
59.5	0.187499953125	0.00225508248319	0.00239337575856	0	1510578953.3283765	46.5454545455	0.545454545455
60.0	0.187499953125	0.00146721151795	0.00199503903954	0	1510578954.0972712	46.5454545455	0.545454545455
60.0	0.187499953125	0.00174071177164	0.00207025070954	0	1510578954.8655596	46.9007633588	0.519027484144
60.5	0.187499953125	0.00169757205178	0.00250982082794	0	1510578955.3316467	46.9007633588	0.519027484144
61.0	0.187499953125	0.00198341059243	0.0022615279312	0	1510578956.101398	47.2615384615	0.523079633545
61.0	0.187499953125	0.00201605404925	0.00215618446064	0	1510578956.8763833	47.0804597701	0.528805496829
61.5	0.187499953125	0.000962384713385	0.00212600133444	0	1510578957.3362036	47.0804597701	0.52299154334
62.0	0.187499953125	0.00229929414306	0.00238530524608	0	1510578958.116087	47.3526011561	0.526030655391
62.0	0.185416620313	0.00232608404047	0.00219865856993	0	1510578958.8806918	47.3526011561	0.526030655391
62.5	0.185416620313	0.000911444730194	0.00267799672001	0	1510578959.3284774	47.9064327485	0.549695459579
63.0	0.185416620313	0.00178095081799	0.00218061066473	0	1510578960.0963576	47.9064327485	0.543881506091
63.0	0.185416620313	0.00202383958991	0.00210620116742	0	1510578960.8636417	48.1882352941	0.552879291251
63.0	0.187499953125	1.62643342322e-05	0.00211734841568	0	1510578961.3307323	47.9064327485	0.549695459579
63.5	0.185416620313	0.00175845294174	0.00196705443247	0	1510578962.0907066	47.3526011561	0.520216701903
64.5	0.187499953125	0.00177445313169	0.00210987716944	0	1510578962.8701003	47.0804597701	0.52299154334
64.5	0.187499953125	0.00159763865621	0.00230005716688	0	1510578963.3364582	46.9007633588	0.549682875264
64.5	0.187499953125	0.0013954335095	0.00196528615448	0	1510578964.117277	46.5454545455	0.545454545455
65.0	0.187499953125	0.00149297181563	0.00196639366933	0	1510578964.9102204	46.9007633588	0.549682875264
65.0	0.187499953125	0.000880075252218	0.00195537028942	0	1510578965.3508725	46.9007633588	0.526779422128
65.5	0.187499953125	0.00200163767623	0.00201690814814	0	1510578966.1209002	46.9007633588	0.519027484144
66.0	0.187499953125	0.00158120716048	0.00191874077335	0	1510578966.8859603	46.9007633588	0.526779422128
66.5	0.187499953125	0.00149990332302	0.00221626005034	0	1510578967.3313906	47.2615384615	0.523079633545
66.5	0.187499953125	0.00159063585684	0.00211143110768	0	1510578968.1005614	46.8114285714	0.525766384778
67.5	0.187499953125	0.00196766157291	0.00231891544653	0	1510578968.8712013	47.3526011561	0.526030655391
67.5	0.187499953125	0.00142018516493	0.00219704875757	0	1510578969.3343008	47.3526011561	0.531844608879
68.0	0.185416620313	0.00122876804378	0.00217481712697	0	1510578970.1052773	47.9064327485	0.538067552602
68.5	0.185416620313	0.00137845646658	0.00216546815852	0	1510578970.8847208	47.9064327485	0.543881506091
69.0	0.187499953125	0.000665304005334	0.00195822409439	0	1510578971.329652	48.1882352941	0.552879291251
69.5	0.185416620313	0.000957382713836	0.00190442992531	0	1510578972.0979266	48.0	0.53119232189
70.0	0.185416620313	0.00154124111129	0.00211832800009	0	1510578972.8629763	48.3779527559	0.519748984865
70.0	0.189583285938	0.000717218481664	0.00196782977176	0	1510578973.3316488	48.0	0.539128829827
70.5	0.185416620313	0.00175506030438	0.00207494528413	0	1510578974.1096594	47.6279069767	0.53488372093
71.0	0.187499953125	0.00149520294808	0.00229849514252	0	1510578974.8795438	47.6279069767	0.529069767442
71.5	0.187499953125	0.00136218465373	0.00199969806918	0	1510578975.3264494	47.6279069767	0.529069767442
72.0	0.187499953125	0.00125111165921	0.00188317077083	0	1510578976.0904293	47.6279069767	0.558139534884
72.5	0.185416620313	0.00132991419744	0.0022110346309	0	1510578976.8573651	47.9064327485	0.543881506091
72.5	0.1833332875	0.000597542585657	0.001956338751	0	1510578977.3299174	48.1882352941	0.552879291251
73.0	0.185416620313	0.00100355447248	0.00189330332686	0	1510578978.0960717	48.4733727811	0.520764119601
73.5	0.185416620313	0.00152332950897	0.00205941671441	0	1510578978.8656287	48.4733727811	0.520764119601
74.0	0.185416620313	0.000946739050057	0.00182925329432	0	1510578979.3278599	48.4733727811	0.52657807309
74.0	0.185416620313	0.00125921829172	0.00178418979149	0	1510578980.0856183	48.4733727811	0.520764119601
74.5	0.185416620313	0.00134394654259	0.0019469774944	0	1510578980.8457391	48.3779527559	0.519748984865
75.0	0.1833332875	0.000366059143719	0.00204805280109	0	1510578981.3265984	47.6279069767	0.53488372093
75.5	0.187499953125	0.00127300888543	0.00249834129982	0	1510578982.0853467	47.6279069767	0.523255813953
76.0	0.187499953125	0.000854238045318	0.0018591013735	0	1510578982.8603282	47.3526011561	0.526030655391
76.5	0.185416620313	0.00135828287921	0.00199836821689	0	1510578983.3298206	47.3526011561	0.526030655391
77.0	0.187499953125	0.000605241945528	0.00239294733134	0	1510578984.0978844	47.3526011561	0.520216701903
77.0	0.187499953125	0.001611144055	0.00190152438875	0	1510578984.873109	47.3526011561	0.520216701903
77.5	0.187499953125	0.000697272162452	0.0016609816438	0	1510578985.332977	47.3526011561	0.526030655391
78.0	0.187499953125	0.00104856804808	0.00200452134918	0	1510578986.097901	47.3526011561	0.520216701903
78.5	0.187499953125	0.00132427938081	0.00205190685224	0	1510578986.8657236	47.3526011561	0.526030655391
79.0	0.187499953125	0.000965801847233	0.00205836090625	0	1510578987.3257678	47.3526011561	0.520216701903
79.5	0.187499953125	0.000535589101797	0.0021078469725	0	1510578988.0907245	47.0804597701	0.52299154334
80.0	0.187499953125	0.00162957215438	0.00205874249192	0	1510578988.8624732	47.3526011561	0.520216701903
80.0	0.187499953125	0.000826709195032	0.00170006086182	0	1510578989.3288713	47.0804597701	0.517177589852
80.5	0.185416620313	0.00117556950668	0.0018785363107	0	1510578990.0932493	47.0804597701	0.517177589852
81.0	0.187499953125	0.00139868412412	0.00226464241137	0	1510578990.864678	47.0804597701	0.528805496829
81.5	0.187499953125	0.000977803927209	0.00205585840427	0	1510578991.333039	47.0804597701	0.52299154334
81.5	0.187499953125	0.00240508643354	0.00211677493688	0	1510578992.111481	47.0804597701	0.528805496829
82.5	0.185416620313	0.000420543112151	0.00210743979452	0	1510578992.878865	46.8114285714	0.525766384778
82.5	0.187499953125	0.000684989144992	0.00181331418534	0	1510578993.3257425	47.0804597701	0.517177589852
83.0	0.187499953125	0.000255100881242	0.00193119117774	0	1510578994.10074	47.0804597701	0.528805496829
83.5	0.185416620313	0.00066954842589	0.00208089254931	0	1510578994.8684976	46.8114285714	0.51995243129
84.0	0.185416620313	0.00117549048967	0.00204448796501	0	1510578995.32857	47.3526011561	0.520216701903
84.5	0.187499953125	0.000483956431717	0.00170788893548	0	1510578996.0934393	47.0804597701	0.517177589852
85.0	0.187499953125	0.000115829743122	0.00187053927838	0	1510578996.8643243	47.0804597701	0.517177589852
85.0	0.185416620313	0.00102541990572	0.00195039345227	0	1510578997.33325	47.3526011561	0.520216701903
85.5	0.185416620313	0.00103078705723	0.00221619515773	0	1510578998.0960193	47.3526011561	0.526030655391
86.0	0.187499953125	0.000405036913547	0.00203398474584	0	1510578998.8581204	47.3526011561	0.526030655391
86.0	0.187499953125	0.000573104098421	0.00211180268416	0	1510578999.3319263	47.3526011561	0.526030655391
87.0	0.187499953125	0.000798236403762	0.00244254526922	0	1510579000.0907338	47.3526011561	0.520216701903
87.5	0.187499953125	0.000687965177379	0.00176268164322	0	1510579000.8617394	47.3526011561	0.526030655391
87.5	0.187499953125	0.00102053295815	0.00208840220317	0	1510579001.3284967	47.0804597701	0.528805496829
88.0	0.187499953125	0.000788462718119	0.00216589739796	0	1510579002.0925162	47.0804597701	0.528805496829
88.5	0.187499953125	0.000899359519058	0.00214581959196	0	1510579002.8503718	47.0804597701	0.528805496829
89.0	0.187499953125	0.000749216336912	0.00210717247094	0	1510579003.3322084	47.0804597701	0.517177589852
89.5	0.187499953125	0.00133190849893	0.00202426125384	0	1510579004.0972621	47.0804597701	0.517177589852
90.0	0.187499953125	0.000276735625094	0.00201582425018	0	1510579004.8751206	47.0804597701	0.528805496829
90.0	0.187499953125	0.000793192078613	0.00204143913211	0	1510579005.3360097	47.3526011561	0.526030655391
90.5	0.187499953125	0.00212897605839	0.00218189743136	0	1510579006.1153767	47.3526011561	0.526030655391
91.0	0.187499953125	0.00785814129277	0.00389079166078	0	1510579006.8816903	47.6279069767	0.523255813953
91.5	0.189583285938	0.00654047506281	0.00442976718119	0	1510579007.3286233	47.6279069767	0.53488372093
92.0	0.187499953125	0.0114221303353	0.0046331336095	0	1510579008.0936306	47.6279069767	0.546511627907
92.5	0.185416620313	0.0106641244811	0.00450228645296	0	1510579008.8611352	47.9064327485	0.549695459579
92.5	0.185416620313	0.00698651890864	0.00435364413497	0	1510579009.3323998	47.9064327485	0.549695459579
93.0	0.185416620313	0.00584326776995	0.00305451799239	0	1510579010.0902843	47.9064327485	0.549695459579
93.5	0.187499953125	0.00679146488877	0.00344164079331	0	1510579010.8661408	47.3526011561	0.526030655391
94.0	0.187499953125	0.00506277337335	0.0036044797154	0	1510579011.3340895	46.9007633588	0.526779422128
94.5	0.1833332875	0.00744592634716	0.00367996381746	0	1510579012.09347	46.9007633588	0.549682875264
95.0	0.187499953125	0.00473675550702	0.00265536245917	0	1510579012.8588111	46.9007633588	0.549682875264
95.0	0.187499953125	0.00353447076587	0.00279868579986	0	1510579013.328679	46.9007633588	0.549682875264
95.5	0.185416620313	0.00540616111345	0.00335104163688	0	1510579014.0966082	46.9007633588	0.526779422128
96.0	0.187499953125	0.0056686198235	0.00330721470272	0	1510579014.8630397	46.9007633588	0.54193093728
96.5	0.185416620313	0.00436924660677	0.0033381204987	0	1510579015.3314042	46.9007633588	0.526779422128
97.0	0.187499953125	0.00538190743156	0.00307534172913	0	1510579016.0902092	46.9007633588	0.526779422128
97.5	0.187499953125	0.0047380395334	0.0030514479193	0	1510579016.854292	46.9007633588	0.549682875264
97.5	0.187499953125	0.00460971773513	0.00263796019248	0	1510579017.3359706	46.9007633588	0.526779422128
98.0	0.187499953125	0.00485244271772	0.00318410148773	0	1510579018.1060364	46.9007633588	0.526779422128
98.5	0.187499953125	0.00436799610688	0.00273198940147	0	1510579018.8715518	46.9007633588	0.526779422128
99.0	0.187499953125	0.00274715662075	0.00261760686009	0	1510579019.3286862	46.9007633588	0.526779422128
99.5	0.187499953125	0.0029072319103	0.00247775200756	0	1510579020.0956979	46.9007633588	0.526779422128
100.0	0.187499953125	0.0022868331611	0.0022489363457	0	1510579020.8756826	46.9007633588	0.526779422128
100.0	0.187499953125	0.0025932866666	0.00236687755647	0	1510579021.3314707	46.5454545455	0.545454545455
100.5	0.187499953125	0.00310328888626	0.00260985366886	0	1510579022.1004007	46.5454545455	0.545454545455
101.0	0.185416620313	0.00219596522993	0.00219657385559	0	1510579022.8693945	46.8114285714	0.548625792812
101.5	0.187499953125	0.00295500355678	0.00253688723438	0	1510579023.3343606	46.5454545455	0.545454545455
102.0	0.187499953125	0.00283199715525	0.00229516863611	0	1510579024.093637	46.9007633588	0.54193093728
102.5	0.187499953125	0.00198213724788	0.00224026634681	0	1510579024.8580213	46.5454545455	0.545454545455
102.5	0.187499953125	0.00225567311878	0.00247919461716	0	1510579025.3294284	46.5454545455	0.545454545455
103.0	0.187499953125	0.00214713935439	0.00249237720087	0	1510579026.1008906	46.8114285714	0.548625792812
103.5	0.187499953125	0.00122961381058	0.00220787345577	0	1510579026.8627322	46.5454545455	0.545454545455
104.0	0.187499953125	0.000864797893766	0.00195653126197	0	1510579027.3316925	46.8114285714	0.548625792812
104.5	0.185416620313	0.00148002540319	0.00236400906775	0	1510579028.0994697	46.5454545455	0.545454545455
105.0	0.187499953125	0.0015602086592	0.0020695604413	0	1510579028.856362	46.5454545455	0.545454545455
105.0	0.187499953125	0.00150172531484	0.00246579593828	0	1510579029.326137	46.5454545455	0.545454545455
105.5	0.187499953125	0.0017912008695	0.00215940625651	0	1510579030.092858	46.5454545455	0.545454545455
106.5	0.185416620313	0.00210987561801	0.00271193547177	0	1510579030.8700972	46.5454545455	0.545454545455
106.5	0.187499953125	0.000989145410977	0.00208399620741	0	1510579031.3380668	46.9007633588	0.549682875264
107.0	0.187499953125	0.00149772657288	0.00248480503291	0	1510579032.097505	46.5454545455	0.545454545455
107.5	0.187499953125	0.00249756524044	0.00236937831453	0	1510579032.8654323	46.5454545455	0.545454545455
107.5	0.185416620313	0.00185196474319	0.00212478882724	0	1510579033.3316348	46.5454545455	0.545454545455
108.0	0.187499953125	0.00217799565398	0.00247587831596	0	1510579034.1095421	46.8114285714	0.542811839323
109.0	0.185416620313	0.00264093071232	0.0031521096638	0	1510579034.8804216	46.5454545455	0.545454545455
109.0	0.187499953125	0.00229954858907	0.00327939702881	0	1510579035.3265414	46.9007633588	0.526779422128
109.5	0.187499953125	0.00223890264761	0.00264576887701	0	1510579036.1049457	46.9007633588	0.526779422128
110.0	0.187499953125	0.00489927401344	0.00353455072255	0	1510579036.873029	46.9007633588	0.526779422128
