
#$Filter:op09
#$	0	1	 1
#$	1	op06	 0.251188643150958
#$	2	op09	op09
#$	3	op18*op18*op18	3.9810717055349725e-06
#$	4	ns12	1e-7
#$	5	0	 1e-22
#$POWER:61.2, mW
#$WAVELENGTH:532,nm
#$OBJECT:635, on wires	=	=	=	=
angle	ref	signal	signal_std	filter	Time
0.0	0.1625	0.000594463544369	0.000861777284039	2	1510218657.2746334
0.0	0.1609375	0.000544277173913	0.000849284505014	2	1510218657.7785823
0.0	0.1625	0.000283375301309	0.000821446130958	2	1510218658.5224493
0.0	0.1609375	0.000243259167964	0.000780660144006	2	1510218658.9173722
0.5	0.1625	0.000471787969209	0.000855216814115	2	1510218659.6508687
0.5	0.1625	0.000414785504238	0.000965591283175	2	1510218660.043205
1.0	0.1625	0.000425	0.000811644286229	2	1510218660.7791162
1.0	0.1609375	0.000333317225086	0.000899823253213	2	1510218661.5240657

#$Filter:op09
#$	0	1	 1
#$	1	op06	 0.251188643150958
#$	2	op09	op09
#$	3	op18*op18*op18	3.9810717055349725e-06
#$	4	ns12	1e-7
#$	5	0	 1e-22
#$POWER:61.2, mW
#$WAVELENGTH:532,nm
#$OBJECT:635, on wires	=	=	=	=
angle	ref	signal	signal_std	filter	Time
1.5	0.1625	0.000220855205599	0.0007965734875	2	1510218672.7084148
2.0	0.15625	0.000495127688172	0.000959042345061	2	1510218673.4602041
2.0	0.15625	0.000279571190309	0.000899315750249	2	1510218673.8473005
2.5	0.1609375	0.000371146214896	0.000819379357992	2	1510218674.5810149
2.5	0.1625	0.000438048913043	0.000978493660029	2	1510218674.9709384
2.5	0.1625	0.000350645231846	0.00081232073046	2	1510218675.7079606
3.0	0.1625	0.000435296369204	0.000803033948458	2	1510218676.447927
3.0	0.1625	0.00121570975503	0.00108694221718	2	1510218676.8427908
3.5	0.1609375	0.00155491873679	0.00135093050002	2	1510218677.591382
3.5	0.1609375	0.00279414420366	0.00216404140519	2	1510218677.9875498
4.0	0.1609375	0.00294248369565	0.00149597805627	2	1510218678.7274382
4.5	0.159375	0.00354565217391	0.00184381257704	2	1510218679.4844134
4.5	0.1625	0.00248766304348	0.00212008555138	2	1510218679.8721976
4.5	0.159375	0.00281955645161	0.00216510856755	2	1510218680.6122067
5.0	0.159375	0.00394522849462	0.00187787842226	2	1510218681.0010486
5.0	0.1609375	0.00422461956522	0.00216267176796	2	1510218681.754607
5.5	0.1609375	0.0110363096811	8.61192668254e-05	2	1510218682.511647
5.5	0.1625	0.0105627578564	0.00149539940657	2	1510218682.9016068
6.0	0.1625	0.0104685114504	0.0	2	1510218683.6638083
6.0	0.1625	0.0104685114504	0.0	2	1510218684.0695486

#$Filter:op09
#$	0	1	 1
#$	1	op06	 0.251188643150958
#$	2	op09	op09
#$	3	op18*op18*op18	3.9810717055349725e-06
#$	4	ns12	1e-7
#$	5	0	 1e-22
#$POWER:61.2, mW
#$WAVELENGTH:532,nm
#$OBJECT:635, on wires	=	=	=	=
angle	ref	signal	signal_std	filter	Time
6.5	0.1578125	0.0533578749351	0.0103338843163	2	1510218698.2194421
7.0	0.15625	0.0511734637489	0.00918699103447	2	1510218698.7234786
7.0	0.1609375	0.0370558608059	0.0203002320644	2	1510218699.4643662
7.5	0.1609375	0.054816468254	0.00818504410601	2	1510218699.9121535
7.5	0.2734375	0.112074593186	0.0150911152409	2	1510218700.7873
8.0	0.2765625	0.0761334382151	0.0399569730335	2	1510218701.179091
8.0	0.1546875	0.0201436589273	0.0314716546504	2	1510218701.9731166
8.5	0.15625	0.0496668956044	0.00896155677935	2	1510218702.8297136
9.0	0.15625	0.022234106171	0.00446583940536	2	1510218703.7246702

#$Filter:op09
#$	0	1	 1
#$	1	op06	 0.251188643150958
#$	2	op09	0.015848931924611138
#$	3	op18*op18*op18	3.9810717055349725e-06
#$	4	ns12	1e-7
#$	5	0	 1e-22
#$POWER:61.2, mW
#$WAVELENGTH:532,nm
#$OBJECT:635, on wires	=	=	=	=
angle	ref	signal	signal_std	filter	Time
360.0	0.15625	0.000209624655647	0.000703279304056	2	1510218797.4263666
360.0	0.15625	0.000479989884642	0.000807249400355	2	1510218797.8219109
360.0	0.1609375	0.000367722088836	0.000820273065458	2	1510218798.6120846
0.0	0.1546875	0.000129351740696	0.000805367283847	2	1510218799.4283638
0.0	0.1609375	0.000273831521739	0.000913300977455	2	1510218800.4351544
0.5	0.15625	0.000435174069628	0.000852331957163	2	1510218801.4317884
1.0	0.1625	0.000254411130285	0.000731034443334	2	1510218802.4278166
1.0	0.1625	0.000382939565143	0.000812746944727	2	1510218803.4246368
1.5	0.1609375	0.000567226442472	0.00106754358182	2	1510218804.4212284
1.5	0.1609375	0.00036598226584	0.000834630338323	2	1510218805.4372056
2.0	0.1609375	0.000409873813632	0.000848996270657	2	1510218806.4322915
2.0	0.1609375	0.00029853219697	0.000793237032134	2	1510218807.4240654
2.5	0.1625	0.000315726290516	0.000815476079639	2	1510218808.438
3.0	0.1625	0.000879494093477	0.00102566567222	2	1510218809.4547577
3.0	0.1609375	0.00191846005155	0.001215348982	2	1510218809.844496
3.0	0.15625	0.00310307692308	0.00169717780447	2	1510218810.7784238
3.5	0.1609375	0.00246567376951	0.00167957246859	2	1510218811.5571063
3.5	0.1625	0.00297261404562	0.00164510310018	2	1510218812.4360807
4.0	0.1546875	0.00403014040628	0.000865180009381	2	1510218813.4323142
4.5	0.15625	0.00385455128205	0.00205800115403	2	1510218814.488812
4.5	0.1625	0.00348248397436	0.00194463715687	2	1510218815.561757
5.0	0.1625	0.00969514032369	0.00451413719603	2	1510218816.5765493
5.0	0.1546875	0.00891186761685	0.00524795603331	2	1510218817.5704756
5.5	0.15625	0.030828125	0.0	2	1510218818.432082
5.5	0.1609375	0.0311660701293	3.12484057343e-05	2	1510218819.4329338
6.0	0.1671875	0.0310405982906	0.00226837118049	2	1510218820.4369016
6.5	0.159375	0.0574733945447	0.00750234944336	2	1510218821.569774
6.5	0.1546875	0.128172831633	0.0219620590602	2	1510218822.5030384
7.0	0.1625	0.0427943052221	0.0181521518562	2	1510218823.438892
7.0	0.1546875	0.0554021608643	0.0090015580086	2	1510218824.4367313
7.5	0.15625	0.0458990384615	0.0148002982445	2	1510218825.4331317
8.0	0.1546875	0.0199392762369	0.00301992118893	2	1510218826.5000439
8.0	0.1546875	0.0179614345738	0.0235483573261	2	1510218827.4365404
8.5	0.1609375	0.0547009081197	0.00852453032064	2	1510218828.4345462
8.5	0.1546875	0.0490234843938	0.0066304236098	2	1510218829.4302552
9.0	0.1546875	0.046559775641	0.00769357229689	2	1510218830.426378
9.0	0.1609375	0.0476458333333	0.00610871559741	2	1510218831.4411027
9.5	0.1546875	0.0483730769231	0.00600382690457	2	1510218832.4388413
9.5	0.1546875	0.034674744898	0.0144110259345	2	1510218833.4358332
10.0	0.159375	0.0218579306723	0.00363126492849	2	1510218834.5054884
10.5	0.1578125	0.029918592437	0.0312673739968	2	1510218835.561057
10.5	0.1546875	0.0410461875107	0.00775545763069	2	1510218836.4383247
11.0	0.1546875	0.0363981244672	0.0141847843324	2	1510218837.4344287
11.0	0.1578125	0.0437338628798	0.00732691298363	2	1510218838.4406095
11.5	0.15625	0.0412907608696	0.00956706846529	2	1510218839.4369009
12.0	0.1578125	0.0408855944862	0.00623677498694	2	1510218840.4333148
12.0	0.15625	0.0401363519973	0.00363034838637	2	1510218841.4305434
12.5	0.15625	0.0158515906363	0.00270025841583	2	1510218842.50642
12.5	0.2734375	0.0389827844311	0.00605444051916	2	1510218843.5601416
13.0	0.1609375	0.0611609961512	0.00443289241763	2	1510218844.5736775
13.0	0.1609375	0.0539780390893	0.0268826417382	2	1510218845.427059
13.5	0.1609375	0.0373476890756	0.00613413001333	2	1510218846.4229534
13.5	0.15625	0.0324240227663	0.012101815719	2	1510218847.4395947
14.0	0.15625	0.0382784188034	0.00628969891966	2	1510218848.4375029
14.5	0.1578125	0.0224100111282	0.0146097125754	2	1510218849.4335022
14.5	0.15625	0.0321267256903	0.00809991411792	2	1510218850.4323277
15.0	0.1546875	0.0307357203751	0.00823071549307	2	1510218851.4370544
15.0	0.1546875	0.0312042316927	0.00527689840319	2	1510218852.4348848
15.5	0.15625	0.0292851716316	0.00675391168537	2	1510218853.43076
16.0	0.1578125	0.0311289733677	0.00622514053825	2	1510218854.4265687
16.0	0.1546875	0.0301447115385	0.00512717560529	2	1510218855.4294262
16.5	0.1578125	0.0274689636752	0.00523901753075	2	1510218856.4404454
16.5	0.1546875	0.0296300618073	0.00605764464882	2	1510218857.438109
17.0	0.15625	0.0276756713555	0.00611642697051	2	1510218858.4311159
17.0	0.159375	0.0177609547176	0.011456787005	2	1510218859.4298236
17.5	0.15625	0.0276845738295	0.00591344468922	2	1510218860.4266882
18.0	0.15625	0.0198413461538	0.0104677704766	2	1510218861.4345295
18.0	0.15625	0.0278312253895	0.00530454824355	2	1510218862.4294827
18.5	0.15625	0.026291292735	0.0082597929567	2	1510218863.4262223
18.5	0.15625	0.0261859548167	0.00533357211836	2	1510218864.4310553
19.0	0.15625	0.0239218803346	0.00710985499054	2	1510218865.439949
19.0	0.15625	0.025131147541	0.00494592469136	2	1510218866.4367473
19.5	0.15625	0.0251968193219	0.00158078370053	2	1510218867.4333196
20.0	0.1546875	0.0233792907892	0.00534375894071	2	1510218868.4284456
20.0	0.15625	0.0221422542735	0.00888076177405	2	1510218869.4258826
20.5	0.15625	0.0272609228474	0.00447253975858	2	1510218870.4342887
20.5	0.15625	0.023710043957	0.00395370915989	2	1510218871.4311066
21.0	0.15625	0.0211508736559	0.0023446308371	2	1510218872.4259477
21.0	0.15625	0.0220115653807	0.00463018521085	2	1510218873.4296708
21.5	0.15625	0.0239428282182	0.00450050742178	2	1510218874.4385512
22.0	0.15625	0.0220521907216	0.00547165464403	2	1510218875.4359844
22.0	0.15625	0.013489182075	0.00958804830712	2	1510218876.4342296
22.5	0.15625	0.0217699579832	0.00532879403978	2	1510218877.4301004
22.5	0.15625	0.0236280762305	0.00496255846081	2	1510218878.4256368
23.0	0.1546875	0.0211036744564	0.00501578978107	2	1510218879.433878
23.0	0.15625	0.0136977294128	0.0099944784713	2	1510218880.430621
23.5	0.15625	0.0198969551282	0.00424876360692	2	1510218881.4264483
24.0	0.15625	0.0206846488595	0.00425801242813	2	1510218882.4220397
24.0	0.15625	0.0199729381443	0.00488756399766	2	1510218883.4332876
24.5	0.159375	0.0207257478632	0.00370723532434	2	1510218884.4356146
24.5	0.1546875	0.0194288015464	0.00362891036831	2	1510218885.4338539
25.0	0.15625	0.0165534404659	0.00532896361271	2	1510218886.430717
25.0	0.15625	0.0193765006002	0.00431863344176	2	1510218887.433545
25.5	0.15625	0.0141480342137	0.00764583257676	2	1510218888.4425342
26.0	0.15625	0.0191976950355	0.0040914033015	2	1510218889.4302635
26.0	0.15625	0.020211985194	0.00363813598189	2	1510218890.4256763
26.5	0.15625	0.0189042592114	0.00365979817115	2	1510218891.4219706
26.5	0.1546875	0.0166960534214	0.00432086023929	2	1510218892.4377937
27.0	0.15625	0.017002688172	0.00436442137308	2	1510218893.436785
27.5	0.1609375	0.0149311155914	0.00452917103633	2	1510218894.4342113
27.5	0.153125	0.0146921355499	0.00367089037297	2	1510218895.4303377
28.0	0.1546875	0.016087560024	0.0033969844564	2	1510218896.4261994
28.0	0.153125	0.0160805626598	0.00388994217007	2	1510218897.4341457
28.5	0.1578125	0.0172587785114	0.00377491226132	2	1510218898.430018
28.5	0.1578125	0.0174762151877	0.00377755550436	2	1510218899.4257321
29.0	0.1578125	0.0154828181273	0.00368669339755	2	1510218900.4225805
29.5	0.1546875	0.0164210684274	0.00450224387575	2	1510218901.43914
29.5	0.15625	0.015693327279	0.000683903769714	2	1510218902.4373922
30.0	0.1546875	0.0157007118205	0.00344215405164	2	1510218903.4341366
30.0	0.15625	0.0133744756891	0.00490727294922	2	1510218904.4300802
30.5	0.15625	0.0152923300805	0.00394734814358	2	1510218905.4369476
30.5	0.275	0.0118937874251	0.00510041358617	2	1510218906.5787582
31.0	0.15625	0.00624992467287	0.00144382607029	2	1510218907.5082603
31.5	0.15625	0.0107531521739	0.00244369713524	2	1510218908.425967
31.5	0.15625	0.0113790914948	0.00178086535913	2	1510218909.4829545
32.0	0.15625	0.0062999048913	0.00977070387188	2	1510218910.4371755
32.0	0.1546875	0.0138881005665	0.00397924977596	2	1510218911.4378839
32.5	0.159375	0.0116516994201	0.0028730277419	2	1510218912.4333358
32.5	0.1546875	0.014033961555	0.00394345228397	2	1510218913.4346006
33.0	0.1546875	0.0109680354832	0.00490585051614	2	1510218914.4360354
33.5	0.1546875	0.0123996713371	0.00331043914962	2	1510218915.434439
33.5	0.1546875	0.0131695129259	0.00327730039757	2	1510218916.430256
34.0	0.1546875	0.0124962197581	0.00339564653136	2	1510218917.425971
34.0	0.1609375	0.0149764074633	0.00385071499504	2	1510218918.4287047
34.5	0.15625	0.01238418453	0.00312600183323	2	1510218919.439753
34.5	0.159375	0.013444117805	0.00325662155572	2	1510218920.4345298
35.0	0.15625	0.0127914986559	0.00373493533773	2	1510218921.4303963
35.5	0.159375	0.0128284874356	0.0032924556338	2	1510218922.436949
35.5	0.1609375	0.0115013545482	0.0036406792202	2	1510218923.4377775
36.0	0.15625	0.00915626342354	0.00390979585849	2	1510218924.433633
36.0	0.15625	0.0124615471188	0.003431891403	2	1510218925.430617
36.5	0.15625	0.00821277406591	0.00456162360939	2	1510218926.426206
36.5	0.15625	0.0111355792317	0.0036285533168	2	1510218927.422584
37.0	0.1578125	0.0110076530612	0.00298469728436	2	1510218928.438437
37.5	0.1546875	0.0111768478261	0.00318725645637	2	1510218929.4343271
37.5	0.1578125	0.00889406922043	0.00422334387423	2	1510218930.4301286
38.0	0.15625	0.0116550955756	0.00325845518849	2	1510218931.4400215
38.5	0.15625	0.0119437434164	0.0016111542537	2	1510218932.436742
38.5	0.15625	0.0108779794003	0.00322315130531	2	1510218933.4346874
39.0	0.1546875	0.00690385259903	0.00405380715907	2	1510218934.4294019
39.0	0.15625	0.0107684251211	0.00338823852263	2	1510218935.4333458
39.5	0.15625	0.0112319690507	0.0033509107767	2	1510218936.4301229
39.5	0.15625	0.0106524405992	0.00355926330945	2	1510218937.4379373
40.0	0.15625	0.00988039626289	0.00263671689715	2	1510218938.4267964
40.0	0.15625	0.00938844086022	0.00277982002876	2	1510218939.433631
40.5	0.1578125	0.00422543478261	0.00552322943249	2	1510218940.4294984
40.5	0.1546875	0.00981628543814	0.00234080493484	2	1510218941.4373305
41.0	0.15625	0.0096393870048	0.00297617533896	2	1510218942.4333017
41.5	0.1578125	0.00905029676959	0.00373868363891	2	1510218943.4300513
41.5	0.15625	0.00898689516129	0.00327669816458	2	1510218944.425867
42.0	0.1546875	0.0098493772509	0.00322174758217	2	1510218945.4298587
42.0	0.1578125	0.00963389667269	0.00292701655953	2	1510218946.43974
42.5	0.15625	0.00881300403226	0.00305192260628	2	1510218947.437552
43.0	0.1578125	0.00993489583333	0.000920373883053	2	1510218948.4332747
43.0	0.1546875	0.00871743415257	0.00263213475594	2	1510218949.4296873
43.5	0.1546875	0.00993657594086	0.00323233476392	2	1510218950.4359586
43.5	0.1546875	0.00918882091512	0.00271460906432	2	1510218951.433511
44.0	0.15625	0.00816793478261	0.0036084370508	2	1510218952.430238
44.0	0.1546875	0.00834386568096	0.00237010408794	2	1510218953.4250822
44.5	0.159375	0.0080042514217	0.000896729539329	2	1510218954.4304965
44.5	0.15625	0.00782629981804	0.00257787147212	2	1510218955.438798
45.0	0.15625	0.0064553125	0.00368573392042	2	1510218956.4496331

#$Filter:1
#$	0	1	 1
#$	1	op06	 0.251188643150958
#$	2	op09	0.015848931924611138
#$	3	op18*op18*op18	3.9810717055349725e-06
#$	4	ns12	1e-7
#$	5	0	 1e-22
#$POWER:61.2, mW
#$WAVELENGTH:532,nm
#$OBJECT:635, on wires	=	=	=	=
angle	ref	signal	signal_std	filter	Time
46.0	0.15625	0.377755376344	0.0558036529821	0	1510218973.5124245
46.0	0.1546875	0.399132665196	0.0202809174851	0	1510218974.014364
46.5	0.15625	0.250848454301	0.10690872593	0	1510218974.7739637
46.5	0.15625	0.322470652174	0.0391475326852	0	1510218975.5647058
46.5	0.15625	0.301285282258	0.0765165902105	0	1510218976.0189457
47.0	0.159375	0.31630692138	0.0508697609601	0	1510218976.7785258
47.0	0.1609375	0.205872588531	0.113247553721	0	1510218977.5687985
47.0	0.1609375	0.291310176621	0.0388388321453	0	1510218978.0147188
46.5	0.171875	0.291108343574	0.0346848980193	0	1510218978.7777717
46.5	0.1546875	0.307997311828	0.044558453506	0	1510218979.544631
46.5	0.159375	0.30031922043	0.0337833822352	0	1510218980.014558
47.0	0.15625	0.296115689866	0.0475307228689	0	1510218980.7694607
46.5	0.1625	0.310954301075	0.0370588001545	0	1510218981.5298054
46.5	0.1609375	0.307473198497	0.0369107839154	0	1510218982.0100307
46.5	0.1546875	0.303220108696	0.0377221606315	0	1510218982.776077
47.0	0.1578125	0.291832065217	0.033187166916	0	1510218983.5450428
47.0	0.15625	0.274628028441	0.0311471369183	0	1510218984.0138237
47.0	0.1546875	0.282301450579	0.0383254902847	0	1510218984.777722
47.5	0.1609375	0.274824986833	0.0337790023587	0	1510218985.5481935
47.5	0.1609375	0.290422555302	0.0326033337296	0	1510218986.0175157
48.0	0.1578125	0.262936827957	0.0777857633628	0	1510218986.7744114
48.0	0.1609375	0.25205085007	0.0646083174967	0	1510218987.5641625
48.0	0.1609375	0.251485696353	0.0291075147571	0	1510218988.010071
48.0	0.1609375	0.2750699216	0.0368195819696	0	1510218988.7740989
48.5	0.1609375	0.28899701087	0.0275117207835	0	1510218989.5329032
48.5	0.15625	0.294615255376	0.0398534821352	0	1510218990.0135198
49.0	0.15625	0.248711266678	0.0344620609359	0	1510218990.777824
49.0	0.153125	0.242957777388	0.0280717989511	0	1510218991.5598717
49.0	0.15625	0.241283423913	0.0316937968139	0	1510218992.016717
49.5	0.15625	0.2447432041	0.0384831123367	0	1510218992.7825089
50.0	0.1609375	0.241562226597	0.0335482797714	0	1510218993.5653915
50.0	0.1546875	0.242939359143	0.0253977094224	0	1510218994.0183287
50.0	0.15625	0.24577991453	0.0543629015636	0	1510218994.786312
50.0	0.15625	0.170114087302	0.104920723745	0	1510218995.5466363
50.5	0.15625	0.249753891941	0.0317833887117	0	1510218996.0140197
50.5	0.15625	0.228301345144	0.0242251895561	0	1510218996.8058732
51.0	0.15625	0.157834051724	0.0980665022697	0	1510218997.5638413
51.0	0.15625	0.223389975685	0.0244961257253	0	1510218998.0166812
51.0	0.15625	0.222671337342	0.0276129185565	0	1510218998.7826636
51.5	0.15625	0.244654966204	0.0299051370573	0	1510218999.5355444
51.5	0.1578125	0.258592796093	0.0298963003523	0	1510219000.0213943
52.0	0.1578125	0.246384524228	0.0336310424905	0	1510219000.7782848
52.0	0.15625	0.262034493284	0.0293416770027	0	1510219001.5698798
52.0	0.1546875	0.236609050672	0.0245847943723	0	1510219002.0157099
52.0	0.1609375	0.235662218111	0.0231656061014	0	1510219002.7830865
52.5	0.1546875	0.228872863248	0.0313372769885	0	1510219003.5480924
53.0	0.1546875	0.232413877953	0.0344948982238	0	1510219004.0148158
53.0	0.159375	0.212622100122	0.0317954451231	0	1510219004.7966537
53.0	0.1546875	0.101972875702	0.0134318199924	0	1510219005.6256392
53.0	0.1625	0.225904163363	0.0400492894115	0	1510219006.0344822
53.5	0.1546875	0.218628192204	0.0264376757788	0	1510219006.7914064
54.0	0.159375	0.221180785809	0.0250671042527	0	1510219007.5793338
54.0	0.1578125	0.223676915323	0.0264556604746	0	1510219008.0151746
54.0	0.1609375	0.191532028565	0.0691985599026	0	1510219008.780071
54.5	0.15625	0.214337225275	0.016301616246	0	1510219009.5499556
54.5	0.15625	0.206851915446	0.0277996598879	0	1510219010.0177732
54.5	0.1578125	0.214768145161	0.0297855914333	0	1510219010.7868748
55.0	0.159375	0.238597794435	0.0260722903966	0	1510219011.5532277
55.0	0.159375	0.222187582295	0.0302954659432	0	1510219012.0106723
55.0	0.15625	0.209038850612	0.0318034564218	0	1510219012.7781546
55.5	0.15625	0.158619204261	0.0743389217622	0	1510219013.545476
55.5	0.15625	0.193724545739	0.0268723538864	0	1510219014.013967
56.0	0.15625	0.215591613248	0.0272426422327	0	1510219014.7791674
56.0	0.15625	0.208308531746	0.0218737735135	0	1510219015.5631418
56.0	0.15625	0.21189052277	0.0243578726214	0	1510219016.0180633
56.5	0.1546875	0.209837644994	0.0222368961487	0	1510219016.7826025
56.5	0.15625	0.236395650396	0.0314252727671	0	1510219017.5667233
56.0	0.15625	0.21061827957	0.0264205335716	0	1510219018.0206625
56.0	0.15625	0.20520266415	0.0212839266617	0	1510219018.7866452
56.0	0.15625	0.167326930277	0.0497885496866	0	1510219019.5443192
56.0	0.15625	0.195879993613	0.0297159411309	0	1510219020.012925
56.5	0.1546875	0.189810531496	0.0234812092427	0	1510219020.781954
56.5	0.15625	0.197016087182	0.0227196201788	0	1510219021.55011
56.0	0.15625	0.196855570652	0.0254532227851	0	1510219022.0150414
56.0	0.1578125	0.183252679353	0.0142002852057	0	1510219022.7859383
56.5	0.15625	0.191087587571	0.0250427847045	0	1510219023.548824
56.5	0.1546875	0.197005676468	0.0227178120215	0	1510219024.0196688
56.5	0.1546875	0.181735819328	0.0394104401974	0	1510219024.7906237
56.5	0.153125	0.184977348054	0.0148693911737	0	1510219025.569434
56.5	0.153125	0.180120900052	0.0169638210606	0	1510219026.014548
56.5	0.15625	0.143328392094	0.0549046114404	0	1510219026.781338
56.5	0.153125	0.168868505725	0.0172837692059	0	1510219027.5490894
56.5	0.153125	0.17965192176	0.00629329269282	0	1510219028.0160675
56.5	0.1578125	0.0929784640606	0.0964037722046	0	1510219028.7861366
56.5	0.1546875	0.189767198703	0.0153321492682	0	1510219029.5519094
56.5	0.1546875	0.195312766729	0.0274478123773	0	1510219030.010841
56.5	0.1546875	0.181900975064	0.0294278807524	0	1510219030.7707028
56.5	0.1546875	0.0704149546311	0.0849383899436	0	1510219031.5333328
56.5	0.1546875	0.172579609656	0.0181639303974	0	1510219032.0141957

#$Filter:1
#$	0	1	 1
#$	1	op06	 0.251188643150958
#$	2	op09	0.015848931924611138
#$	3	op18*op18*op18	3.9810717055349725e-06
#$	4	ns12	1e-7
#$	5	0	 1e-22
#$POWER:61.2, mW
#$WAVELENGTH:532,nm
#$OBJECT:635, on wires	=	=	=	=
angle	ref	signal	signal_std	filter	Time
56.5	0.153125	0.187740989886	0.0187355835953	0	1510219036.9355693
56.5	0.153125	0.169259615385	0.0225644476306	0	1510219037.70237
56.5	0.1546875	0.168260070332	0.0206805555515	0	1510219038.4715967
56.5	0.1546875	0.162414130714	0.022485196736	0	1510219038.9394119
56.5	0.1546875	0.150659802474	0.0190595671843	0	1510219039.7054582
56.5	0.15625	0.159570245726	0.0205075014857	0	1510219040.4742122
56.5	0.1546875	0.172634293562	0.017358903398	0	1510219040.9420452
56.5	0.1546875	0.1662515006	0.0205347982351	0	1510219041.7082052
56.5	0.1546875	0.16002457265	0.0201261645626	0	1510219042.4785135
56.5	0.1546875	0.156177497633	0.0179115083943	0	1510219042.9348452
56.5	0.15625	0.164317721654	0.0191028873627	0	1510219043.6987202
56.5	0.153125	0.163199497482	0.0211590120405	0	1510219044.4557402
56.5	0.1546875	0.143714124915	0.0201111005311	0	1510219044.9375424
56.5	0.15625	0.140259576613	0.0202293876844	0	1510219045.7036264
56.5	0.1609375	0.144274591924	0.0155190570856	0	1510219046.454446
56.5	0.1546875	0.137741226648	0.0167040958219	0	1510219046.9412084
56.5	0.153125	0.150034054487	0.0154764422162	0	1510219047.7111216
57.0	0.1546875	0.0551236410717	0.00627410284572	0	1510219048.537052
57.0	0.1578125	0.121947165283	0.0102782854577	0	1510219049.0248206
57.0	0.1546875	0.267812928009	0.0408247802334	0	1510219049.8579056
57.5	0.1546875	0.13053546832	0.014353660187	0	1510219050.6336665
58.0	0.153125	0.12506189976	0.0241131526968	0	1510219051.439522
58.0	0.153125	0.12300045018	0.0162628801516	0	1510219051.9444284
58.5	0.1546875	0.129773550725	0.0183230251769	0	1510219052.7114727
59.0	0.15625	0.118082128991	0.0140331430259	0	1510219053.5044088
59.0	0.153125	0.115261759021	0.0130586930107	0	1510219053.9390705
59.5	0.159375	0.0241488821138	0.0611587296258	0	1510219054.7681048
59.5	0.1578125	0.108769061426	0.0133647402065	0	1510219055.5670524
60.0	0.1546875	0.117660010883	0.0129315767769	0	1510219056.4358857
60.0	0.15625	0.114289344718	0.0157648571929	0	1510219056.9388387
60.5	0.1546875	0.111279531787	0.0123752023621	0	1510219057.7052064
60.5	0.1546875	0.11084277461	0.0141750397124	0	1510219058.4870758
61.0	0.153125	0.0958664529915	0.0118282798041	0	1510219058.9395726
61.5	0.15625	0.108500667183	0.0134315118582	0	1510219059.7232835
61.5	0.153125	0.100353578932	0.00914774329853	0	1510219060.5131886
61.5	0.15625	0.0925048703373	0.0154828312788	0	1510219060.935301
62.0	0.15625	0.106156169459	0.0117070504579	0	1510219061.6951325
62.5	0.1578125	0.097963078882	0.0132996903535	0	1510219062.480911
62.5	0.15625	0.100705004296	0.0173051465092	0	1510219062.9388053
63.0	0.1578125	0.0882524038462	0.0131137973024	0	1510219063.7045743
63.0	0.1546875	0.0931870737425	0.0143141241886	0	1510219064.4926891
63.5	0.1546875	0.0913477029276	0.00904050591166	0	1510219064.9411018
63.5	0.1546875	0.0908374676445	0.00941395990543	0	1510219065.7305214
64.0	0.1546875	0.0911650937339	0.0100463621956	0	1510219066.5022614
64.0	0.1546875	0.0851459809235	0.0111102154486	0	1510219066.935053
64.5	0.1546875	0.0861648866934	0.0101816652481	0	1510219067.697786
65.0	0.15625	0.0843499989189	0.00105456927697	0	1510219068.4820967
65.0	0.15625	0.0801529255319	0.00950931539109	0	1510219068.937911
65.5	0.1609375	0.0819859523296	0.0108459888612	0	1510219069.7029276
65.5	0.1546875	0.0797403123933	0.00996258301655	0	1510219070.4836216
66.0	0.1546875	0.0780293775606	0.00852451269126	0	1510219070.9415636
66.0	0.1578125	0.0709635861215	0.0110158943772	0	1510219071.7343655
66.5	0.153125	0.0631039689387	0.0188163214178	0	1510219072.499392
66.5	0.153125	0.0682313686368	0.0105312488441	0	1510219072.9433448
67.0	0.1546875	0.067203125	0.0110097945563	0	1510219073.7100732
67.0	0.1546875	0.0667760461605	0.00856675832301	0	1510219074.4931662
67.5	0.153125	0.0675892471959	0.00956920276828	0	1510219074.9379916
67.5	0.1546875	0.065232836843	0.00685581790081	0	1510219075.7298787
68.0	0.1546875	0.0652087591552	0.00876988343507	0	1510219076.4984276
68.0	0.1546875	0.0628952991453	0.00957597090378	0	1510219076.939726
68.5	0.1546875	0.025184811828	0.0313062149745	0	1510219077.7756617
69.0	0.1546875	0.0605559699879	0.0109532440201	0	1510219078.5631487
69.5	0.1546875	0.0286677901208	0.00407490780447	0	1510219079.5684152
69.5	0.15625	0.0559302469802	0.00707339037904	0	1510219080.5621135
70.0	0.1546875	0.133647208884	0.0171868492172	0	1510219081.5140111
70.5	0.1546875	0.0490245136019	0.00776652051272	0	1510219081.9439917
70.5	0.15625	0.0481852115846	0.0105108856409	0	1510219082.7256916
71.0	0.1546875	0.043885175043	0.0138889340952	0	1510219083.4954045
71.0	0.1546875	0.0462427512887	0.00988298413395	0	1510219083.9395316
71.5	0.15625	0.039134356126	0.0160332234109	0	1510219084.7060819
72.0	0.15625	0.0492043046995	0.00703503526567	0	1510219085.498355
72.0	0.15625	0.0469313099212	0.00790245439843	0	1510219085.9401646
72.5	0.15625	0.0426886007302	0.0069143983618	0	1510219086.6969123
72.5	0.1546875	0.0385089132302	0.00662818660491	0	1510219087.4887803
73.0	0.15625	0.0375255047251	0.00660976176368	0	1510219087.9348993
73.0	0.15625	0.0373100543478	0.00636242879197	0	1510219088.7149916
73.5	0.15625	0.0147726590636	0.0025013012024	0	1510219089.5529037
73.5	0.15625	0.0363810483871	0.00597522960953	0	1510219089.978673
74.0	0.159375	0.0309596090642	0.0120320689175	0	1510219090.7547007
74.0	0.15625	0.0161727150538	0.0165740958067	0	1510219091.547507
74.5	0.15625	0.0330124327957	0.00605052232323	0	1510219091.953108
75.0	0.15625	0.0333222680098	0.0060855369122	0	1510219092.7579923
75.0	0.1546875	0.0298084538567	0.00619025261444	0	1510219093.548032
75.0	0.15625	0.0283506255393	0.00890597526548	0	1510219093.9561954
75.5	0.1546875	0.0312863043478	0.00578105441477	0	1510219094.7249918
76.0	0.15625	0.0247463037634	0.0084828228055	0	1510219095.514859
76.0	0.15625	0.0277755376344	0.0054343144834	0	1510219095.9388905
76.5	0.1515625	0.0266533230028	0.00510602644689	0	1510219096.6957302
77.0	0.15625	0.0270467032967	0.00513474510211	0	1510219097.4866815
77.0	0.15625	0.0309455128205	0.00594367671559	0	1510219097.9414568
77.0	0.15625	0.035211608677	0.00644695128445	0	1510219098.7075236
77.5	0.1578125	0.0452203026197	0.00813373266583	0	1510219099.477278
78.0	0.159375	0.0534017600252	0.00845892322956	0	1510219099.9433715
78.0	0.15625	0.0564185459622	0.00875458217783	0	1510219100.7260604
78.5	0.15625	0.0539254520716	0.0110568725447	0	1510219101.490957
78.5	0.15625	0.0540575999824	0.0107043832584	0	1510219101.9378672
79.0	0.1546875	0.0605973441804	0.00884894722078	0	1510219102.6948938
79.0	0.1546875	0.0604974846894	0.0102385795305	0	1510219103.485753
79.5	0.1546875	0.0650633394383	0.0100183704738	0	1510219103.9396286
79.5	0.1546875	0.0839575702076	0.0122111019527	0	1510219104.719031
80.0	0.15625	0.0920808152174	0.0134264620748	0	1510219105.489341
80.0	0.15625	0.0973594823883	0.0131024987547	0	1510219105.9382358
80.5	0.1546875	0.0826936883369	0.0316422662122	0	1510219106.781148
81.0	0.15625	0.21760034454	0.0315294912226	0	1510219107.6359696
81.0	0.159375	0.106458208283	0.0156728559621	0	1510219108.4399354
81.0	0.1546875	0.0974214673913	0.0146900622564	0	1510219108.9359865
81.5	0.1546875	0.101258432797	0.0147962360667	0	1510219109.7016995
82.0	0.15625	0.0964266304348	0.011448774619	0	1510219110.4945984
82.0	0.1578125	0.0992149390244	0.0169916953621	0	1510219110.9390733
82.5	0.15625	0.0920352564103	0.0125239234669	0	1510219111.705289
83.0	0.15625	0.107821628007	0.0122358230458	0	1510219112.4972646
83.0	0.15625	0.107190721649	0.013221486203	0	1510219112.9427657
83.0	0.15625	0.0845979774536	0.037195720201	0	1510219113.7080762
83.5	0.15625	0.0598734142607	0.0479328802078	0	1510219114.52708
83.5	0.15625	0.0522334317585	0.00676602393294	0	1510219114.957978
84.0	0.15625	0.0530366704705	0.0493170933243	0	1510219115.726864
84.5	0.15625	0.0255818833944	0.0579560512569	0	1510219116.5893576
85.0	0.1578125	0.0570059885072	0.00594040381381	0	1510219117.5635538
85.0	0.15625	0.0300984958598	0.0960974965989	0	1510219118.558318
85.5	0.159375	0.112473290598	0.0182591581751	0	1510219119.4352918
85.5	0.1546875	0.109839074122	0.0159452870892	0	1510219119.9378278
86.0	0.15625	0.11134776386	0.0181748808043	0	1510219120.7030077
86.0	0.15625	0.117633967391	0.0179428544809	0	1510219121.484882
86.0	0.15625	0.110113315217	0.01377732633	0	1510219121.945802
86.5	0.15625	0.1097779965	0.0142291649721	0	1510219122.7086132
86.5	0.15625	0.119616213528	0.0158765180473	0	1510219123.501706
86.5	0.15625	0.123602782571	0.0138026253073	0	1510219123.935259
87.0	0.15625	0.0988929250995	0.0412712059845	0	1510219124.7025206
87.0	0.15625	0.127436367558	0.0152305118202	0	1510219125.4923499
87.5	0.159375	0.113848082727	0.025937132451	0	1510219125.9379225
87.5	0.1546875	0.125865108311	0.0185270328296	0	1510219126.7286808
87.5	0.1578125	0.11810402612	0.0163381287604	0	1510219127.4909859
88.0	0.15625	0.116372554348	0.0125163730051	0	1510219127.9409003
88.0	0.15625	0.117725134409	0.0119296626194	0	1510219128.7299051
88.0	0.1578125	0.123670253358	0.0193332727372	0	1510219129.4905498
88.5	0.1578125	0.125192689255	0.016034992039	0	1510219129.9427326
88.5	0.1578125	0.141328661942	0.0173571280607	0	1510219130.7256002
89.0	0.15625	0.137518029913	0.0194503207715	0	1510219131.4904923
89.0	0.1578125	0.134223738136	0.0155927992295	0	1510219131.9382885
89.0	0.1578125	0.128242663043	0.0143750305	0	1510219132.7052798
89.5	0.15625	0.136380012531	0.0166194324301	0	1510219133.4742048
89.5	0.15625	0.136061529336	0.0123383768636	0	1510219133.9391184
89.5	0.15625	0.131312822165	0.0189408332605	0	1510219134.6959069
90.0	0.15625	0.135849389098	0.0209013491658	0	1510219135.4657614
90.0	0.15625	0.127490069679	0.0159227063919	0	1510219135.9357603
90.5	0.15625	0.121698393011	0.0173502197293	0	1510219136.699605
90.5	0.15625	0.140723753511	0.0191035761396	0	1510219137.4934478
90.5	0.1546875	0.136989592321	0.0179137138154	0	1510219137.9393935
91.0	0.15625	0.139487915573	0.0138732985415	0	1510219138.705395
91.0	0.1546875	0.138693271594	0.0132828714979	0	1510219139.4977198
91.0	0.15625	0.131430225158	0.0122735653353	0	1510219139.9391878
91.5	0.1546875	0.127619582452	0.019130311408	0	1510219140.695106
91.5	0.1546875	0.138956146107	0.0161036261349	0	1510219141.4760296
91.5	0.15625	0.149450226488	0.0195798581424	0	1510219141.9346614
92.0	0.1609375	0.11911049396	0.0542306825712	0	1510219142.6986566
92.0	0.153125	0.124076990376	0.0420983998516	0	1510219143.4785323
92.5	0.153125	0.141638779528	0.0201491831927	0	1510219143.9386146
92.5	0.15625	0.160770652174	0.0177963199239	0	1510219144.7274427
92.5	0.1546875	0.164814157197	0.0236770705875	0	1510219145.4952695
93.0	0.1546875	0.154827167817	0.0203619218177	0	1510219145.9418776
93.0	0.15625	0.152435638161	0.0169848459506	0	1510219146.7347422
93.5	0.15625	0.138659274194	0.0179797568707	0	1510219147.5019271
93.5	0.15625	0.141591061828	0.0164093445299	0	1510219147.9349785
93.5	0.1578125	0.137272433132	0.0347461859443	0	1510219148.6917968
93.5	0.15625	0.165726290516	0.0195144724378	0	1510219149.4544845
94.0	0.15625	0.158337710084	0.01977557639	0	1510219149.9375587
94.0	0.153125	0.152259260885	0.0219994554648	0	1510219150.7293212
94.5	0.1546875	0.162701612903	0.0230234814778	0	1510219151.4962764
94.5	0.1546875	0.170142222366	0.0176658180072	0	1510219151.9412591
94.5	0.1546875	0.130283938172	0.055028895022	0	1510219152.706136
95.0	0.1546875	0.159395541429	0.0318549969857	0	1510219153.46405
95.0	0.1546875	0.16734074987	0.023880605572	0	1510219153.9430227
95.5	0.1546875	0.152184361786	0.0250126830157	0	1510219154.7129576
95.5	0.153125	0.182861630155	0.0254247139809	0	1510219155.5052533
95.5	0.1546875	0.195610979292	0.0303341201777	0	1510219155.937522
96.0	0.15625	0.0294501924408	0.103638750276	0	1510219156.7705243
96.0	0.1609375	0.0490814467653	0.0429407819284	0	1510219157.5590992
96.5	0.15625	0.182917909964	0.027649303471	0	1510219158.44415
96.5	0.1546875	0.203033088235	0.0255099848524	0	1510219158.938273
96.5	0.1515625	0.200491704253	0.0266117217966	0	1510219159.7051737
97.0	0.1546875	0.205327457265	0.0251034189031	0	1510219160.4710817
97.0	0.15625	0.201539255752	0.0246556996453	0	1510219160.9399157
97.0	0.15625	0.189526551761	0.0225937680052	0	1510219161.6937408
97.5	0.1546875	0.198783460906	0.0266385750537	0	1510219162.4666595
97.5	0.15625	0.198395380435	0.0198073583814	0	1510219162.935753
97.5	0.1546875	0.207471149698	0.0214366951566	0	1510219163.7004755
98.0	0.1546875	0.20107247881	0.0214840904571	0	1510219164.4595058
98.0	0.153125	0.204856426224	0.0219475833736	0	1510219164.9393039
98.5	0.153125	0.21378473119	0.0339448740679	0	1510219165.704071
98.5	0.153125	0.21466345125	0.0327827846132	0	1510219166.4830196
98.5	0.1609375	0.207467054899	0.0169616278565	0	1510219166.9420395
99.0	0.15625	0.218317339239	0.0284646257227	0	1510219167.7099822
99.0	0.1546875	0.205920548994	0.022931786889	0	1510219168.5028322
99.0	0.1546875	0.209862231183	0.0186234898668	0	1510219168.9332352
99.5	0.15625	0.0916719371649	0.107539262647	0	1510219169.698542
99.5	0.159375	0.226868571825	0.0145675828341	0	1510219170.479463
99.5	0.159375	0.23175038409	0.025658950894	0	1510219170.9380684
100.0	0.153125	0.220987770108	0.0246894225813	0	1510219171.70333
100.0	0.159375	0.125102252843	0.109077035715	0	1510219172.4842262
100.5	0.159375	0.217555637577	0.0292194720813	0	1510219172.9421449
100.5	0.1546875	0.217856204982	0.0281568200432	0	1510219173.7336307
101.0	0.15625	0.179440206693	0.0801624767454	0	1510219174.4997518
101.0	0.15625	0.244429817367	0.0229251417935	0	1510219175.0088596
101.0	0.1546875	0.299949596774	0.189241070985	0	1510219175.7756677
101.5	0.1546875	0.231502095769	0.0386455185483	0	1510219176.5422215
101.5	0.15625	0.0907050034596	0.123531776641	0	1510219176.9723947
101.5	0.15625	0.23659107906	0.0524648226642	0	1510219177.742418
102.0	0.15625	0.232772308844	0.0267765101112	0	1510219178.508219
102.0	0.15625	0.161171834874	0.0954815039793	0	1510219178.9351192
102.0	0.15625	0.239814755155	0.0275311767713	0	1510219179.698731
102.5	0.15625	0.274646423969	0.0291974593133	0	1510219180.4630468
102.5	0.15625	0.282338649055	0.0158709322869	0	1510219180.941947
103.0	0.1578125	0.254746303763	0.0233189725114	0	1510219181.7036688
103.0	0.1546875	0.245370470233	0.0199006361345	0	1510219182.4936993
103.0	0.15625	0.255228510244	0.0315387692853	0	1510219182.9382212
103.5	0.1546875	0.253932005495	0.0347828332069	0	1510219183.7045116
103.5	0.1578125	0.263646806348	0.035547519173	0	1510219184.497186
103.5	0.153125	0.276419405069	0.019629497355	0	1510219184.9392667
104.0	0.153125	0.186634744624	0.110637834865	0	1510219185.6901133
104.0	0.15625	0.0936911962366	0.14225537797	0	1510219186.4789755
104.5	0.15625	0.263709677419	0.0251490042292	0	1510219186.9350579
104.5	0.1546875	0.270599115617	0.0286821356686	0	1510219187.7226522
104.5	0.1546875	0.300015099223	0.0274956714045	0	1510219188.4797559
105.0	0.15625	0.295648259304	0.0247273041282	0	1510219188.9384654
105.0	0.1546875	0.285932880435	0.0266344854326	0	1510219189.7266104
105.5	0.1546875	0.305116304348	0.0372509402119	0	1510219190.4834552
105.5	0.153125	0.300629756962	0.0311181578261	0	1510219190.9408915
105.5	0.1546875	0.345010115358	0.0344663696512	0	1510219191.7070675
106.0	0.1546875	0.337333611539	0.0308315197413	0	1510219192.4681401
106.0	0.15625	0.361331997863	0.0437917100281	0	1510219192.934886
106.0	0.1625	0.300863352028	0.103270740842	0	1510219193.6999307
106.5	0.1546875	0.333418935114	0.0456037333223	0	1510219194.4597712
106.5	0.1546875	0.338411926468	0.046236716043	0	1510219194.9376833
107.0	0.1546875	0.375915929681	0.0422439891887	0	1510219195.7026165
107.0	0.153125	0.385554087575	0.044347839509	0	1510219196.4864721
107.0	0.153125	0.372259437414	0.0217028184208	0	1510219196.9413638
107.5	0.153125	0.396421068427	0.0371133470564	0	1510219197.7003946
107.5	0.1578125	0.349403561828	0.0415500612137	0	1510219198.4871457
107.5	0.15625	0.392945303121	0.0339714160249	0	1510219198.9438736
108.0	0.153125	0.39284273335	0.0386195577839	0	1510219199.7031002
108.0	0.159375	0.355596419327	0.0199624170773	0	1510219200.491789
108.5	0.1546875	0.367714056777	0.0505867402697	0	1510219200.937656
108.5	0.153125	0.40099977491	0.0603800937014	0	1510219201.729412
108.5	0.153125	0.418918010753	0.0340547144629	0	1510219202.4945517
109.0	0.15625	0.419755448884	0.045181514935	0	1510219202.9396648
109.0	0.15625	0.439345071182	0.0279073410576	0	1510219203.7323756
109.0	0.15625	0.325046893758	0.157095332154	0	1510219204.500199
109.5	0.15625	0.416604141657	0.0392101670571	0	1510219204.944078
109.5	0.1546875	0.405927110674	0.0133335593876	0	1510219205.7381818
110.0	0.1546875	0.397056242369	0.0587742566643	0	1510219206.5039887
110.0	0.1546875	0.385504426129	0.0440581157341	0	1510219206.938746
110.0	0.1546875	0.413276149055	0.0739877037493	0	1510219207.7057528
110.5	0.1546875	0.232013494318	0.192271541425	0	1510219208.4685261
110.5	0.1546875	0.410696722194	0.0380366462328	0	1510219208.9396203
110.5	0.15625	0.442501567635	0.039945680234	0	1510219209.708398
111.0	0.159375	0.165366146459	0.228924190463	0	1510219210.4693093
111.0	0.159375	0.426254876951	0.0405300893891	0	1510219210.9353242
111.5	0.1578125	0.464606606317	0.0483743043197	0	1510219211.7007365
111.5	0.153125	0.417429672634	0.0455563859761	0	1510219212.4911416
111.5	0.1515625	0.453865979381	0.0302905988073	0	1510219212.9389384
112.0	0.1515625	0.431479166667	0.0428241772396	0	1510219213.70297
112.0	0.1546875	0.4378363939	0.049554289326	0	1510219214.4846926
112.0	0.159375	0.417499730371	0.0388899269692	0	1510219214.9415417
112.5	0.1578125	0.468157262905	0.0384535653835	0	1510219215.7077239
112.5	0.1609375	0.391097777062	0.125137857078	0	1510219216.4884462
112.5	0.1609375	0.509271907216	0.0488777634884	0	1510219216.9354062
113.0	0.1578125	1.09511651632	0.106590550528	0	1510219217.8302248
113.0	0.2703125	0.582556120801	0.288879707386	0	1510219218.611076
113.5	0.153125	0.486741079115	0.047239511105	0	1510219219.441992
113.5	0.1546875	0.503136837121	0.0561521078648	0	1510219219.934002
114.0	0.1546875	0.481141254579	0.0452359170332	0	1510219220.6915796
114.0	0.1546875	0.548150345125	0.0462331986403	0	1510219221.471798
114.0	0.1578125	0.550801426911	0.0497096532544	0	1510219221.9376862
114.5	0.1578125	0.541793108643	0.048996022104	0	1510219222.7026038
114.5	0.159375	0.503104366747	0.0492242528351	0	1510219223.4862041
115.0	0.15625	0.561693809318	0.0549657174066	0	1510219223.9412808
115.0	0.153125	0.533410274621	0.0657705156997	0	1510219224.734138
115.5	0.15625	0.586192299396	0.0691838176402	0	1510219225.5020618
115.5	0.1546875	0.59920577598	0.0590235576194	0	1510219225.94401
115.5	0.15625	0.592824430748	0.0958977945925	0	1510219226.7038968
115.5	0.1546875	0.378295478952	0.209571703836	0	1510219227.4688613
116.0	0.1546875	0.552456507732	0.0525736279847	0	1510219227.9376667
116.0	0.1546875	0.534255014635	0.120155114834	0	1510219228.7292626
116.5	0.1609375	0.541838369963	0.0458663184579	0	1510219229.4956293
116.5	0.1578125	0.557795698925	0.0287558636764	0	1510219229.940241
116.5	0.1546875	0.580626177024	0.0408833139109	0	1510219230.711412
117.0	0.1515625	0.513860278257	0.0782981115314	0	1510219231.4732523
117.0	0.1515625	0.607623759707	0.0494970156002	0	1510219231.9441018
117.5	0.1546875	0.580764139979	0.0481495821704	0	1510219232.704007
117.5	0.153125	0.537152178602	0.0521186975969	0	1510219233.493825
117.5	0.1515625	0.603218359442	0.0520665912792	0	1510219233.9384658
118.0	0.15625	0.676047979259	0.0818441585954	0	1510219234.7053926
118.0	0.153125	0.626415598291	0.0550656568335	0	1510219235.4872942
118.0	0.153125	0.654694968419	0.0692357584083	0	1510219235.9394863
118.5	0.15625	0.614252588438	0.106324827	0	1510219236.695424
118.5	0.153125	0.691045156787	0.0655061246507	0	1510219237.4751182
118.5	0.153125	0.710797895189	0.0745570018795	0	1510219237.9347157
119.0	0.1578125	0.575772849462	0.175594467131	0	1510219238.701998
119.0	0.1546875	0.670186584249	0.0548193531207	0	1510219239.4928896
119.5	0.1546875	0.653978877761	0.121474473421	0	1510219239.9388716
119.5	0.1546875	0.598327468578	0.166021289604	0	1510219240.7279286
119.5	0.1546875	0.611572476273	0.0949883585592	0	1510219241.4837768
120.0	0.1546875	0.66092941113	0.0731373622266	0	1510219241.9415605
120.0	0.15625	0.363511029412	0.28319419079	0	1510219242.725425
120.5	0.1578125	0.641363514957	0.0639707803781	0	1510219243.488416
120.5	0.1578125	0.682309027778	0.0722441268699	0	1510219243.9350328
120.5	0.153125	0.642008003766	0.0595177967141	0	1510219244.698993
121.0	0.1515625	0.59618602574	0.0539321812472	0	1510219245.4690177
121.0	0.153125	0.708791560102	0.0628974709961	0	1510219245.9378054
121.0	0.1546875	0.63371389033	0.0591232137836	0	1510219246.704001
121.5	0.153125	0.282318417223	0.0407988522793	0	1510219247.5337183
121.5	0.1546875	0.749516056423	0.072233557324	0	1510219247.9767358
121.5	0.153125	0.684022766323	0.0894143263155	0	1510219248.7455773
122.0	0.1578125	0.796102341065	0.0286975017086	0	1510219249.5144882
122.0	0.15625	0.798600690276	0.0994616857528	0	1510219249.945162
122.5	0.153125	0.255068728522	0.403612063599	0	1510219250.7022128
122.5	0.1546875	0.622742338154	0.201202675973	0	1510219251.4910738
122.5	0.1546875	0.80819774449	0.050517477337	0	1510219251.9378884
123.0	0.1546875	0.771616197486	0.0642733116229	0	1510219252.7059176
123.0	0.153125	0.708298969072	0.0719932488886	0	1510219253.4998372
123.0	0.153125	0.723571931547	0.0702316863542	0	1510219253.9396343
123.5	0.1515625	0.697274118302	0.0735158110167	0	1510219254.7083
123.5	0.15625	0.741854984504	0.0498558509671	0	1510219255.4994063
124.0	0.1546875	0.753343819551	0.0830393018269	0	1510219255.938386
124.0	0.1546875	0.71495416018	0.0795872938094	0	1510219256.723317
124.0	0.15625	0.793524484536	0.0620022827543	0	1510219257.4761558
124.5	0.1546875	0.73481827006	0.0735923416955	0	1510219257.9382272
124.5	0.153125	0.783962063086	0.115924053058	0	1510219258.7279541
125.0	0.15625	0.789439031654	0.0639110093658	0	1510219259.4979906
125.0	0.15625	0.757164130435	0.0666615744402	0	1510219259.9388993
125.0	0.1546875	0.811280198447	0.0791424125747	0	1510219260.6957443
125.5	0.1546875	0.879239316239	0.0928905606076	0	1510219261.4527125
125.5	0.1546875	0.83431497599	0.133267150155	0	1510219261.9355693
125.5	0.1515625	0.810733043217	0.0830488651065	0	1510219262.6994112
126.0	0.1578125	0.848886217949	0.0771735817411	0	1510219263.45533
126.0	0.1546875	0.893609858247	0.0911871823737	0	1510219263.9381583
126.5	0.153125	0.907045318127	0.0909953842752	0	1510219264.7042236
126.5	0.153125	0.820918400103	0.0710396444499	0	1510219265.4930677
126.5	0.153125	0.860309278351	0.0662292155025	0	1510219265.941994
127.0	0.153125	0.928614181461	0.0821660550316	0	1510219266.7097538
127.0	0.159375	0.943112179487	0.077224206859	0	1510219267.5017483
127.0	0.159375	0.876690556129	0.0954808927709	0	1510219267.945547
127.5	0.1578125	0.922159579038	0.0952365796906	0	1510219268.711659
127.5	0.1578125	0.966872842968	0.0966455205801	0	1510219269.4930532
128.0	0.15625	0.955225134409	0.0746667307353	0	1510219269.9382708
128.0	0.1578125	1.07275830457	0.117872707058	0	1510219270.792206
128.0	0.159375	2.08151976496	0.243054094738	0	1510219271.61994
128.5	0.159375	0.737364318457	0.391579018348	0	1510219272.4450285
128.5	0.159375	0.914077365508	0.0683354098723	0	1510219272.937936
128.5	0.153125	0.779057442321	0.254686093733	0	1510219273.7056763
129.0	0.153125	0.888356854839	0.193292701858	0	1510219274.4726074
129.0	0.153125	0.871891801075	0.0961960966479	0	1510219274.9395418
129.5	0.1546875	0.916884167386	0.0413820496166	0	1510219275.7093058
129.5	0.1515625	0.995193536025	0.0683514818816	0	1510219276.5008593
129.5	0.1515625	1.04407256004	0.078951147241	0	1510219276.9432697
130.0	0.153125	1.05866494209	0.111887675453	0	1510219277.7141054
130.0	0.1546875	1.04471153846	0.282255148314	0	1510219278.504947
130.0	0.1546875	1.17763087607	0.112879135445	0	1510219278.9385884

#$Filter:op09
#$	0	1	 1
#$	1	op06	 0.251188643150958
#$	2	op09	0.015848931924611138
#$	3	op18*op18*op18	3.9810717055349725e-06
#$	4	ns12	1e-7
#$	5	0	 1e-22
#$POWER:61.2, mW
#$WAVELENGTH:532,nm
#$OBJECT:635, on wires	=	=	=	=
angle	ref	signal	signal_std	filter	Time
130.5	0.15	0.0261847238896	0.00630477610537	2	1510219291.4639418
131.0	0.15	0.023668967587	0.00476581889366	2	1510219291.969893
131.0	0.153125	0.0234504273504	0.00469134842023	2	1510219292.761671
131.0	0.1546875	0.0226729700855	0.00521492749231	2	1510219293.5265524
131.5	0.1546875	0.0266363247863	0.00673605040064	2	1510219293.9726067
131.5	0.1546875	0.0251835623181	0.00515330974881	2	1510219294.765481
132.0	0.153125	0.0253209005376	0.00219386791369	2	1510219295.5323827
132.0	0.153125	0.0267775537634	0.0054203091491	2	1510219295.9668758
132.0	0.15625	0.0282043599656	0.00572505152179	2	1510219296.7340584
132.5	0.1578125	0.0252768607443	0.00675836276425	2	1510219297.4991019
132.5	0.1578125	0.0268708733493	0.00597714003093	2	1510219297.9690864
133.0	0.159375	0.0283371489621	0.00504552058321	2	1510219298.722006
133.0	0.153125	0.0320983676976	0.00490597877865	2	1510219299.4999118
133.0	0.1515625	0.0299703533919	0.00638110843459	2	1510219299.961794
133.0	0.153125	0.0287760416667	0.00509098910852	2	1510219300.72657
133.5	0.1515625	0.0255609508547	0.00523618345625	2	1510219301.498361
133.5	0.1515625	0.0298773727351	0.00548676322044	2	1510219301.9674501
134.0	0.1546875	0.0298018696581	0.00677302496581	2	1510219302.7321777
134.0	0.1546875	0.0315186825886	0.00529890261436	2	1510219303.5251107
134.0	0.1546875	0.0295500810857	0.00551545054472	2	1510219303.9698045
134.5	0.1546875	0.0293856837607	0.00660260776253	2	1510219304.7360113
134.5	0.1546875	0.0340112775482	0.00650874978661	2	1510219305.5748184
135.0	0.153125	0.0305405448718	0.00563020939331	2	1510219305.9756193
135.0	0.153125	0.0219216490186	0.0128078793513	2	1510219306.7637222
135.0	0.153125	0.0300923553451	0.00607442183494	2	1510219307.578649
135.5	0.153125	0.0570183347714	0.00811928869159	2	1510219308.5725005
135.5	0.1546875	0.0593095652174	0.0122255733762	2	1510219308.9990149
136.0	0.1578125	0.0268327717391	0.00528231706427	2	1510219309.7651978
136.0	0.153125	0.0346303763441	0.00547460607828	2	1510219310.5571835
136.0	0.153125	0.031162590036	0.0050244458173	2	1510219310.9671147
136.5	0.1546875	0.0253710234094	0.0105612572248	2	1510219311.7328963
136.5	0.1546875	0.0317125064868	0.00571180382365	2	1510219312.524779
136.5	0.153125	0.0271954631543	0.00725675234827	2	1510219312.9698155
137.0	0.26875	0.0280574227689	0.0106063950342	2	1510219313.8085873
137.0	0.153125	0.0330925418814	0.00594272348699	2	1510219314.6453502
137.5	0.153125	0.0604036458333	0.00568846515296	2	1510219315.5612283
137.5	0.271875	0.0437379807692	0.0172198080894	2	1510219316.0482433
138.0	0.1515625	0.0338630015099	0.00642266346274	2	1510219316.8852355
138.0	0.1515625	0.0177260621126	0.0150508580045	2	1510219317.8001416
138.5	0.26875	0.0325161676647	0.010709013435	2	1510219318.6948874
138.5	0.1546875	0.0118407738095	0.00061736903479	2	1510219319.608405
139.0	0.153125	0.00600554435484	0.0252241350975	2	1510219320.5636368
139.0	0.153125	0.0717859543011	0.0132898676117	2	1510219321.0504758

#$Filter:op06
#$	0	1	 1
#$	1	op06	 0.251188643150958
#$	2	op09	0.015848931924611138
#$	3	op18*op18*op18	3.9810717055349725e-06
#$	4	ns12	1e-7
#$	5	0	 1e-22
#$POWER:61.2, mW
#$WAVELENGTH:532,nm
#$OBJECT:635, on wires	=	=	=	=
angle	ref	signal	signal_std	filter	Time
139.5	0.153125	0.495595340811	0.0351450053193	1	1510219334.440414
139.5	0.153125	0.473335603702	0.127755411306	1	1510219335.4358115
140.0	0.153125	0.263624102664	0.0317871480658	1	1510219336.5040426
140.0	0.1546875	0.4783347388	0.080497503469	1	1510219337.438985
140.5	0.153125	0.986038306452	0.0817382240461	1	1510219338.5178297
141.0	0.153125	0.204246670126	0.254206142867	1	1510219339.4322724
141.0	0.153125	0.577242058368	0.0582809576414	1	1510219340.4280896
141.5	0.153125	0.602855978261	0.0569571877943	1	1510219341.4313462
142.0	0.1546875	0.606561364816	0.0560246163682	1	1510219342.4418132
142.0	0.1546875	0.487676480716	0.190884528477	1	1510219343.4400623
142.5	0.153125	0.651997411562	0.0724809531767	1	1510219344.4350448
142.5	0.153125	0.449880552686	0.21123496098	1	1510219345.4427593
143.0	0.1546875	0.537957317073	0.0612711643851	1	1510219346.4398036
143.0	0.153125	0.513441847826	0.0866348020608	1	1510219347.4361784
143.5	0.1578125	0.560467069892	0.0714725245902	1	1510219348.432046
143.5	0.1515625	0.523823924731	0.202896073426	1	1510219349.4361756
144.0	0.153125	0.589466576274	0.0596382240401	1	1510219350.4321573
144.5	0.153125	0.533409728214	0.184135322995	1	1510219351.4398205
144.5	0.1546875	0.299950768337	0.0166054874343	1	1510219352.5102606
145.0	0.1515625	0.654917310997	0.377614086384	1	1510219353.5663884
145.0	0.153125	0.669514087096	0.0608670523772	1	1510219354.4423993
145.5	0.1578125	0.645204927781	0.127143085596	1	1510219355.4382188
146.0	0.1546875	0.692771849593	0.0795008504529	1	1510219356.4361393
146.0	0.153125	0.612600543478	0.23194754464	1	1510219357.431903
146.5	0.1578125	0.30772856405	0.0332100176669	1	1510219358.4997523
146.5	0.1546875	0.0304181929182	0.424907045852	1	1510219359.49978
147.0	0.1546875	1.12753084502	0.0992979386387	1	1510219360.573355
147.0	0.153125	0.655030762305	0.860147295062	1	1510219361.4284053
147.5	0.153125	0.737561050061	0.0553630648129	1	1510219362.4313762
147.5	0.1546875	0.726646505376	0.113686062108	1	1510219363.4399612
148.0	0.153125	0.746500215703	0.0952096662118	1	1510219364.43593
148.0	0.1515625	0.917124101181	0.11197891641	1	1510219365.4462914
148.5	0.153125	0.852497675575	0.0778779267054	1	1510219366.4315076
149.0	0.1546875	0.642392497417	0.295710370652	1	1510219367.4396038
149.0	0.153125	0.856215098797	0.0797141814321	1	1510219368.4358532
149.5	0.153125	0.941278532609	0.0409567727752	1	1510219369.4311383
150.0	0.1578125	0.352778804348	0.0294948855494	1	1510219370.5068545
150.0	0.153125	0.90762304922	0.108795936192	1	1510219371.4367704
150.5	0.153125	0.987029569892	0.130195251684	1	1510219372.440672
150.5	0.1515625	0.850722222222	0.251835946104	1	1510219373.4355671
151.0	0.153125	0.957902167277	0.041445405862	1	1510219374.4340575
151.0	0.1546875	0.943047924298	0.197175824482	1	1510219375.4403124
151.5	0.1546875	2.56955298913	0.292584223076	1	1510219376.5581303
152.0	0.15625	0.886797807473	0.408116067567	1	1510219377.5079472

#$Filter:op06
#$	0	1	 1
#$	1	op06	 0.251188643150958
#$	2	op09	0.015848931924611138
#$	3	op18*op18*op18	3.9810717055349725e-06
#$	4	ns12	1e-7
#$	5	0	 1e-22
#$POWER:61.2, mW
#$WAVELENGTH:532,nm
#$OBJECT:635, on wires	=	=	=	=
angle	ref	signal	signal_std	filter	Time
152.0	0.159375	1.07083695652	0.113429728203	1	1510219379.941467
152.0	0.153125	1.05981126503	0.151996657895	1	1510219380.7102544
152.5	0.153125	1.12785147466	0.217694029382	1	1510219381.4782941
152.5	0.153125	1.22510162602	0.123200140426	1	1510219381.934087
153.0	0.15625	1.21912802419	0.0835660555486	1	1510219382.703187
153.0	0.153125	1.27843581989	0.11924976682	1	1510219383.4928513
153.0	0.15625	1.24600409836	0.0902413613011	1	1510219383.935944
153.5	0.153125	1.27173616461	0.141295368028	1	1510219384.7068841
153.5	0.153125	1.24722803909	0.120331088073	1	1510219385.4966707
154.0	0.1578125	1.41104102465	0.163149715213	1	1510219385.9412963
154.0	0.153125	1.42447648196	0.19952104685	1	1510219386.728304
154.0	0.15625	1.35902814482	0.174580162528	1	1510219387.4910548
154.5	0.1546875	1.23135190217	0.101223253528	1	1510219387.9338708
154.5	0.1546875	1.35095583477	0.0526007310915	1	1510219388.7292516
155.0	0.1546875	1.33848490746	0.0775670433427	1	1510219389.494944
155.0	0.1546875	1.30020892795	0.0543642023337	1	1510219389.9360194
155.0	0.153125	1.33932336957	0.145109951931	1	1510219390.6938596
155.5	0.1546875	1.32884919242	0.170588982221	1	1510219391.463807
155.5	0.1546875	1.33820238352	0.131451418461	1	1510219391.9315917
155.5	0.1515625	1.47294537402	0.12873015118	1	1510219392.6956232
156.0	0.1515625	1.48937257334	0.123197706397	1	1510219393.4543056
156.0	0.1546875	1.59402786727	0.203429372401	1	1510219393.936387
156.0	0.1546875	1.53833988504	0.133842395499	1	1510219394.6992931
156.5	0.153125	1.79620910864	0.26064728981	1	1510219395.4708486
156.5	0.1546875	1.93128360215	0.0714604856967	1	1510219395.939073
157.0	0.15625	2.08913060897	0.231828404601	1	1510219396.7049382

#$Filter:op06
#$	0	1	 1
#$	1	op06	 0.251188643150958
#$	2	op09	0.015848931924611138
#$	3	op18*op18*op18	3.9810717055349725e-06
#$	4	ns12	1e-7
#$	5	0	 1e-22
#$POWER:61.2, mW
#$WAVELENGTH:532,nm
#$OBJECT:635, on wires	=	=	=	=
angle	ref	signal	signal_std	filter	Time
157.0	0.153125	0.897246907974	0.09144192258	1	1510219401.5050795
157.5	0.1609375	1.18527859463	0.0413267549587	1	1510219402.0532758
157.5	0.1546875	4.84189085739	0.561014843227	1	1510219402.9088867

#$Filter:op06
#$	0	1	 1
#$	1	op06	 0.251188643150958
#$	2	op09	0.015848931924611138
#$	3	op18*op18*op18	3.9810717055349725e-06
#$	4	ns12	1e-7
#$	5	0	 1e-22
#$POWER:61.2, mW
#$WAVELENGTH:532,nm
#$OBJECT:635, on wires	=	=	=	=
angle	ref	signal	signal_std	filter	Time
158.0	0.1515625	2.46985815603	0.222602371338	1	1510219408.9472015
158.0	0.153125	2.46650809274	0.260685046892	1	1510219409.7410705
158.0	0.153125	2.60674881363	0.292464735545	1	1510219410.5079966
158.5	0.1546875	2.85383695652	0.236888888932	1	1510219410.9398565
158.5	0.1546875	2.92338709677	0.293763906395	1	1510219411.7306483
158.5	0.1546875	3.19099744854	0.282499988733	1	1510219412.4964514
158.5	0.1546875	3.40135326087	0.239480467321	1	1510219412.942456
159.0	0.153125	3.36592741935	0.474862234024	1	1510219413.7115684
159.0	0.1546875	3.97118474978	0.416305475952	1	1510219414.5013454
159.0	0.1546875	3.05726481959	1.38532666016	1	1510219414.9433393
159.0	0.153125	3.87917527548	0.396175838661	1	1510219415.7036703
159.5	0.15625	4.14163858696	0.199611247056	1	1510219416.460941
159.5	0.15625	4.24689130435	0.429243546431	1	1510219416.9488442
159.5	0.153125	3.92975721785	0.468398015996	1	1510219417.7083328

#$Filter:op09
#$	0	1	 1
#$	1	op06	 0.251188643150958
#$	2	op09	0.015848931924611138
#$	3	op18*op18*op18	3.9810717055349725e-06
#$	4	ns12	1e-7
#$	5	0	 1e-22
#$POWER:61.2, mW
#$WAVELENGTH:532,nm
#$OBJECT:635, on wires	=	=	=	=
angle	ref	signal	signal_std	filter	Time
160.0	0.1546875	0.385443513746	0.0353809871773	2	1510219425.928026
160.0	0.1609375	0.364287374589	0.0335446078301	2	1510219426.7090876
160.0	0.153125	0.151151855047	0.0185691882077	2	1510219427.5432823
160.0	0.1546875	0.34093423913	0.043531461592	2	1510219427.9561863
160.0	0.1515625	0.351922245286	0.0379830626581	2	1510219428.7200882
160.5	0.159375	0.360319216878	0.0180312423908	2	1510219429.476839
160.5	0.159375	0.344676048273	0.0232742246666	2	1510219429.9349992
160.5	0.1546875	0.397124137187	0.0549440189794	2	1510219430.7006342
161.0	0.15625	0.448202284946	0.0524473491557	2	1510219431.4703379
161.0	0.1546875	0.442344408357	0.0644281851094	2	1510219431.9386969
161.0	0.153125	0.465020480973	0.0416275589111	2	1510219432.7042983
161.0	0.1546875	0.534202033599	0.0649507928828	2	1510219433.4982953
161.0	0.1546875	0.550724969475	0.0486416014214	2	1510219433.9309719
161.5	0.1546875	0.533073870574	0.0736833724341	2	1510219434.7070642
161.5	0.1546875	0.574220800525	0.0793542186269	2	1510219435.4950385
161.5	0.1546875	0.551358363858	0.0771668771893	2	1510219435.9320214
162.0	0.1578125	0.609603937729	0.0284864411188	2	1510219436.6909773
162.0	0.153125	0.662609726124	0.0403625393028	2	1510219437.483764
162.0	0.1546875	0.749893162393	0.0342562148558	2	1510219437.936637
162.0	0.153125	0.764815428824	0.121386322276	2	1510219438.7085624
162.0	0.1546875	0.839716880342	0.151958376014	2	1510219439.488369
162.5	0.1515625	0.967254704301	0.139996350687	2	1510219439.9323385
162.5	0.1546875	1.03417053492	0.161776887908	2	1510219440.7792804
162.5	0.1578125	2.26349710339	0.0757174450697	2	1510219441.634996
163.0	0.1515625	1.80454681873	0.279175793493	2	1510219442.4289856
163.0	0.153125	3.40729619565	0.400977968754	2	1510219442.9320405
163.0	0.153125	3.20393148701	0.293096727639	2	1510219443.7128863
163.0	0.1515625	2.2685625	0.251550263002	2	1510219444.4777625
163.5	0.1546875	2.65021570319	0.310522482693	2	1510219444.933355

#$Filter:op09
#$	0	1	 1
#$	1	op06	 0.251188643150958
#$	2	op09	0.015848931924611138
#$	3	op18*op18*op18	3.9810717055349725e-06
#$	4	ns12	1e-7
#$	5	0	 1e-22
#$POWER:61.2, mW
#$WAVELENGTH:532,nm
#$OBJECT:635, on wires	=	=	=	=
angle	ref	signal	signal_std	filter	Time
163.5	0.1546875	3.41562337831	0.485389645567	2	1510219471.9484384
163.5	0.1546875	4.61009623855	0.623237685206	2	1510219472.7259417
163.5	0.1546875	11.5481150794	1.03286245306	2	1510219473.624188
163.5	0.1546875	1.49344262295	0.821753980984	2	1510219474.5777874

#$Filter:op18*op18*op18
#$	0	1	 1
#$	1	op06	 0.251188643150958
#$	2	op09	0.015848931924611138
#$	3	op18*op18*op18	3.9810717055349725e-06
#$	4	ns12	1e-7
#$	5	0	 1e-22
#$POWER:61.2, mW
#$WAVELENGTH:532,nm
#$OBJECT:635, on wires	=	=	=	=
angle	ref	signal	signal_std	filter	Time
164.0	0.153125	0.00123746172353	0.00113719576891	3	1510219492.9463685
164.0	0.1546875	0.001097050861	0.00111241818842	3	1510219493.7381787
164.0	0.153125	0.00132474846894	0.0009701913312	3	1510219494.5050166
164.0	0.153125	0.00148610326087	0.00108802321131	3	1510219494.9389527
164.0	0.1546875	0.00108499562555	0.000681708207554	3	1510219495.706961
164.0	0.153125	0.00175648656899	0.00104578714485	3	1510219496.4737768
164.0	0.153125	0.00195993589744	0.00134804300889	3	1510219496.9396727
164.0	0.153125	0.00199177055993	0.00139915735361	3	1510219497.6976602
164.0	0.153125	0.00256985326087	0.00144010763399	3	1510219498.4563346
164.5	0.15625	0.00309422282609	0.00164713298736	3	1510219498.9363928
164.5	0.1546875	0.0034126984127	0.00152077934608	3	1510219499.7271414

#$Filter:op18*op18*op18
#$	0	1	 1
#$	1	op06	 0.251188643150958
#$	2	op09	0.015848931924611138
#$	3	op18*op18*op18	3.9810717055349725e-06
#$	4	ns12	1e-7
#$	5	0	 1e-22
#$POWER:61.2, mW
#$WAVELENGTH:532,nm
#$OBJECT:635, on wires	=	=	=	=
angle	ref	signal	signal_std	filter	Time
164.5	0.1546875	0.00421151848206	0.00182399191172	3	1510219502.0718029
164.5	0.15625	0.00492438126566	0.0017130120607	3	1510219502.848359
164.5	0.1578125	0.0156487694215	0.00560026999989	3	1510219503.7443428
164.5	0.153125	0.00833426290464	0.00303902964711	3	1510219504.6396735

#$Filter:op18*op18*op18
#$	0	1	 1
#$	1	op06	 0.251188643150958
#$	2	op09	0.015848931924611138
#$	3	op18*op18*op18	3.9810717055349725e-06
#$	4	ns12	1e-7
#$	5	0	 1e-22
#$POWER:61.2, mW
#$WAVELENGTH:532,nm
#$OBJECT:635, on wires	=	=	=	=
angle	ref	signal	signal_std	filter	Time
165.0	0.1546875	0.0160121909341	0.00405198462258	3	1510219510.0686612

#$Filter:op18*op18*op18
#$	0	1	 1
#$	1	op06	 0.251188643150958
#$	2	op09	0.015848931924611138
#$	3	op18*op18*op18	3.9810717055349725e-06
#$	4	ns12	1e-7
#$	5	0	 1e-22
#$POWER:61.2, mW
#$WAVELENGTH:532,nm
#$OBJECT:635, on wires	=	=	=	=
angle	ref	signal	signal_std	filter	Time
165.0	0.153125	0.0369087357955	0.00711935718906	3	1510219516.065723
165.0	0.1546875	0.0580120631026	0.00307031553709	3	1510219516.9802005
165.0	0.1578125	0.216145833333	0.0	3	1510219517.875503
165.0	0.1609375	0.166618217054	0.0	3	1510219518.7694473

#$Filter:ns12
#$	0	1	 1
#$	1	op06	 0.251188643150958
#$	2	op09	0.015848931924611138
#$	3	op18*op18*op18	3.9810717055349725e-06
#$	4	ns12	1e-7
#$	5	0	 1e-22
#$POWER:61.2, mW
#$WAVELENGTH:532,nm
#$OBJECT:635, on wires	=	=	=	=
angle	ref	signal	signal_std	filter	Time
165.5	0.1546875	0.0909625821657	0.0128780556621	4	1510219530.9380724
165.5	0.1546875	0.0681207836015	0.0275650331645	4	1510219531.7245061
165.5	0.15625	0.0439096102151	0.0328219917078	4	1510219532.5411222
165.5	0.15625	0.0298471102151	0.00428582224825	4	1510219533.0091894
165.5	0.26875	0.0472947485207	0.0178731605988	4	1510219533.7700472
165.5	0.1546875	0.0444262904637	0.00810016384532	4	1510219534.5399673

#$Filter:ns12
#$	0	1	 1
#$	1	op06	 0.251188643150958
#$	2	op09	0.015848931924611138
#$	3	op18*op18*op18	3.9810717055349725e-06
#$	4	ns12	1e-7
#$	5	0	 1e-22
#$POWER:61.2, mW
#$WAVELENGTH:532,nm
#$OBJECT:635, on wires	=	=	=	=
angle	ref	signal	signal_std	filter	Time
165.5	0.1546875	0.0281917934783	0.00564797133556	4	1510219537.502625
165.5	0.1546875	0.007008385819	0.00652593123111	4	1510219538.5753365

#$Filter:ns12
#$	0	1	 1
#$	1	op06	 0.251188643150958
#$	2	op09	0.015848931924611138
#$	3	op18*op18*op18	3.9810717055349725e-06
#$	4	ns12	1e-7
#$	5	0	 1e-22
#$POWER:61.2, mW
#$WAVELENGTH:532,nm
#$OBJECT:635, on wires	=	=	=	=
angle	ref	signal	signal_std	filter	Time
166.0	0.1546875	0.00491876526252	0.00578674848959	4	1510219543.0612304
166.0	0.2703125	0.00182025935374	0.00144687504357	4	1510219543.9765065
166.0	0.1578125	0.000293624234471	0.000289412586219	4	1510219544.8073876

#$Filter:op18*op18*op18
#$	0	1	 1
#$	1	op06	 0.251188643150958
#$	2	op09	0.015848931924611138
#$	3	op18*op18*op18	3.9810717055349725e-06
#$	4	ns12	1e-7
#$	5	0	 1e-22
#$POWER:61.2, mW
#$WAVELENGTH:532,nm
#$OBJECT:635, on wires	=	=	=	=
angle	ref	signal	signal_std	filter	Time
166.0	0.1546875	0.0578682170543	0.00988975092181	3	1510219557.5575542
166.0	0.1546875	0.00413474462366	0.0164310977214	3	1510219558.0638762
166.0	0.1546875	0.0611639118457	0.00101529107758	3	1510219558.960173
166.0	0.1546875	0.0517475940507	0.00698674616067	3	1510219559.7180684
166.0	0.15625	0.0412825896763	0.018557806126	3	1510219560.5068693
166.0	0.15625	0.0487356189851	0.00693210361802	3	1510219561.0618846

#$Filter:op18*op18*op18
#$	0	1	 1
#$	1	op06	 0.251188643150958
#$	2	op09	0.015848931924611138
#$	3	op18*op18*op18	3.9810717055349725e-06
#$	4	ns12	1e-7
#$	5	0	 1e-22
#$POWER:61.2, mW
#$WAVELENGTH:532,nm
#$OBJECT:635, on wires	=	=	=	=
angle	ref	signal	signal_std	filter	Time
166.0	0.1578125	0.0459368943798	0.00757966244948	3	1510219563.995497
166.0	0.1546875	0.0477763586957	0.00751247817414	3	1510219564.8154895
166.5	0.153125	0.102894825269	0.0139455159208	3	1510219565.710952
166.5	0.1609375	0.134575815217	0.0216413338198	3	1510219566.4922101
166.5	0.1609375	0.0561809782609	0.00781737206306	3	1510219566.9888809
166.5	0.153125	0.0548738243657	0.00913215898037	3	1510219567.7538648

#$Filter:op09
#$	0	1	 1
#$	1	op06	 0.251188643150958
#$	2	op09	0.015848931924611138
#$	3	op18*op18*op18	3.9810717055349725e-06
#$	4	ns12	1e-7
#$	5	0	 1e-22
#$POWER:61.2, mW
#$WAVELENGTH:532,nm
#$OBJECT:635, on wires	=	=	=	=
angle	ref	signal	signal_std	filter	Time
166.5	0.1578125	25.9440678516	0.298795527508	2	1510219581.9397657
166.5	0.1546875	24.9639855942	0.296830298976	2	1510219582.7066228
166.5	0.15625	25.3798324742	0.313668569179	2	1510219583.4756424
166.5	0.1546875	23.757826087	0.293773754218	2	1510219583.9435754
166.5	0.1546875	24.1601024449	0.297206047149	2	1510219584.7073557
166.5	0.1546875	23.8293850806	0.291264944967	2	1510219585.4787526
166.5	0.1546875	24.7916041417	0.300507199363	2	1510219585.9366698
166.5	0.1546875	25.0996324474	0.301621369482	2	1510219586.7480216
167.0	0.15625	24.6592657757	0.306642525593	2	1510219587.515937
167.0	0.15625	24.8878301321	0.301706024809	2	1510219587.9518473
167.0	0.1546875	25.3411253281	0.308305178895	2	1510219588.7165577
167.0	0.1546875	24.8115611011	0.324081289625	2	1510219589.4836047
167.0	0.1546875	24.8619447779	0.31684620845	2	1510219589.9420726
167.0	0.15625	25.7225891323	0.334229637216	2	1510219590.709365
167.0	0.1546875	27.6911956522	0.362608862638	2	1510219591.5412364
167.0	0.1546875	30.1913866546	0.445739146648	2	1510219591.9471734
167.5	0.15625	21.3482862903	7.73958997848	2	1510219592.7130888
167.5	0.1546875	9.89921185781	2.61560436217	2	1510219593.5049517
167.5	0.1546875	6.98435608026	0.854743954868	2	1510219593.938999
167.5	0.15625	2.94900873656	0.377100873595	2	1510219594.830732
167.5	0.26875	6.65124967157	1.52571564274	2	1510219595.5926306
167.5	0.1546875	5.66394437285	0.271237632588	2	1510219596.4443805
168.0	0.1546875	2.00717338217	0.16927681067	2	1510219596.9475002
168.0	0.15625	1.30914850372	0.200758239008	2	1510219597.744282
168.0	0.1546875	0.5698125	0.0699720016309	2	1510219598.6471567
168.0	0.2703125	1.0084808771	0.315500561783	2	1510219599.4420419
168.0	0.153125	0.988685997232	0.0899795400138	2	1510219599.9409685
168.0	0.153125	0.910732119845	0.114178275716	2	1510219600.7079282
168.5	0.153125	0.804089492626	0.0421289789943	2	1510219601.4719348
168.5	0.1546875	0.749663978495	0.108001253265	2	1510219601.9407902
168.5	0.1546875	0.7508125	0.0949733363254	2	1510219602.7124648
168.5	0.1546875	0.758951086957	0.0954852309682	2	1510219603.4775481
168.5	0.1546875	0.716302145858	0.065644837755	2	1510219603.9359088
169.0	0.1546875	0.628194016436	0.0737025973713	2	1510219604.700363
169.0	0.1546875	0.51512792617	0.057749640089	2	1510219605.4922159
169.0	0.1546875	0.440230174731	0.0496488120148	2	1510219605.9401839
169.0	0.153125	0.45104972079	0.0413728034966	2	1510219606.7060277
169.5	0.1546875	0.407251602564	0.0598981234872	2	1510219607.4639223
169.5	0.1546875	0.379133576532	0.0524924423187	2	1510219607.94487
169.5	0.1546875	0.377244415808	0.0399776715981	2	1510219608.7086318
170.0	0.1515625	0.352596902979	0.0414163701068	2	1510219609.4797041
170.0	0.1546875	0.344048661564	0.0274972902964	2	1510219609.936297
170.0	0.1546875	0.333991529304	0.0268516728054	2	1510219610.6994786
170.0	0.1546875	0.275621639785	0.0422893444076	2	1510219611.5301654
170.0	0.153125	0.220030434783	0.102701574582	2	1510219611.9390213
170.5	0.1546875	0.293528243127	0.0316016063023	2	1510219612.7040777
170.5	0.153125	0.276515151515	0.0194041000106	2	1510219613.4868972
170.5	0.153125	0.265213929063	0.0369745815819	2	1510219613.942813
171.0	0.15625	0.251444672131	0.0373615866619	2	1510219614.7077777
171.0	0.153125	0.233686155914	0.0262769676593	2	1510219615.491778
171.0	0.153125	0.227647826087	0.0327589383032	2	1510219615.946519
171.0	0.153125	0.235558836395	0.0316380231078	2	1510219616.71146
171.5	0.153125	0.250608695652	0.0277040675564	2	1510219617.469443
171.5	0.1578125	0.238754734848	0.0275980240807	2	1510219617.949356
171.5	0.153125	0.191743195032	0.0182304425714	2	1510219618.7162018
172.0	0.1546875	0.217744845361	0.0284532755752	2	1510219619.4861212
172.0	0.1546875	0.220749327957	0.0289903807391	2	1510219619.9419053
172.0	0.1546875	0.226705479156	0.0197092457975	2	1510219620.710789
172.0	0.1546875	0.187975730241	0.0208177395851	2	1510219621.474677
172.0	0.1546875	0.0522849462366	0.105126689533	2	1510219622.0023112
172.5	0.1546875	0.0542635804322	0.0446671421738	2	1510219622.8191962
172.5	0.1546875	0.0423319657066	0.0527616363201	2	1510219623.6002705
173.0	0.15625	0.178642623267	0.0216146740887	2	1510219624.4394386
173.0	0.1546875	0.187120409605	0.0251259453815	2	1510219624.936144
173.0	0.159375	0.189691212552	0.0152499127828	2	1510219625.7010353
173.0	0.1546875	0.160138193374	0.0195361707529	2	1510219626.4709146
173.5	0.1546875	0.152144190849	0.0202835932993	2	1510219626.9404554
173.5	0.1546875	0.138083837366	0.0201182476245	2	1510219627.7287343
173.5	0.1546875	0.118702749141	0.014010471723	2	1510219628.4954805
174.0	0.15625	0.125552666495	0.0182434202987	2	1510219628.9435015
174.0	0.1546875	0.123538451087	0.0179893417677	2	1510219629.7314901
174.0	0.1546875	0.138090217391	0.0165975810617	2	1510219630.4943202
174.0	0.15625	0.132015987485	0.018767539496	2	1510219630.9362304
174.5	0.1546875	0.0893015162215	0.0516509736373	2	1510219631.701683
174.5	0.1546875	0.122873818344	0.0300133145878	2	1510219632.4820378
174.5	0.1546875	0.130546196346	0.0156184004349	2	1510219632.9389422
174.5	0.1578125	0.0578629032258	0.0656408571637	2	1510219633.7038689
175.0	0.15625	0.123259943182	0.0137460783944	2	1510219634.4754465
175.0	0.15625	0.12544362302	0.0158800459991	2	1510219634.9432893
175.0	0.153125	0.122108530912	0.0174583711901	2	1510219635.7054896
175.0	0.1578125	0.126083425229	0.0175733046463	2	1510219636.468353
175.5	0.153125	0.12564899698	0.0208385366886	2	1510219636.9473877
175.5	0.153125	0.111525537634	0.0165295088795	2	1510219637.7359388
176.0	0.153125	0.113316251514	0.016153323248	2	1510219638.5072992
176.0	0.153125	0.114498220449	0.0132038055941	2	1510219638.9390264
176.0	0.159375	0.0933889033039	0.0387304384284	2	1510219639.7079675
176.0	0.159375	0.0919653257118	0.0348447660576	2	1510219640.4707766
176.0	0.159375	0.113475787317	0.0135372333641	2	1510219640.9426982
176.5	0.1515625	0.108753013085	0.0164088332953	2	1510219641.721623
176.5	0.1609375	0.104365323906	0.0215192744678	2	1510219642.5164688
176.5	0.1609375	0.106169861399	0.0155157327701	2	1510219642.9395926
177.0	0.153125	0.118348522433	0.0138788309515	2	1510219643.7281797
177.0	0.1578125	0.106419795482	0.0142404673282	2	1510219644.5181763
177.0	0.1546875	0.116033515195	0.0190918940037	2	1510219644.94824
177.0	0.153125	0.040378382732	0.00611947888638	2	1510219645.7669616

#$Filter:1
#$	0	1	 1
#$	1	op06	 0.251188643150958
#$	2	op09	0.015848931924611138
#$	3	op18*op18*op18	3.9810717055349725e-06
#$	4	ns12	1e-7
#$	5	0	 1e-22
#$POWER:61.2, mW
#$WAVELENGTH:532,nm
#$OBJECT:635, on wires	=	=	=	=
angle	ref	signal	signal_std	filter	Time
177.5	0.15625	3.46377410915	0.584051140581	0	1510219655.4515712
177.5	0.15625	3.50932202474	0.372065610256	0	1510219655.891591
178.0	0.1546875	3.33632163167	0.130893567315	0	1510219656.6503196
178.5	0.1546875	3.41187985332	0.856632507017	0	1510219657.4391057
178.5	0.1546875	3.30668140638	0.568019244558	0	1510219657.888131
178.5	0.153125	3.55615066581	0.361664844902	0	1510219658.6541095
179.0	0.153125	3.51153532609	0.420311983928	0	1510219659.4309304
179.0	0.153125	3.54903203192	0.421521377648	0	1510219659.8927255
179.5	0.1515625	3.87595108696	0.331867660825	0	1510219660.6596656
179.5	0.1546875	3.73704896907	0.603835095857	0	1510219661.4496007
180.0	0.1515625	3.35588137733	0.342167931602	0	1510219661.89571
180.0	0.153125	3.36728352253	0.195173600865	0	1510219662.6963909
180.5	0.1546875	3.59576089777	0.0333310049455	0	1510219663.4642177
180.5	0.1546875	3.00909228507	0.328842159916	0	1510219663.898184
181.0	0.1546875	2.0984375	0.975298094498	0	1510219664.6660097
181.0	0.15625	1.4811007319	1.16405342412	0	1510219665.458096
181.0	0.15625	2.76046214261	0.234932899323	0	1510219665.8908935
181.5	0.153125	2.59585084034	0.466555236028	0	1510219666.6560028
182.0	0.15625	2.09526628179	0.996986916516	0	1510219667.4375873
182.0	0.15625	2.6469604091	0.248055448487	0	1510219667.8947299
182.0	0.1625	2.67052955134	0.290100248935	0	1510219668.6605804
182.5	0.153125	2.23070265315	0.725715898097	0	1510219669.4322622
182.5	0.153125	2.22826520708	0.236886874424	0	1510219669.896285
183.0	0.159375	1.55063597624	1.11038148024	0	1510219670.6651905
183.0	0.159375	2.45031276963	0.0769441576297	0	1510219671.4457529
183.5	0.159375	2.18342320966	0.261436392242	0	1510219671.891044
183.5	0.1578125	2.1901794938	0.255165148345	0	1510219672.680598
184.0	0.153125	1.53497627265	0.825337010407	0	1510219673.4407544
184.0	0.153125	2.01010839085	0.184945081502	0	1510219673.892696
184.5	0.1546875	2.04419819645	0.0366077087808	0	1510219674.6523178
184.5	0.1578125	2.20530913978	0.230805440337	0	1510219675.4324667
184.5	0.15625	2.27086576717	0.184233131019	0	1510219675.8962908
185.0	0.1578125	2.05398611832	0.202874285936	0	1510219676.6669977
185.5	0.1578125	1.96979381887	0.192316430048	0	1510219677.4560976
185.5	0.159375	1.82384749483	0.417605042787	0	1510219677.8921611
185.5	0.1578125	1.95753301321	0.210070373688	0	1510219678.6720245
186.0	0.1546875	2.2214866422	0.275681213954	0	1510219679.459921
186.0	0.1578125	1.80538449094	0.221424831545	0	1510219679.9207947
186.5	0.153125	1.86055672269	0.232400269372	0	1510219680.698579
187.0	0.153125	1.72611248054	0.177855003434	0	1510219681.4895642
187.0	0.153125	1.77923910223	0.186024116308	0	1510219681.9115326
187.5	0.15625	1.64386324418	0.204033831417	0	1510219682.6800442
188.0	0.159375	1.7319417735	0.186353526177	0	1510219683.4692552
188.0	0.1546875	1.69449489708	0.184351872336	0	1510219683.892142
188.5	0.153125	1.54264721743	0.10833011484	0	1510219684.6571903
189.0	0.1546875	1.46034663866	0.15380743908	0	1510219685.4481173
189.0	0.1546875	1.57746848739	0.0657630351011	0	1510219685.894982
189.5	0.153125	1.47946092279	0.274135687718	0	1510219686.6598241
190.0	0.1546875	1.5001348145	0.0467406315142	0	1510219687.441586
190.0	0.15625	1.38315981232	0.0944927056117	0	1510219687.8877413
190.5	0.153125	1.37581970703	0.130941484284	0	1510219688.6514075
191.0	0.1546875	1.41080967643	0.182111725167	0	1510219689.4473934
191.0	0.1578125	1.26498872423	0.123243147285	0	1510219689.8902497
191.5	0.1546875	1.25896678651	0.180631142792	0	1510219690.6598828
192.0	0.15625	1.19337270341	0.172350982333	0	1510219691.4481068
192.0	0.1546875	1.2551034134	0.216740903608	0	1510219691.8949313
192.5	0.1546875	1.0051097613	0.499379736501	0	1510219692.660858
193.0	0.153125	1.23303794335	0.244392881831	0	1510219693.4427364
193.0	0.153125	1.2484638645	0.0575196325722	0	1510219693.8963232
193.5	0.1546875	1.32387019231	0.141165281563	0	1510219694.6755939
194.0	0.153125	1.2984967139	0.0973985132474	0	1510219695.4584427
194.0	0.153125	1.21273525521	0.106669240551	0	1510219695.8903315
194.5	0.159375	1.12370573229	0.101683946267	0	1510219696.6593235
195.0	0.159375	1.03381147541	0.221203347743	0	1510219697.4500124
195.0	0.159375	1.01039689387	0.112467292876	0	1510219697.8927839
195.5	0.153125	1.07279022469	0.138333332721	0	1510219698.652111
196.0	0.1546875	1.119140625	0.0733311092155	0	1510219699.431924
196.0	0.1546875	1.09903366047	0.119586270924	0	1510219699.8978534
196.5	0.153125	1.02746875541	0.0803510938041	0	1510219700.6636972
197.0	0.1578125	1.04494287634	0.136446248105	0	1510219701.4471004
197.0	0.1546875	0.918143696581	0.0983352643702	0	1510219701.8923395
197.5	0.1546875	0.899935289042	0.0651814004026	0	1510219702.660452
198.0	0.15625	0.890122863248	0.0941678189458	0	1510219703.4397748
198.0	0.15625	0.8828125	0.112208041204	0	1510219703.8837368
198.5	0.153125	0.735245726496	0.264134790401	0	1510219704.6479547
199.0	0.1546875	0.868041346974	0.0773564902016	0	1510219705.4414866
199.0	0.1546875	0.86031394453	0.0395692848784	0	1510219705.8876913
199.5	0.1546875	0.524892927858	0.31190111206	0	1510219706.7107217
200.0	0.1546875	0.266126572933	0.15699575247	0	1510219707.5465267
200.0	0.1578125	0.850573717949	0.087341731864	0	1510219708.4424267
200.5	0.153125	0.758681623932	0.0888921396975	0	1510219708.8883882
201.0	0.15625	0.784308819731	0.102830439184	0	1510219709.6679842
201.0	0.1546875	0.837634615385	0.0810830978071	0	1510219710.4587083
201.5	0.15625	0.804460470085	0.0964344822924	0	1510219710.8907793
202.0	0.1546875	0.377953715636	0.363543261484	0	1510219711.6720061
202.0	0.153125	0.752413995726	0.147331087075	0	1510219712.4588351
202.5	0.153125	0.764360042735	0.0938017357249	0	1510219712.894663
203.0	0.153125	0.728433741409	0.10129747181	0	1510219713.685653
203.0	0.153125	0.745274390244	0.0760946271903	0	1510219714.4674587
203.5	0.1515625	0.752043331604	0.0641304973323	0	1510219714.8876705
204.0	0.153125	0.689414385331	0.0712484723201	0	1510219715.6783712
204.0	0.1546875	0.717873508099	0.0309358609939	0	1510219716.4722037
204.5	0.1546875	0.682167519182	0.0877740189494	0	1510219716.889742
205.0	0.1546875	0.713703623814	0.0657497906635	0	1510219717.666948
205.0	0.1546875	0.666951245704	0.0345874944303	0	1510219718.4504924
205.5	0.15	0.692230769231	0.0891052748158	0	1510219718.894849
206.0	0.153125	0.649456730769	0.0322889178938	0	1510219719.6764421
206.0	0.153125	0.579905948691	0.0353550992898	0	1510219720.4667292
206.5	0.15625	0.55414084022	0.0587180394744	0	1510219720.8965056
207.0	0.1546875	0.578111624722	0.0649346603423	0	1510219721.6805828
207.0	0.1546875	0.558779660294	0.0523745940617	0	1510219722.4710028
207.5	0.153125	0.583276709402	0.0633651372996	0	1510219722.8901398
208.0	0.1546875	0.551964103219	0.0771482023867	0	1510219723.6753159
208.0	0.153125	0.519169831854	0.112496459986	0	1510219724.4620094
208.5	0.153125	0.602060750256	0.0626293876861	0	1510219724.8918872
209.0	0.15625	0.539504203653	0.0674777399785	0	1510219725.6739647
209.0	0.1546875	0.535452586207	0.0635432728521	0	1510219726.4677022
209.5	0.15625	0.501324279712	0.0645504260511	0	1510219726.8955877
210.0	0.1546875	0.272200960042	0.231527414262	0	1510219727.6895177
210.0	0.1546875	0.282772490611	0.225812230736	0	1510219728.4795744
210.5	0.1546875	0.511629395698	0.0464897020619	0	1510219728.8923032
211.0	0.1546875	0.318386104442	0.197093496327	0	1510219729.679194
211.0	0.153125	0.451387457045	0.0564105581028	0	1510219730.4620957
211.5	0.1546875	0.44447710396	0.0931466674087	0	1510219730.892061
212.0	0.15625	0.481684981685	0.0121862415516	0	1510219731.6759703
212.0	0.1546875	0.37972559676	0.135899748859	0	1510219732.4645147
212.5	0.1546875	0.41452685422	0.0636981464715	0	1510219732.887908
213.0	0.1546875	0.42294042617	0.0499207465522	0	1510219733.6767612
213.0	0.159375	0.467072594502	0.0558128806972	0	1510219734.4674325
213.5	0.159375	0.427931406385	0.0292978188329	0	1510219734.892512
214.0	0.159375	0.395524130773	0.0500038901837	0	1510219735.680424
214.5	0.159375	0.402411561691	0.0444063839899	0	1510219736.4613147
214.5	0.153125	0.379069444444	0.0508169201644	0	1510219736.894684
215.0	0.15625	0.385100408076	0.0476516700775	0	1510219737.6611073
215.5	0.153125	0.383087414089	0.0473936942173	0	1510219738.4539974
215.5	0.15625	0.358484685073	0.036259849173	0	1510219738.8878758
216.0	0.153125	0.369576984332	0.0462962957312	0	1510219739.6518714
216.0	0.153125	0.398216134599	0.0394239818671	0	1510219740.4436324
216.5	0.1578125	0.365184965487	0.0484058543082	0	1510219740.8904965
217.0	0.1578125	0.365535867698	0.0446154604455	0	1510219741.69209
217.5	0.1578125	0.330846461777	0.0463539837894	0	1510219742.4744005
217.5	0.1578125	0.38462635054	0.0471209102218	0	1510219742.9042943
218.0	0.1578125	0.33449255824	0.0363169812924	0	1510219743.6739748
218.0	0.1578125	0.344223484848	0.0406517006273	0	1510219744.4670472
218.5	0.153125	0.346652287666	0.0415652117117	0	1510219744.8908205
219.0	0.159375	0.325846095772	0.0374154170751	0	1510219745.6803586
219.5	0.153125	0.307719017094	0.0368961803579	0	1510219746.4706645
219.5	0.15625	0.332818652628	0.0323844561039	0	1510219746.9034374
220.0	0.1515625	0.335131606991	0.0449138813084	0	1510219747.6683059
220.0	0.1546875	0.327682322929	0.0484529795669	0	1510219748.4503305
220.5	0.15625	0.309584771355	0.0319154223351	0	1510219748.8913426
221.0	0.1546875	0.271433760684	0.0304533454648	0	1510219749.6721728
221.0	0.1546875	0.307438042923	0.0369443668298	0	1510219750.4600258
221.5	0.15625	0.322498270195	0.0366924902549	0	1510219750.8969717
222.0	0.15625	0.329110831342	0.0245941720075	0	1510219751.6778653
222.0	0.1546875	0.314614002238	0.0351995658116	0	1510219752.4707112
222.5	0.1546875	0.272260230179	0.0389688540125	0	1510219752.8926861
223.0	0.1578125	0.199168814433	0.106179506696	0	1510219753.6805701
223.0	0.153125	0.254200268817	0.0295128665667	0	1510219754.4623072
223.5	0.15625	0.270299369748	0.0230635559877	0	1510219754.8915324
224.0	0.153125	0.266341880342	0.0190623975407	0	1510219755.6643238
224.0	0.15625	0.263856564365	0.04315726892	0	1510219756.4438143
224.5	0.15625	0.25594043052	0.0305105837243	0	1510219756.8876882
225.0	0.1546875	0.258501344086	0.0241696417129	0	1510219757.67599
225.0	0.1546875	0.24693215812	0.0369574819049	0	1510219758.4599395
225.5	0.1546875	0.277741199619	0.0326422138565	0	1510219758.8919506
226.0	0.1546875	0.261415532443	0.0301532493622	0	1510219759.679822
226.0	0.1546875	0.200002690255	0.0714128016669	0	1510219760.4605062
226.5	0.1546875	0.229772512052	0.0329668883591	0	1510219760.8954031
227.0	0.153125	0.187301013805	0.0689220021638	0	1510219761.6863198
227.0	0.1546875	0.241987179487	0.0292750960716	0	1510219762.4780903
227.5	0.1546875	0.239661858974	0.0325851648569	0	1510219762.8873582
228.0	0.1546875	0.201678180957	0.027735215534	0	1510219763.6680639
228.0	0.15625	0.232808487417	0.0269951148524	0	1510219764.4550207
228.5	0.15625	0.220885683761	0.0307690489778	0	1510219764.8908508
229.0	0.1546875	0.199982782369	0.0264653041998	0	1510219765.6834743
229.0	0.153125	0.233020548822	0.0314123685957	0	1510219766.4797752
229.5	0.1546875	0.223701144972	0.02701783697	0	1510219766.8946617
230.0	0.1546875	0.215969614203	0.0253798886651	0	1510219767.6870067
230.0	0.1546875	0.15873655914	0.071053096073	0	1510219768.477168
230.5	0.1546875	0.20653561828	0.0301572889455	0	1510219768.8971379
231.0	0.15625	0.197040318439	0.0226371318477	0	1510219769.6922023
231.0	0.1578125	0.188266941392	0.0271458948004	0	1510219770.4720287
231.5	0.1546875	0.199525106838	0.0223616405648	0	1510219770.8896346
232.0	0.1546875	0.103377016129	0.0793533976288	0	1510219771.745699
232.5	0.1546875	0.0261055627148	0.079703478027	0	1510219772.6012545
233.0	0.1546875	0.173815624459	0.0199446474893	0	1510219773.4361267
233.0	0.1546875	0.17857411859	0.0216200488823	0	1510219773.8874211
233.5	0.1546875	0.185848343553	0.0190734248493	0	1510219774.646081
233.5	0.153125	0.170249465812	0.0227307181337	0	1510219775.440325
234.0	0.153125	0.174670806624	0.0160692699133	0	1510219775.8847523
234.5	0.153125	0.178630364368	0.0214854045583	0	1510219776.6730986
234.5	0.1546875	0.178591152668	0.028564699918	0	1510219777.4566314
235.0	0.1546875	0.155599163386	0.0180834203387	0	1510219777.8959076
235.5	0.1546875	0.156959959767	0.0223974627204	0	1510219778.683823
236.0	0.15625	0.146737132353	0.015856464779	0	1510219780.4325223
236.5	0.1546875	0.165721917955	0.0118473723273	0	1510219781.4284532
237.0	0.1546875	0.135524070151	0.0167309890942	0	1510219782.4237857
237.5	0.1578125	0.145875599212	0.0160626240761	0	1510219783.4318478
238.0	0.159375	0.128722426471	0.0191356622315	0	1510219784.4399009
238.5	0.1546875	0.130086885807	0.0165135303171	0	1510219785.4315932
239.0	0.1546875	0.122636320835	0.0239054159348	0	1510219786.4431517
239.5	0.159375	0.115747003056	0.0157919463281	0	1510219787.4394848
240.0	0.1546875	0.113834971005	0.0198112714939	0	1510219788.43601
240.5	0.153125	0.111155087035	0.0120050092773	0	1510219789.4386442
241.0	0.1546875	0.109655212078	0.0107658789149	0	1510219790.4276512
241.5	0.1546875	0.0399894844694	0.00699744586367	0	1510219791.5048838
242.0	0.1546875	0.140675645258	0.112740717365	0	1510219792.5595312
242.5	0.153125	0.114824054622	0.0124460730888	0	1510219793.4284794
243.0	0.1546875	0.0909906801061	0.0372611685151	0	1510219794.4314969
243.5	0.1546875	0.105826080432	0.0128929098894	0	1510219795.4402578
244.0	0.1546875	0.0674665660052	0.0366633940976	0	1510219796.4360962
244.5	0.1546875	0.0930148947098	0.0146740586024	0	1510219797.435939
245.0	0.1515625	0.0804574742268	0.0297278131694	0	1510219798.430631
245.5	0.15625	0.0803169810516	0.0141261348314	0	1510219799.4281452
246.0	0.15625	0.0797056623932	0.00942092916065	0	1510219800.43645
246.5	0.1546875	0.0315318041925	0.00505928391601	0	1510219801.514301
247.0	0.1546875	0.0576948723967	0.00708255812422	0	1510219802.4281628
247.5	0.1578125	0.0457138087607	0.00751422804065	0	1510219803.4242098
248.0	0.15625	0.0421429603236	0.00587273929307	0	1510219804.4418092
248.5	0.1546875	0.0312534633419	0.00662182999155	0	1510219805.4388103
249.0	0.1546875	0.0126868247299	0.00554381989099	0	1510219806.5085216
249.5	0.15625	0.0129974489796	0.00318951522033	0	1510219807.4420729
250.0	0.1546875	0.00498901075452	0.00147169936583	0	1510219808.581193
250.5	0.153125	0.00309497162001	0.00214697439871	0	1510219809.516103
251.0	0.153125	0.0183769278473	0.00653313490045	0	1510219810.569908
251.5	0.1578125	0.00146786839736	0.00144749423235	0	1510219811.5628803
252.0	0.153125	0.00229214991409	0.00168766175128	0	1510219812.4364624
252.5	0.15	0.00209624658587	0.00182789215831	0	1510219813.43249
253.0	0.1515625	0.00251504351741	0.0014557099335	0	1510219814.4502723
253.5	0.1515625	0.00202730769231	0.00131087756865	0	1510219815.4450705
254.0	0.1515625	0.0029886586719	0.0017172113326	0	1510219816.441002
254.5	0.153125	0.00241551761168	0.00179760096636	0	1510219817.4358997
255.0	0.1515625	0.00274204789519	0.0015985236498	0	1510219818.4317498
255.5	0.159375	0.0026706576087	0.00155023824769	0	1510219819.4425516
256.0	0.15625	0.00284296474359	0.00185628356451	0	1510219820.4404914
256.5	0.1578125	0.00304272959184	0.00174262809326	0	1510219821.4362013
257.0	0.1578125	0.00270715725806	0.00147008851765	0	1510219822.4310694
257.5	0.1515625	0.00230835502731	0.00166360597085	0	1510219823.428514
258.0	0.1609375	0.00255953631453	0.00160787674064	0	1510219824.4319313
258.5	0.1609375	0.00265836389129	0.00166864128756	0	1510219825.4412022
259.0	0.15625	0.00302528758	0.00202011400986	0	1510219826.4395077
259.5	0.1546875	0.00302055822329	0.00189025448165	0	1510219827.4349
260.0	0.1546875	0.00463954695258	0.00207898555353	0	1510219828.4417064
260.5	0.153125	0.0054835912087	0.00235881887192	0	1510219829.4380121
261.0	0.153125	0.00966471121057	0.00244665680235	0	1510219830.4368742
261.5	0.153125	0.00461559450437	0.00736238946334	0	1510219831.5718489
262.0	0.1578125	0.0117016304348	0.00316123837257	0	1510219832.5066764
262.5	0.153125	0.00635453582435	0.00151077967757	0	1510219833.5179725
263.0	0.1546875	0.0197253653366	0.0104023602471	0	1510219834.574226
263.5	0.153125	0.0398425662879	0.00938886958715	0	1510219835.5082123
264.0	0.153125	0.00716809375541	0.0123887863268	0	1510219836.5028484
264.5	0.153125	0.0119724012027	0.00218611529629	0	1510219837.575842
265.0	0.26875	0.0316397311213	0.00214071112948	0	1510219838.5697572
265.5	0.1546875	0.0128944359756	0.00275123034464	0	1510219839.5635939
266.0	0.1546875	0.0275135992381	0.00609897291886	0	1510219840.5768943
266.5	0.1546875	0.0628335377927	0.0118948555192	0	1510219841.5713742
267.0	0.159375	0.00487695078031	0.0133451150394	0	1510219842.4859884
267.5	0.1578125	0.0618035339136	0.00270545944935	0	1510219843.5789385
268.0	0.153125	0.00795521907216	0.0255734398093	0	1510219844.4945865
268.5	0.1640625	0.0205125916739	0.00333282454421	0	1510219845.5665576
269.0	0.1546875	0.0192718739189	0.0137303547448	0	1510219846.560443
269.5	0.159375	0.0956768148625	0.0149763337588	0	1510219847.5733957
270.0	0.15625	0.104157270189	0.0426392946479	0	1510219848.424699
270.5	0.153125	0.0518890224359	0.00934467752503	0	1510219849.4421108
271.0	0.153125	0.0484112844547	0.0124552217105	0	1510219850.4443169
271.5	0.1578125	0.0221901260504	0.00358034600996	0	1510219851.5077474
272.0	0.1546875	0.0283358343337	0.0319564184212	0	1510219852.4314744
272.5	0.1546875	0.0623992929424	0.00929250380959	0	1510219853.4380233
273.0	0.1546875	0.0642156492666	0.00707758375636	0	1510219854.4362838
273.5	0.153125	0.0392697704082	0.00408010898099	0	1510219855.5060477
274.0	0.15	0.0841350503585	0.0334078522261	0	1510219856.56691
274.5	0.153125	0.0781705672994	0.0113538556105	0	1510219857.4445014
275.0	0.153125	0.0363747378445	0.0370050615123	0	1510219858.4354634
275.5	0.1546875	0.0292332290768	0.00439858600737	0	1510219859.510462
276.0	0.1546875	0.0472563034188	0.0313412442917	0	1510219860.4242125
276.5	0.1546875	0.0845834938367	0.0112550047535	0	1510219861.4391496
277.0	0.15625	0.0830368055556	0.013998173709	0	1510219862.4401486
277.5	0.153125	0.0858517198703	0.00983269297009	0	1510219863.4358983
278.0	0.1546875	0.000503338675214	0.0591282929679	0	1510219864.5663602
278.5	0.153125	0.0932442977191	0.0106529769232	0	1510219865.5025213
279.0	0.153125	0.0551894143658	0.0332836954757	0	1510219866.4362397
279.5	0.1546875	0.102623765034	0.0100879048919	0	1510219867.4308028
279.5	0.1546875	0.0904822834646	0.0277396439635	0	1510219868.4266324
280.5	0.1515625	0.0414002311248	0.00660618440598	0	1510219869.496902
281.0	0.1546875	0.169421891142	0.0874173318809	0	1510219870.5767407
281.5	0.159375	0.118204467354	0.0181825513037	0	1510219871.4276724
281.5	0.153125	0.0943474735405	0.0341186800288	0	1510219872.4239779
282.5	0.1546875	0.0624791037532	0.00826666400223	0	1510219873.5011935
283.0	0.153125	0.121480235043	0.0283858390641	0	1510219874.438158
283.5	0.153125	0.127838635294	0.0169411587808	0	1510219875.436099
283.5	0.153125	0.118953903565	0.0163387979236	0	1510219876.4308186
284.5	0.15625	0.13411699957	0.0174964488268	0	1510219877.4386907
284.5	0.1546875	0.140561314032	0.0173793710442	0	1510219878.4366012
285.5	0.1546875	0.117943143991	0.0424671065826	0	1510219879.4309707
285.5	0.1546875	0.151607468857	0.0181937645255	0	1510219880.4281864
286.5	0.1546875	0.134799766345	0.0285958387026	0	1510219881.4252162
286.5	0.1546875	0.153757681803	0.0164436231589	0	1510219882.4409184
287.5	0.153125	0.152716081267	0.017048840941	0	1510219883.4355688
287.5	0.153125	0.167222069774	0.0153138697697	0	1510219884.4357765
288.5	0.1578125	0.139852443931	0.0468935424843	0	1510219885.432156
288.5	0.153125	0.0611009987113	0.00757685933801	0	1510219886.499485
289.0	0.1578125	0.31023315785	0.0269212213279	0	1510219887.5761366
289.5	0.153125	0.159929392182	0.0209485017268	0	1510219888.4321015
290.5	0.153125	0.168845718292	0.0217232319281	0	1510219889.4288573
290.5	0.1578125	0.178580662393	0.0184209671638	0	1510219890.43628
291.0	0.1578125	0.186495113832	0.0199100023343	0	1510219891.432118
291.5	0.159375	0.140745524159	0.060454709502	0	1510219892.4284096
292.0	0.153125	0.100330877646	0.0127055129952	0	1510219893.5051482
292.5	0.15625	0.178472951681	0.0335091037285	0	1510219894.4421258
293.0	0.153125	0.214110977564	0.0256772476119	0	1510219895.438847
293.5	0.159375	0.209968461094	0.0148212102625	0	1510219896.4358234
294.0	0.1578125	0.222306422569	0.0220484630788	0	1510219897.4325435
294.5	0.1578125	0.217185894967	0.0206745411912	0	1510219898.438497
295.0	0.15	0.0956075854701	0.0102108933865	0	1510219899.5183322
295.5	0.1578125	0.205070153061	0.083540715146	0	1510219900.5722785
296.0	0.1515625	0.211152008162	0.0258804950734	0	1510219901.4289467
296.5	0.153125	0.216425619835	0.0537853414578	0	1510219902.4368873
297.0	0.1578125	0.117003890108	0.0142608499993	0	1510219903.514443
297.5	0.153125	0.0762098589436	0.170154940655	0	1510219904.5104709
298.0	0.1578125	0.246760094502	0.0270045339772	0	1510219905.4244015
298.5	0.1515625	0.236303151709	0.0474099784295	0	1510219906.4424107
299.0	0.1546875	0.124947809056	0.0164092207545	0	1510219907.511791
299.5	0.15	0.241550150344	0.048161009133	0	1510219908.4360638
300.0	0.1515625	0.536043699709	0.0594913232193	0	1510219909.568698
300.5	0.1515625	0.178582707409	0.197856948814	0	1510219910.438673
301.0	0.159375	0.261209483794	0.0392521556907	0	1510219911.4360971
301.5	0.1578125	0.289762154862	0.0473462188902	0	1510219912.4324982
302.0	0.1546875	0.157541792494	0.0144739084911	0	1510219913.5082068
302.5	0.153125	0.319755402161	0.0373961124325	0	1510219914.4310489
303.0	0.1546875	0.261451621564	0.0955686341528	0	1510219915.4329042
303.5	0.1578125	0.329916684642	0.0326465969792	0	1510219916.4307542
304.0	0.15625	0.252294964107	0.106225183214	0	1510219917.4317772
304.5	0.153125	0.166794207707	0.0196924788951	0	1510219918.5024383
305.0	0.1515625	0.425009706644	0.134574720322	0	1510219919.5583947
305.5	0.153125	0.32059811828	0.0403421771378	0	1510219920.4362845
306.0	0.153125	0.276492681048	0.10962163096	0	1510219921.4321237
306.5	0.153125	0.363533218292	0.0431964886808	0	1510219922.4389799
307.0	0.153125	0.34645287622	0.0579959992366	0	1510219923.436677
307.5	0.15625	0.364934300633	0.0450376327751	0	1510219924.4322581
308.0	0.153125	0.374126344086	0.0044517460112	0	1510219925.4269621
308.5	0.159375	0.195967741935	0.0131030292382	0	1510219926.5057993
309.0	0.15625	0.272054737502	0.144106902662	0	1510219927.4410665
309.5	0.153125	0.398535407036	0.0458618900519	0	1510219928.437929
310.0	0.15625	0.413013838671	0.0737602051537	0	1510219929.4338956
310.5	0.159375	0.401283967391	0.0355364990686	0	1510219930.4426236
311.0	0.153125	0.41646462853	0.0529374846111	0	1510219931.439418
311.0	0.153125	0.485227831197	0.0353119330707	0	1510219932.4363213
312.0	0.1546875	0.515474929379	0.052766354758	0	1510219933.4297373
312.0	0.1578125	0.495668014895	0.0230002545201	0	1510219934.4291039
313.0	0.159375	0.500788244663	0.0626787469461	0	1510219935.4448736
313.0	0.159375	0.465684454632	0.0278574141077	0	1510219936.4325848
313.5	0.1609375	0.483805213148	0.0539802630751	0	1510219937.428645
314.0	0.159375	0.47178568354	0.0583970947565	0	1510219938.4251153
314.5	0.1515625	1.09122530069	0.128798532607	0	1510219939.5623596
315.0	0.153125	0.176896839948	0.209175352886	0	1510219940.4970841
315.5	0.1515625	0.533255221709	0.0596035161491	0	1510219941.4356863
316.0	0.159375	0.537968615186	0.0743638184407	0	1510219942.4318588
316.5	0.153125	0.562154039094	0.0783215330158	0	1510219943.4386423
317.0	0.159375	0.511195642869	0.170016154359	0	1510219944.4360795
317.5	0.15625	0.608909047865	0.0626234403828	0	1510219945.4324865
318.0	0.159375	0.578577976704	0.155931184437	0	1510219946.4277697
318.5	0.153125	0.618524584847	0.0799943289726	0	1510219947.4320743
319.0	0.153125	0.678905448718	0.096038952872	0	1510219948.4419918
319.5	0.153125	0.31644763805	0.0313166878465	0	1510219949.51176
320.0	0.26875	0.826908635795	0.324726854435	0	1510219950.569452
320.5	0.1515625	0.655381496993	0.0803974231497	0	1510219951.44143
321.0	0.1546875	0.749425650839	0.0829667952185	0	1510219952.4383996
321.5	0.159375	0.784581266178	0.0553585290781	0	1510219953.4357717
322.0	0.159375	0.74143719988	0.0968292305742	0	1510219954.4320166
322.5	0.159375	0.758447433419	0.163001137772	0	1510219955.4289498
323.0	0.1578125	0.804392663043	0.104701556619	0	1510219956.435323
323.5	0.153125	0.654814225626	0.318679382216	0	1510219957.4375381
324.0	0.1640625	0.375827991453	0.0375516640849	0	1510219958.5104544
324.5	0.153125	0.834296218487	0.313753862079	0	1510219959.427285
325.0	0.159375	0.873329378775	0.0876007038228	0	1510219960.441183
325.5	0.159375	0.900540023352	0.0689329239061	0	1510219961.4380212
326.0	0.1578125	0.966281512605	0.0902757609229	0	1510219962.431671
326.5	0.1578125	1.06644929408	0.0639729853942	0	1510219963.442173
327.0	0.1609375	1.03797077222	0.107500161051	0	1510219964.440345
327.5	0.2703125	1.12234849574	0.121581704189	0	1510219965.5102894
328.0	0.1609375	1.13781081989	0.113709151143	0	1510219966.4322066
328.5	0.159375	1.24487920168	0.0662912607362	0	1510219967.4281175
329.0	0.1578125	1.36032813848	0.151813219854	0	1510219968.4238758
329.5	0.159375	1.36209729381	0.0632642061138	0	1510219969.4396296
330.0	0.153125	1.34149556646	0.159358989102	0	1510219970.4286513
330.5	0.1578125	1.32916747374	0.219417401618	0	1510219971.4244907
331.0	0.159375	1.48787882873	0.161106654274	0	1510219972.4412177
331.5	0.1625	1.46032813848	0.063441659679	0	1510219973.4361904
332.0	0.153125	0.634225421832	0.0772159569605	0	1510219974.5078342
332.5	0.1578125	1.68956630557	0.985597605153	0	1510219975.5678043
332.5	0.153125	1.71324147972	0.236250632062	0	1510219976.4394534
333.5	0.1546875	1.56254314064	0.31768653048	0	1510219977.4356594
333.5	0.153125	0.944430443548	0.0833915747742	0	1510219978.5042863
334.5	0.1546875	0.857057538827	0.91776265681	0	1510219979.4282045
334.5	0.1578125	1.75239415323	0.191658666549	0	1510219980.4360514
335.5	0.159375	1.81181649051	0.374553707769	0	1510219981.432038
335.5	0.153125	1.97546353091	0.176801794305	0	1510219982.4346645
336.5	0.1578125	2.3300336522	0.126077041641	0	1510219983.4316282
336.5	0.1546875	2.24127076143	0.213319261532	0	1510219984.4430804
337.0	0.153125	2.14573641957	0.473496684201	0	1510219985.4401112
337.5	0.159375	2.33848010138	0.30023165254	0	1510219986.4357967
338.5	0.159375	2.2467355643	0.09068484614	0	1510219987.4317076
338.5	0.153125	0.906677350427	0.0976805311107	0	1510219988.4987483
339.0	0.153125	0.840673769508	1.47902977702	0	1510219989.576744
339.5	0.153125	2.33285637973	0.262822058345	0	1510219990.4320757
340.0	0.153125	2.78067966598	0.106731128288	0	1510219991.4282346
340.5	0.1578125	1.39623201246	0.130690411568	0	1510219992.5031714
341.0	0.26875	4.44022930969	1.72628912873	0	1510219993.5770028
341.5	0.159375	1.30974313114	0.14573278978	0	1510219994.509865
342.0	0.15625	2.12519100809	1.11483120168	0	1510219995.4319093
342.5	0.159375	3.01768206522	0.336952926381	0	1510219996.4302652
343.0	0.153125	2.14346958585	1.25515557301	0	1510219997.440131
343.5	0.1578125	2.9527798913	0.287973572257	0	1510219998.4349635
344.0	0.153125	2.28183803763	0.94531169003	0	1510219999.4322007
344.5	0.159375	1.31594422043	0.1401785711	0	1510220000.427092
345.0	0.159375	0.332140949328	0.094788617939	0	1510220001.5188127
345.5	0.159375	0.274900585234	0.0335052914391	0	1510220002.4947393
346.0	0.1625	0.0235996642247	0.0150266971745	0	1510220003.567059
346.5	0.1578125	0.00474320818071	0.00168531137283	0	1510220004.5803452
347.0	0.2703125	0.00468142162471	0.00306422772047	0	1510220005.5141652
347.5	0.1578125	0.000997767073385	0.00109287127442	0	1510220006.5081997
348.0	0.1578125	0.00403201844262	0.0061078993961	0	1510220007.4968858
348.5	0.159375	0.000685791818025	0.000954710369987	0	1510220008.5148513
349.0	0.159375	0.00157532149754	0.00221720780418	0	1510220009.4342952
349.5	0.1546875	0.00115198165379	0.0018438705924	0	1510220010.4233925
350.0	0.1546875	0.00456863239247	0.00598490901962	0	1510220011.500969
350.5	0.159375	0.000465468559219	0.00270623413037	0	1510220012.5121286
351.0	0.1609375	0.00194628195455	0.00214111232945	0	1510220013.4920228
351.5	0.1609375	0.00168348097113	0.00253376932241	0	1510220014.502936
352.0	0.1640625	0.00238679029304	0.00221815907169	0	1510220015.4388025
352.0	0.159375	0.00943176437672	0.0128031262686	0	1510220016.5755062
353.0	0.159375	0.11107244695	0.00620397740263	0	1510220017.567928
353.0	0.1546875	0.0161748140857	0.0526228537582	0	1510220018.5037694
354.0	0.15625	0.278746639785	0.0370502300614	0	1510220019.5771508
354.0	0.159375	0.0663254310345	0.137693086782	0	1510220020.431954
354.5	0.153125	0.433187284297	0.0517589041479	0	1510220021.4287596
355.0	0.2703125	1.30200504246	0.0112016708823	0	1510220022.580718
355.5	0.159375	4.69307880435	0.455369209271	0	1510220023.5145772
356.0	0.1546875	2.32831521739	0.145529560858	0	1510220024.4283962
356.5	0.153125	2.25404456654	0.30515110663	0	1510220025.4227338
357.0	0.159375	1.25149756852	1.05192297697	0	1510220026.4411232
357.5	0.1546875	1.97286626344	0.214329046011	0	1510220027.440433
358.0	0.1546875	1.94335054348	0.649223664794	0	1510220028.4366071
358.5	0.1546875	0.956991847826	0.10784579874	0	1510220029.503108
