
#$Filter:op09
#$	0	1	 1
#$	1	op06	0.251188643150958
#$	2	op09	0.12848931924611138
#$	3	op18*op18*op18	3.9810717055349725e-06
#$	4	ns12	1e-7
#$	5	0	 1e-22
#$POWER:52, mW
#$WAVELENGTH:532,nm
#$OBJECT:ZnO1, on wires	=	=	=	=	=	=	=	=	=	=	=
angle	ref	signal	signal_std	filter	Time	freq	duty_cycle
331.5	0.185416620313	0.268060499995	0.0679533856531	2	1510575450.7542849	47.0804597701	0.528805496829
331.5	0.185416620313	0.200860293923	0.113317065511	2	1510575451.2087178	47.0804597701	0.52299154334
331.0	0.185416620313	0.274294032228	0.0699742116691	2	1510575452.0025818	47.0804597701	0.528805496829
331.0	0.185416620313	0.280249217687	0.0619486223071	2	1510575452.783286	47.0804597701	0.517177589852
331.0	0.185416620313	0.272109445184	0.0632999099714	2	1510575453.7431085	47.0804597701	0.52299154334
331.0	0.185416620313	0.255149152737	0.0554671477133	2	1510575454.7400763	47.0804597701	0.517177589852
330.5	0.187499953125	0.266574063008	0.0658552873691	2	1510575455.7370923	47.0804597701	0.528805496829
330.5	0.185416620313	0.286284442234	0.0698736745415	2	1510575456.7519968	47.3526011561	0.526030655391

#$Filter:op09
#$	0	1	 1
#$	1	op06	0.251188643150958
#$	2	op09	0.12848931924611138
#$	3	op18*op18*op18	3.9810717055349725e-06
#$	4	ns12	1e-7
#$	5	0	 1e-22
#$POWER:52, mW
#$WAVELENGTH:532,nm
#$OBJECT:ZnO1, on wires	=	=	=	=	=	=	=	=	=	=	=
angle	ref	signal	signal_std	filter	Time	freq	duty_cycle
330.0	0.185416620313	0.262579924598	0.0703851519231	2	1510575466.2840066	47.6279069767	0.558139534884
330.0	0.185416620313	0.257989963993	0.055501982917	2	1510575467.1182542	47.6279069767	0.511627906977
330.0	0.185416620313	0.260056202792	0.0545600413438	2	1510575467.8797932	47.6279069767	0.511627906977
330.0	0.187499953125	0.231120002357	0.083994168512	2	1510575468.2961285	47.3526011561	0.526030655391
329.5	0.185416620313	0.245944239774	0.0629097137773	2	1510575469.0546403	47.3526011561	0.531844608879
329.5	0.185416620313	0.242274349195	0.0578642926386	2	1510575469.8473697	47.0804597701	0.52299154334
329.5	0.185416620313	0.18897546822	0.0913090175602	2	1510575470.2928467	47.0804597701	0.528805496829
329.5	0.185416620313	0.242290785744	0.0561070874731	2	1510575471.0807421	47.0804597701	0.52299154334
329.0	0.187499953125	0.256304957933	0.0621545686508	2	1510575471.8411996	47.0804597701	0.528805496829
329.0	0.187499953125	0.238914470186	0.069276736165	2	1510575472.2923963	47.0804597701	0.517177589852
329.0	0.187499953125	0.254590070946	0.0668086338239	2	1510575473.0493257	47.0804597701	0.528805496829
329.0	0.187499953125	0.258236253423	0.0599666366885	2	1510575473.8081908	47.2615384615	0.523079633545
329.0	0.187499953125	0.244931243338	0.0592247612818	2	1510575474.2941992	46.9007633588	0.549682875264
328.5	0.185416620313	0.248244744764	0.0577891607466	2	1510575475.0545604	46.5454545455	0.545454545455

#$Filter:op09
#$	0	1	 1
#$	1	op06	0.251188643150958
#$	2	op09	0.02848931924611138
#$	3	op18*op18*op18	3.9810717055349725e-06
#$	4	ns12	1e-7
#$	5	0	 1e-22
#$POWER:52, mW
#$WAVELENGTH:532,nm
#$OBJECT:ZnO1, on wires	=	=	=	=	=	=	=	=	=	=	=
angle	ref	signal	signal_std	filter	Time	freq	duty_cycle
0.5	0.187499953125	0.00139209147415	0.00152545816736	2	1510577036.1180356	47.9064327485	0.555509413068
1.0	0.189583285938	0.00169826756607	0.00148235620621	2	1510577036.881903	47.6279069767	0.552325581395
1.5	0.189583285938	0.00161565681258	0.00139418659509	2	1510577037.6452973	47.6279069767	0.558139534884
1.5	0.189583285938	0.00135469267373	0.00171319566477	2	1510577038.1136255	47.6279069767	0.53488372093
2.0	0.189583285938	0.00116301491533	0.00146280450033	2	1510577038.869225	47.6279069767	0.558139534884
2.5	0.187499953125	0.00106094106901	0.00127749286348	2	1510577039.6404233	47.9064327485	0.549695459579
2.5	0.185416620313	0.00115158619844	0.00143124716417	2	1510577040.1153011	47.9064327485	0.555509413068
3.0	0.185416620313	0.00180128214969	0.00158629126636	2	1510577040.8747866	47.9064327485	0.549695459579
3.5	0.185416620313	0.00139423042067	0.00131312035277	2	1510577041.6312459	47.9064327485	0.543881506091
3.5	0.187499953125	0.0010703985928	0.00129539242973	2	1510577042.1200426	47.9064327485	0.543881506091
4.0	0.187499953125	0.00149427383834	0.00159686892525	2	1510577042.8799531	47.9064327485	0.543881506091
4.5	0.185416620313	0.00137900867197	0.00139903732999	2	1510577043.643806	47.9064327485	0.549695459579
4.5	0.187499953125	0.00175035568777	0.00153359862475	2	1510577044.115298	48.1882352941	0.547065337763
5.0	0.185416620313	0.00181991106204	0.00174361840467	2	1510577044.8837419	48.1882352941	0.547065337763
5.5	0.185416620313	0.00164095355585	0.00158337645103	2	1510577045.6485133	48.4733727811	0.550249169435
5.5	0.185416620313	0.0014690519259	0.00172402539749	2	1510577046.1164155	48.1882352941	0.547065337763
6.0	0.185416620313	0.00303426294692	0.00176469154668	2	1510577046.8743963	47.9064327485	0.555509413068
6.0	0.185416620313	0.00669398622812	0.00305383487295	2	1510577047.6303492	47.9064327485	0.549695459579
6.5	0.189583285938	0.00789604503454	0.00408731148517	2	1510577048.1131349	47.6279069767	0.550387596899
7.0	0.368749907812	0.026057121974	0.0133253388576	2	1510577048.951045	47.2615384615	0.623150105708
7.5	0.187499953125	0.0	0.0	2	1510577049.7730052	47.3526011561	0.520216701903
8.0	0.372916573438	nan	0.0214503801874	2	1510577050.6168838	nan	nan
8.0	0.187499953125	0.0	0.0	2	1510577051.1765423	47.0804597701	0.52299154334
8.5	0.368749907812	0.00651960621324	0.0	2	1510577051.9376824	47.2615384615	0.546159267089
9.0	0.368749907812	0.0548357735421	0.00326046322824	2	1510577052.7671216	47.6279069767	0.651162790698
9.5	0.187499953125	0.387554652583	0.00782984985896	2	1510577053.6868503	47.6279069767	0.517441860465
9.5	0.368749907812	0.104768348549	0.377192540056	2	1510577054.112191	nan	nan
10.0	0.185416620313	0.786086849683	0.0446184054584	2	1510577054.933074	47.6279069767	0.53488372093
10.5	0.0020833328125	0.000260491627953	0.000622852592211	2	1510577055.695084	nan	nan
10.5	0.185416620313	0.301509586458	0.772337092969	2	1510577056.1788568	48.1882352941	0.541251384275
11.0	0.368749907812	3.6339342767	0.984197133228	2	1510577056.93582	49.0538922156	0.556542294914
11.0	0.185416620313	1.53420995436	0.347922643894	2	1510577057.6906939	48.3779527559	0.519748984865
11.5	0.185416620313	1.23766756248	0.531403850696	2	1510577058.118789	48.4733727811	0.520764119601
12.0	0.185416620313	1.37142322657	0.314663252639	2	1510577058.8845022	48.3779527559	0.519748984865
12.0	0.185416620313	1.3630626743	0.299914037036	2	1510577059.6425557	48.1882352941	0.541251384275
12.5	0.187499953125	1.02295892793	0.483664093626	2	1510577060.1118832	48.0	0.53119232189
13.0	0.189583285938	1.29336985419	0.300400045687	2	1510577060.8761802	48.1882352941	0.547065337763
13.0	0.185416620313	1.25557850913	0.285179048476	2	1510577061.6320534	48.3779527559	0.519748984865
13.5	0.185416620313	0.750684669965	0.560598037341	2	1510577062.1149874	48.7619047619	0.52380952381
13.5	0.185416620313	1.23533367161	0.278562497741	2	1510577062.879869	48.7619047619	0.52380952381
14.0	0.185416620313	1.10037900302	0.243628734459	2	1510577063.636774	48.7619047619	0.52380952381
14.5	0.185416620313	0.920169148401	0.290386795038	2	1510577064.1197045	49.0538922156	0.520905923345
14.5	0.185416620313	1.02462812998	0.218046676493	2	1510577064.8845553	49.0538922156	0.520905923345
15.0	0.1833332875	0.972301177493	0.189693639737	2	1510577065.6405952	48.7619047619	0.511904761905
15.5	0.187499953125	0.268091289527	0.5319752913	2	1510577066.1224716	47.9064327485	0.543881506091
15.5	0.189583285938	0.911053609579	0.245071931493	2	1510577066.8893852	47.6279069767	0.558139534884
16.0	0.187499953125	0.894849862569	0.23801410764	2	1510577067.6451716	47.6279069767	0.53488372093
16.5	0.187499953125	0.916223061542	0.191732532278	2	1510577068.107072	47.6279069767	0.511627906977
16.5	0.189583285938	0.847750002839	0.228337497684	2	1510577068.8705206	47.6279069767	0.558139534884
17.0	0.189583285938	0.810691459714	0.198922903137	2	1510577069.6367562	47.6279069767	0.552325581395
17.5	0.185416620313	0.683445341959	0.258360352292	2	1510577070.1187854	48.1882352941	0.547065337763
17.5	0.187499953125	0.753498743249	0.183183616437	2	1510577070.8846538	48.1882352941	0.547065337763
18.0	0.185416620313	0.752116672668	0.174872335826	2	1510577071.6406784	48.3779527559	0.519748984865
18.0	0.185416620313	0.706284064141	0.233054333616	2	1510577072.11945	48.3779527559	0.52750092285
18.5	0.185416620313	0.748986907591	0.175958485697	2	1510577072.880517	48.3779527559	0.519748984865
19.0	0.185416620313	0.724057867419	0.1789422272	2	1510577073.6463985	48.1882352941	0.552879291251
19.5	0.187499953125	0.655099551325	0.183446343858	2	1510577074.1073067	48.1882352941	0.552879291251
19.5	0.185416620313	0.623571364395	0.155984406094	2	1510577074.8730364	48.1882352941	0.552879291251
20.0	0.185416620313	0.645303269879	0.148437218429	2	1510577075.6399388	47.9064327485	0.543881506091
20.0	0.185416620313	0.461521521697	0.253122556344	2	1510577076.1168451	48.4733727811	0.544435215947
20.5	0.368749907812	0.187197373836	0.0911673701879	2	1510577076.9468613	48.3779527559	0.551125876707
21.0	0.187499953125	0.609458500662	0.13039782852	2	1510577077.7146802	48.1882352941	0.541251384275
21.0	0.185416620313	0.364470860288	0.2665239191	2	1510577078.1215365	47.9064327485	0.543881506091
21.5	0.185416620313	0.552692169519	0.134852220242	2	1510577078.888371	47.9064327485	0.549695459579
22.0	0.187499953125	0.536131632349	0.130348191691	2	1510577079.6582482	48.1882352941	0.547065337763
22.0	0.185416620313	0.526526933895	0.128180798194	2	1510577080.115369	47.9064327485	0.549695459579
22.5	0.185416620313	0.548644449733	0.134022917071	2	1510577080.8811638	48.1882352941	0.547065337763
23.0	0.185416620313	0.475755178885	0.111611151477	2	1510577081.641067	48.3779527559	0.519748984865
23.0	0.185416620313	0.454565413424	0.189284060277	2	1510577082.1160684	48.4733727811	0.550249169435
23.5	0.187499953125	0.481109569975	0.105193307479	2	1510577082.8878582	48.1882352941	0.541251384275
24.0	0.185416620313	0.460166694809	0.100100016561	2	1510577083.6526992	48.4733727811	0.520764119601
24.0	0.185416620313	0.303988253627	0.212300122597	2	1510577084.112633	48.7619047619	0.505952380952
24.5	0.185416620313	0.453850188522	0.103976015655	2	1510577084.8684592	48.7619047619	0.52380952381
25.0	0.185416620313	0.409323244777	0.0879605520575	2	1510577085.635575	48.7619047619	0.517857142857
25.0	0.185416620313	0.414897796764	0.101856674088	2	1510577086.1164656	49.0538922156	0.520905923345
25.5	0.185416620313	0.418103417811	0.0915981996542	2	1510577086.8813746	49.152	0.543941153697
26.0	0.368749907812	0.00121078670886	0.107024111744	2	1510577087.695089	nan	nan
26.0	0.187499953125	0.0274262531663	0.0766526504025	2	1510577088.1160307	47.6279069767	0.529069767442
26.5	0.187499953125	0.420730135367	0.103903252142	2	1510577088.8868332	47.3526011561	0.526030655391
26.5	0.187499953125	0.392929032822	0.0851101241865	2	1510577089.6568003	47.0804597701	0.517177589852
27.0	0.187499953125	0.342503338445	0.138653831012	2	1510577090.1124535	47.0804597701	0.517177589852
27.5	0.187499953125	0.387629955113	0.0927832334229	2	1510577090.8777719	47.0804597701	0.528805496829
28.0	0.187499953125	0.375935818816	0.0838674856022	2	1510577091.631532	47.3526011561	0.520216701903
28.0	0.187499953125	0.360029585276	0.0819098633517	2	1510577092.116423	47.3526011561	0.520216701903
28.5	0.187499953125	0.365823738076	0.0897440091445	2	1510577092.8803458	47.0804597701	0.528805496829
29.0	0.187499953125	0.362704991357	0.0870570065466	2	1510577093.6399221	47.0804597701	0.52299154334
29.0	0.187499953125	0.323769426861	0.118421985768	2	1510577094.1200197	47.0804597701	0.52299154334
29.5	0.187499953125	0.327389991199	0.0746804817713	2	1510577094.8862157	47.3526011561	0.520216701903
29.5	0.187499953125	0.324594756786	0.077907110785	2	1510577095.6444678	47.3526011561	0.520216701903
30.0	0.187499953125	0.241368782728	0.141247233317	2	1510577096.1115386	47.3526011561	0.531844608879
30.5	0.185416620313	0.322909463432	0.062771379464	2	1510577096.8767576	47.6279069767	0.511627906977
31.0	0.185416620313	0.314889104162	0.0639645669481	2	1510577097.6296291	47.6279069767	0.53488372093
31.0	0.189583285938	0.270017472587	0.0954980246217	2	1510577098.1155217	47.6279069767	0.558139534884
31.5	0.187499953125	0.304627770102	0.0785691258688	2	1510577098.8824542	47.9064327485	0.549695459579
31.5	0.185416620313	0.311927816785	0.0821222419879	2	1510577099.6502266	48.0	0.53119232189
32.0	0.185416620313	0.214228540372	0.123159799113	2	1510577100.1113622	48.4733727811	0.514811738649
32.5	0.1833332875	0.290308382988	0.0676239343479	2	1510577100.8761587	48.7619047619	0.52380952381
32.5	0.185416620313	0.278813922244	0.0654521224387	2	1510577101.6409833	48.7619047619	0.52380952381
33.0	0.185416620313	0.245824284244	0.096440232242	2	1510577102.1118274	48.7619047619	0.52380952381
33.5	0.185416620313	0.276695950299	0.0606250643906	2	1510577102.8799603	48.4733727811	0.520764119601
33.5	0.185416620313	0.28177414146	0.0692198351983	2	1510577103.6467242	48.4733727811	0.544435215947
34.0	0.185416620313	0.170606794955	0.125001703707	2	1510577104.1156175	47.9064327485	0.549695459579
34.5	0.189583285938	0.253890537452	0.0630255997272	2	1510577104.8806376	47.6279069767	0.558139534884
34.5	0.189583285938	0.261698101815	0.0713225032001	2	1510577105.6384377	47.6279069767	0.558139534884
35.0	0.189583285938	0.25533391383	0.069923598458	2	1510577106.1193182	47.6279069767	0.558139534884
35.0	0.189583285938	0.256557745596	0.0640925369116	2	1510577106.8862352	48.0	0.546880767811
35.5	0.187499953125	0.252585076833	0.0576368138322	2	1510577107.6442358	47.9064327485	0.543881506091
36.0	0.187499953125	0.162717195788	0.0990081531775	2	1510577108.111592	48.1882352941	0.547065337763
36.0	0.185416620313	0.231675155756	0.0591639085279	2	1510577108.868455	48.3779527559	0.52750092285
36.5	0.185416620313	0.231908875104	0.0568131168854	2	1510577109.6319292	48.4733727811	0.520764119601
37.0	0.185416620313	0.212751395963	0.0778655315764	2	1510577110.1143258	48.7619047619	0.52380952381
37.0	0.185416620313	0.251349520136	0.0604319306351	2	1510577110.8735743	48.7619047619	0.52380952381
37.5	0.185416620313	0.218051067144	0.0513313181261	2	1510577111.6304507	48.7619047619	0.52380952381
38.0	0.185416620313	0.216373554148	0.0548453163544	2	1510577112.1184576	49.0538922156	0.514953542393
38.0	0.185416620313	0.213209097869	0.0476089012394	2	1510577112.8832717	49.0538922156	0.520905923345
38.5	0.187499953125	0.220777794176	0.0556874921401	2	1510577113.6493032	48.7619047619	0.547619047619
38.5	0.185416620313	0.0296494703195	0.116476570426	2	1510577114.1200871	48.4733727811	0.520764119601
39.0	0.185416620313	0.21345365034	0.0528670327966	2	1510577114.883851	48.3779527559	0.52750092285
39.5	0.187499953125	0.203769179827	0.051030576202	2	1510577115.645951	48.1882352941	0.552879291251
40.0	0.187499953125	0.193757786318	0.0514456199161	2	1510577116.1147995	47.9064327485	0.549695459579
40.0	0.185416620313	0.196710420908	0.0485473067649	2	1510577116.8836682	47.9064327485	0.549695459579
40.5	0.185416620313	0.188318163273	0.0472440090836	2	1510577117.6495805	47.9064327485	0.549695459579
41.0	0.187499953125	0.169976809358	0.0620040578946	2	1510577118.117621	48.1882352941	0.547065337763
41.0	0.187499953125	0.190602902731	0.0458548657154	2	1510577118.8843615	47.9064327485	0.543881506091
41.5	0.185416620313	0.185854654391	0.0471798915074	2	1510577119.6372693	48.1882352941	0.547065337763
41.5	0.187499953125	0.183033128249	0.063371174889	2	1510577120.1201782	48.4733727811	0.544435215947
42.0	0.185416620313	0.184539127654	0.0468628106311	2	1510577120.8811913	48.1882352941	0.552879291251
42.5	0.185416620313	0.18165380074	0.0450846992988	2	1510577121.6449885	47.9064327485	0.549695459579
43.0	0.185416620313	0.185094683071	0.0495839438906	2	1510577122.1148665	48.1882352941	0.547065337763
43.0	0.185416620313	0.178069043802	0.0458971834687	2	1510577122.8823624	48.1882352941	0.547065337763
43.5	0.185416620313	0.171107150955	0.0444698798738	2	1510577123.6485348	48.1882352941	0.552879291251
43.5	0.185416620313	0.181194475015	0.0452182817118	2	1510577124.1165676	47.9064327485	0.543881506091
44.0	0.187499953125	0.174744258308	0.0445164845897	2	1510577124.8775954	47.9064327485	0.549695459579
44.5	0.187499953125	0.168430021238	0.0432829996658	2	1510577125.640394	47.9064327485	0.549695459579
44.5	0.187499953125	0.162529873897	0.0385540102291	2	1510577126.121257	47.9064327485	0.549695459579
45.0	0.185416620313	0.16001349276	0.0393852005187	2	1510577126.8922787	47.9064327485	0.549695459579
45.5	0.187499953125	0.173607144294	0.0424494993125	2	1510577127.6580143	47.6279069767	0.552325581395
45.5	0.187499953125	0.146043495399	0.0411467126026	2	1510577128.1165407	47.6279069767	0.558139534884
46.0	0.185416620313	0.157893479045	0.0339789790474	2	1510577128.8838875	47.6279069767	0.511627906977
46.5	0.185416620313	0.158802676729	0.0349310717542	2	1510577129.6487615	47.6279069767	0.517441860465
46.5	0.189583285938	0.128083940699	0.0558863488485	2	1510577130.1158028	47.6279069767	0.53488372093
47.0	0.189583285938	0.155483924474	0.0440181267414	2	1510577130.8755634	47.6279069767	0.558139534884
47.5	0.19166661875	0.139920933407	0.0369487431072	2	1510577131.633444	47.6279069767	0.558139534884
47.5	0.189583285938	0.143249764108	0.0385580263561	2	1510577132.112932	47.6279069767	0.558139534884
48.0	0.189583285938	0.134511707495	0.0381878686765	2	1510577132.87925	47.6279069767	0.558139534884
48.5	0.187499953125	0.145378823274	0.0383962800278	2	1510577133.6382105	47.3526011561	0.531844608879
48.5	0.185416620313	0.140464984397	0.0400040131728	2	1510577134.116625	47.6279069767	0.558139534884
49.0	0.19166661875	0.14150032075	0.0340275409846	2	1510577134.8829255	47.6279069767	0.550387596899
49.5	0.187499953125	0.148575203903	0.0414038921153	2	1510577135.6529367	47.6279069767	0.558139534884
49.5	0.189583285938	0.129085904339	0.0412621931414	2	1510577136.1076374	47.6279069767	0.542635658915
49.5	0.189583285938	0.128590675183	0.0360012763152	2	1510577136.8757477	47.6279069767	0.558139534884
50.0	0.19166661875	0.136548346085	0.0280490880325	2	1510577137.645111	47.6279069767	0.53488372093
50.0	0.189583285938	0.116438258405	0.0535033595852	2	1510577138.1135626	47.6279069767	0.558139534884
50.0	0.189583285938	0.128470042338	0.0358631219482	2	1510577138.8804445	47.6279069767	0.558139534884
49.5	0.189583285938	0.130097006291	0.0357333920587	2	1510577139.637235	47.6279069767	0.558139534884
49.5	0.185416620313	0.132246871007	0.0428062126971	2	1510577140.116713	47.6279069767	0.552325581395
50.0	0.185416620313	0.13122071992	0.03383012618	2	1510577140.8838167	47.9064327485	0.549695459579
50.0	0.19166661875	0.129742132807	0.0307016747347	2	1510577141.6529279	47.6279069767	0.542635658915
50.5	0.185416620313	0.119911294808	0.0344404987893	2	1510577142.116595	47.6279069767	0.511627906977
51.0	0.187499953125	0.120086847274	0.0334848443632	2	1510577142.8737378	47.6279069767	0.53488372093
51.0	0.187499953125	0.130127018289	0.033320891241	2	1510577143.630645	47.6279069767	0.523255813953
51.5	0.187499953125	0.112082304913	0.0350816136161	2	1510577144.1135511	47.3526011561	0.520216701903
52.0	0.187499953125	0.123206611897	0.0294756374776	2	1510577144.8824887	47.3526011561	0.514402748414
52.0	0.185416620313	0.126626392845	0.0273425363953	2	1510577145.648424	47.6279069767	0.511627906977
52.5	0.185416620313	0.1161662815	0.0280360394023	2	1510577146.1168163	47.6279069767	0.53488372093
53.0	0.189583285938	0.121543587061	0.0319147923593	2	1510577146.88325	48.0	0.554632705795
53.0	0.187499953125	0.112197265398	0.0282403519548	2	1510577147.6526997	47.9064327485	0.549695459579
53.5	0.187499953125	0.102668253166	0.0393732324972	2	1510577148.1209488	47.9064327485	0.555509413068
54.0	0.185416620313	0.11554021328	0.0302144954177	2	1510577148.8868315	47.9064327485	0.549695459579
54.0	0.185416620313	0.113649801085	0.0271587812716	2	1510577149.6576774	48.1882352941	0.541251384275
54.5	0.185416620313	0.0899996179948	0.0463739976605	2	1510577150.1136453	48.4733727811	0.52657807309
55.0	0.185416620313	0.109108099445	0.0264936700582	2	1510577150.8825834	48.4733727811	0.520764119601
55.0	0.1833332875	0.109537128973	0.0235066821246	2	1510577151.6492805	48.7619047619	0.517857142857
55.5	0.185416620313	0.0938204893654	0.0260245468233	2	1510577152.11734	48.7619047619	0.5
56.0	0.185416620313	0.104834953745	0.0246385607539	2	1510577152.8760872	48.4733727811	0.514811738649
56.0	0.368749907812	0.0280374579766	0.0233194796214	2	1510577153.712959	48.0	0.695275009228
56.5	0.189583285938	0.014433269701	0.0270986055115	2	1510577154.1219976	47.6279069767	0.558139534884
56.5	0.187499953125	0.0969347552623	0.0267986889899	2	1510577154.886584	48.0	0.554632705795
57.0	0.187499953125	0.103321302701	0.0252226455959	2	1510577155.6554823	47.3526011561	0.52022299406
57.5	0.187499953125	0.105610967995	0.0275926735261	2	1510577156.1237426	47.6279069767	0.523255813953
57.5	0.187499953125	0.103666284625	0.0224849044393	2	1510577156.8885698	47.6279069767	0.511627906977
58.0	0.185416620313	0.10549694656	0.0215363792452	2	1510577157.6494803	47.6279069767	0.511627906977
58.0	0.187499953125	0.0904418252466	0.0310770897948	2	1510577158.1162999	47.6279069767	0.517441860465
58.5	0.187499953125	0.0920918137117	0.0232243779058	2	1510577158.881439	47.3526011561	0.520216701903
59.0	0.187499953125	0.0944365010007	0.0237386248264	2	1510577159.638247	47.3526011561	0.520216701903
59.0	0.187499953125	0.0856270829703	0.0285909617555	2	1510577160.1202154	47.3526011561	0.520216701903
59.5	0.185416620313	0.0973361552585	0.0242388585069	2	1510577160.885031	47.3526011561	0.520216701903
60.0	0.187499953125	0.0969024867788	0.0258340306572	2	1510577161.6445887	47.0804597701	0.528805496829
60.0	0.187499953125	0.0907432109324	0.0271358807302	2	1510577162.1219873	47.0804597701	0.517177589852
60.5	0.187499953125	0.0913586183402	0.0239542446197	2	1510577162.8886762	47.0804597701	0.528805496829
61.0	0.187499953125	0.0903438164454	0.0224222927648	2	1510577163.6467528	47.0804597701	0.517177589852
61.0	0.189583285938	0.0681999915102	0.0371625886224	2	1510577164.1154838	47.2615384615	0.523079633545
61.5	0.187499953125	0.0883930898118	0.0225823340449	2	1510577164.8844202	46.9007633588	0.519027484144
62.0	0.187499953125	0.0854120085505	0.0209377716012	2	1510577165.653408	46.9007633588	0.526779422128
62.0	0.187499953125	0.0874924751257	0.0242670617566	2	1510577166.1171832	47.0804597701	0.528805496829
62.5	0.187499953125	0.0887642335112	0.0239026121175	2	1510577166.8766663	47.3526011561	0.526030655391
63.0	0.187499953125	0.0849062448238	0.0203567787976	2	1510577167.6419294	47.3526011561	0.520216701903
63.0	0.189583285938	0.0804033912637	0.0215094975329	2	1510577168.123928	47.3526011561	0.526030655391
63.5	0.187499953125	0.0739045433486	0.0240393337674	2	1510577168.9019818	46.5454545455	0.528159501997
64.0	0.187499953125	0.0760947920817	0.0182989723158	2	1510577169.6765292	47.0804597701	0.52299154334
63.5	0.187499953125	0.0774859750263	0.0202311225265	2	1510577170.1245668	47.0804597701	0.52299154334
63.5	0.187499953125	0.0805874577393	0.0198115592802	2	1510577170.8935902	47.3526011561	0.520216701903
64.0	0.187499953125	0.0767726039454	0.0202339658876	2	1510577171.6484904	47.3526011561	0.531844608879
64.0	0.187499953125	0.06988918821	0.0203141843468	2	1510577172.1173918	47.3526011561	0.526030655391
64.5	0.187499953125	0.0691338862779	0.0181858533499	2	1510577172.8762655	47.0804597701	0.52299154334
