
#$Filter:1
#$	0	1	 1
#$	1	op06	0.251188643150958
#$	2	op09	0.02848931924611138
#$	3	op18*op18*op18	3.9810717055349725e-06
#$	4	ns12	1e-7
#$	5	0	 1e-22
#$POWER:46.8, mW
#$WAVELENGTH:532,nm
#$OBJECT:cSi, bscat
angle	ref	signal	signal_std	filter	Time	freq	duty_cycle
280.0	0.17499995625	0.113794239259	0.0287806960723	0	1510668661.2291574	56.2637362637	0.543993993994
279.0	0.17499995625	0.119612815235	0.0294815358397	0	1510668662.0934603	56.2637362637	0.543993993994

#$Filter:1
#$	0	1	 1
#$	1	op06	0.251188643150958
#$	2	op09	0.02848931924611138
#$	3	op18*op18*op18	3.9810717055349725e-06
#$	4	ns12	1e-7
#$	5	0	 1e-22
#$POWER:46.8, mW
#$WAVELENGTH:532,nm
#$OBJECT:cSi, bscat
angle	ref	signal	signal_std	filter	Time	freq	duty_cycle
278.0	0.17499995625	0.129020325888	0.0311981392411	0	1510668668.6905546	56.2637362637	0.543993993994
278.0	0.17499995625	0.133550403325	0.0377432178139	0	1510668669.149915	56.2637362637	0.54954954955
277.5	0.17499995625	0.138200245562	0.0344119281798	0	1510668669.9288137	56.2637362637	0.543993993994
277.0	0.17499995625	0.143307287102	0.03345665726	0	1510668670.721149	56.2637362637	0.543993993994
276.5	0.17499995625	0.144496512495	0.0348703549062	0	1510668671.154042	56.2637362637	0.543993993994
276.5	0.17499995625	0.14564590431	0.0368777002895	0	1510668671.9460385	56.2637362637	0.54954954955
276.0	0.17499995625	0.148807952489	0.0444878149282	0	1510668672.7256863	55.956284153	0.546546546547
275.5	0.177083289063	0.13877922701	0.0474108459164	0	1510668673.1583161	56.2637362637	0.543993993994
275.0	0.17499995625	0.148443906188	0.0413430472261	0	1510668673.9747844	56.2637362637	0.54954954955
274.5	0.177083289063	0.157612360368	0.0384288167001	0	1510668674.7735224	55.956284153	0.546546546547
274.0	0.179166621875	0.154500426724	0.0391051945044	0	1510668675.690514	56.1095890411	0.548048048048
274.0	0.17499995625	0.126003971598	0.0661618704508	0	1510668676.157394	56.1095890411	0.554804804805
273.5	0.172916623438	0.187774179698	0.04706581118	0	1510668676.922072	56.1095890411	0.554804804805
273.0	0.17499995625	0.201419265224	0.0477128573168	0	1510668677.7036245	55.7278911565	0.551051051051

#$Filter:1
#$	0	1	 1
#$	1	op06	0.251188643150958
#$	2	op09	0.02848931924611138
#$	3	op18*op18*op18	3.9810717055349725e-06
#$	4	ns12	1e-7
#$	5	0	 1e-22
#$POWER:46.8, mW
#$WAVELENGTH:532,nm
#$OBJECT:cSi, bscat
angle	ref	signal	signal_std	filter	Time	freq	duty_cycle
272.5	0.172916623438	0.231154904196	0.0527576992149	0	1510668680.1946714	55.7278911565	0.51707957958
272.0	0.172916623438	0.230752197467	0.0561685628938	0	1510668680.9756203	56.5745856354	0.546996996997
271.5	0.17499995625	0.236383244226	0.0577062377384	0	1510668681.7624707	56.4965517241	0.544857357357
271.5	0.172916623438	0.163248974767	0.100975834238	0	1510668682.1943922	56.8888888889	0.513888888889
271.0	0.172916623438	0.254458719128	0.0573084265634	0	1510668682.9603846	56.5745856354	0.513813813814
270.5	0.172916623438	0.261843119211	0.0607260329848	0	1510668683.75028	56.8888888889	0.520833333333
270.5	0.172916623438	0.243997802248	0.0773763014624	0	1510668684.197632	56.4965517241	0.544857357357
270.0	0.172916623438	0.25237930403	0.0640823732436	0	1510668684.963027	56.4965517241	0.524211711712
269.5	0.172916623438	0.261820912936	0.0635685260218	0	1510668685.7438679	56.8888888889	0.520833333333
269.0	0.172916623438	0.234724125249	0.102649513833	0	1510668686.1903462	56.4965517241	0.510322822823
268.5	0.172916623438	0.294110751215	0.0749890815409	0	1510668686.9706662	56.4965517241	0.524211711712
268.5	0.172916623438	0.27806839764	0.06309166074	0	1510668687.7626283	56.4965517241	0.524211711712
268.0	0.172916623438	0.289795845918	0.070480309947	0	1510668688.194497	56.8888888889	0.520833333333
267.5	0.172916623438	0.289650787931	0.0685471002464	0	1510668688.9859898	56.4965517241	0.544857357357
267.0	0.172916623438	0.293326007101	0.0694379114281	0	1510668689.774252	56.4965517241	0.517267267267
267.0	0.172916623438	0.254479049546	0.0788541159417	0	1510668690.1972706	56.8888888889	0.548611111111
266.5	0.172916623438	0.262182307404	0.0646528592689	0	1510668690.962608	56.8888888889	0.520833333333
266.0	0.172916623438	0.251141675106	0.0546350771379	0	1510668691.7379048	56.4965517241	0.517267267267
266.0	0.172916623438	0.249729578611	0.0716761024793	0	1510668692.2008243	56.4965517241	0.544857357357
265.5	0.172916623438	0.255942312965	0.0613345090976	0	1510668692.9657388	56.4965517241	0.524211711712
265.0	0.172916623438	0.272575211968	0.0646399634814	0	1510668693.7476816	56.5745856354	0.546996996997
264.5	0.172916623438	0.267864846291	0.070789667643	0	1510668694.194469	56.5745856354	0.541441441441
264.0	0.172916623438	0.270421431536	0.0669441012863	0	1510668694.985448	56.2637362637	0.54954954955
264.0	0.172916623438	0.296688070158	0.073475223115	0	1510668695.7752242	56.2637362637	0.54954954955
263.5	0.172916623438	0.274658544781	0.0774972631723	0	1510668696.1968246	56.2637362637	0.543993993994
263.0	0.17499995625	0.300836509425	0.0683332798294	0	1510668696.978824	55.956284153	0.546546546547
262.5	0.172916623438	0.272947860935	0.0664603292713	0	1510668697.7689881	56.2637362637	0.543993993994
262.5	0.172916623438	0.306990219371	0.0753872940827	0	1510668698.1990051	56.2637362637	0.543993993994
262.0	0.172916623438	0.318587355327	0.0938436551341	0	1510668698.9805195	56.5745856354	0.546996996997
261.5	0.172916623438	0.373631859373	0.0890254436018	0	1510668699.8206115	56.5745856354	0.546996996997

#$Filter:1
#$	0	1	 1
#$	1	op06	0.251188643150958
#$	2	op09	0.02848931924611138
#$	3	op18*op18*op18	3.9810717055349725e-06
#$	4	ns12	1e-7
#$	5	0	 1e-22
#$POWER:46.8, mW
#$WAVELENGTH:532,nm
#$OBJECT:cSi, bscat
angle	ref	signal	signal_std	filter	Time	freq	duty_cycle
261.0	0.172916623438	0.420643152142	0.101819414486	0	1510668712.1976821	56.2637362637	0.543993993994
260.5	0.360416576563	0.151378930409	0.0656813113117	0	1510668713.0567133	56.4965517241	0.593093093093
260.0	0.172916623438	0.541731557244	0.127756397068	0	1510668713.8495677	56.2637362637	0.543993993994
259.5	0.172916623438	0.624187272361	0.154350061869	0	1510668714.6915236	56.8888888889	0.527777777778
259.0	0.17499995625	0.621913610028	0.210679821323	0	1510668715.1954546	56.4965517241	0.517267267267
258.5	0.172916623438	0.790010074711	0.181912085412	0	1510668715.9853823	56.4965517241	0.510322822823
258.0	0.172916623438	1.77740551803	0.285260285126	0	1510668716.790122	56.4965517241	0.517267267267
258.0	0.172916623438	1.66963243573	0.378589119015	0	1510668717.2217216	56.4965517241	0.517267267267

#$Filter:1
#$	0	1	 1
#$	1	op06	0.251188643150958
#$	2	op09	0.02848931924611138
#$	3	op18*op18*op18	3.9810717055349725e-06
#$	4	ns12	1e-7
#$	5	0	 1e-22
#$POWER:46.8, mW
#$WAVELENGTH:532,nm
#$OBJECT:cSi, bscat
angle	ref	signal	signal_std	filter	Time	freq	duty_cycle
257.5	0.170833290625	6.69362955412	2.19845961648	0	1510668726.6904974	56.5745856354	0.513813813814
257.5	0.172916623438	6.79364587755	2.46152841936	0	1510668727.1325164	57.2067039106	0.502857142857

#$Filter:op09
#$	0	1	 1
#$	1	op06	0.251188643150958
#$	2	op09	0.02848931924611138
#$	3	op18*op18*op18	3.9810717055349725e-06
#$	4	ns12	1e-7
#$	5	0	 1e-22
#$POWER:46.8, mW
#$WAVELENGTH:532,nm
#$OBJECT:cSi, bscat
angle	ref	signal	signal_std	filter	Time	freq	duty_cycle
257.0	0.172916623438	5.3213045116	2.61948208316	2	1510668741.209477	56.2637362637	0.54954954955
257.0	0.177083289063	4.64323113211	3.15195991853	2	1510668742.0248437	56.1095890411	0.548048048048
257.0	0.177083289063	5.99392211263	3.37865114336	2	1510668742.791191	55.7278911565	0.551051051051

#$Filter:op09
#$	0	1	 1
#$	1	op06	0.251188643150958
#$	2	op09	0.02848931924611138
#$	3	op18*op18*op18	3.9810717055349725e-06
#$	4	ns12	1e-7
#$	5	0	 1e-22
#$POWER:46.8, mW
#$WAVELENGTH:532,nm
#$OBJECT:cSi, bscat
angle	ref	signal	signal_std	filter	Time	freq	duty_cycle
257.0	0.172916623438	10.6341259929	3.84847550555	2	1510668747.3305695	56.2637362637	0.543993993994
257.0	0.17499995625	9.05236868529	4.28050729862	2	1510668748.105346	56.2637362637	0.543993993994

#$Filter:op09
#$	0	1	 1
#$	1	op06	0.251188643150958
#$	2	op09	0.02848931924611138
#$	3	op18*op18*op18	3.9810717055349725e-06
#$	4	ns12	1e-7
#$	5	0	 1e-22
#$POWER:46.8, mW
#$WAVELENGTH:532,nm
#$OBJECT:cSi, bscat
angle	ref	signal	signal_std	filter	Time	freq	duty_cycle
257.0	0.172916623438	13.7501216125	3.29805272803	2	1510668774.2093527	56.2637362637	0.543993993994
257.0	0.172916623438	12.3014174929	2.88987360658	2	1510668774.988846	55.956284153	0.546546546547
257.0	0.172916623438	8.69284996764	2.13417706977	2	1510668775.7541244	55.956284153	0.546546546547
257.0	0.17499995625	6.48546756631	1.79873993762	2	1510668776.2119474	55.956284153	0.546546546547

#$Filter:op09
#$	0	1	 1
#$	1	op06	0.251188643150958
#$	2	op09	0.02848931924611138
#$	3	op18*op18*op18	3.9810717055349725e-06
#$	4	ns12	1e-7
#$	5	0	 1e-22
#$POWER:46.8, mW
#$WAVELENGTH:532,nm
#$OBJECT:cSi, bscat
angle	ref	signal	signal_std	filter	Time	freq	duty_cycle
256.5	0.172916623438	0.713597664436	0.287841981075	2	1510668780.2564287	56.4965517241	0.544857357357
256.5	0.35833324375	nan	0.0687334093353	2	1510668781.0503411	nan	nan

#$Filter:op09
#$	0	1	 1
#$	1	op06	0.251188643150958
#$	2	op09	0.02848931924611138
#$	3	op18*op18*op18	3.9810717055349725e-06
#$	4	ns12	1e-7
#$	5	0	 1e-22
#$POWER:46.8, mW
#$WAVELENGTH:532,nm
#$OBJECT:cSi, bscat
angle	ref	signal	signal_std	filter	Time	freq	duty_cycle
256.5	0.172916623438	0.519847809214	0.142374919574	2	1510668784.2649622	56.5745856354	0.546996996997
256.5	0.172916623438	1.22101200861	0.334742740715	2	1510668785.0458448	56.4965517241	0.524211711712

#$Filter:op09
#$	0	1	 1
#$	1	op06	0.251188643150958
#$	2	op09	0.02848931924611138
#$	3	op18*op18*op18	3.9810717055349725e-06
#$	4	ns12	1e-7
#$	5	0	 1e-22
#$POWER:46.8, mW
#$WAVELENGTH:532,nm
#$OBJECT:cSi, bscat
angle	ref	signal	signal_std	filter	Time	freq	duty_cycle
256.5	0.17499995625	5.18128092117	1.3576944502	2	1510668794.1940858	56.4965517241	0.524211711712
256.5	0.172916623438	6.97616372215	1.65463672215	2	1510668794.9542313	56.4965517241	0.517267267267

#$Filter:op09
#$	0	1	 1
#$	1	op06	0.251188643150958
#$	2	op09	0.02848931924611138
#$	3	op18*op18*op18	3.9810717055349725e-06
#$	4	ns12	1e-7
#$	5	0	 1e-22
#$POWER:46.8, mW
#$WAVELENGTH:532,nm
#$OBJECT:cSi, bscat
angle	ref	signal	signal_std	filter	Time	freq	duty_cycle
256.5	0.172916623438	12.1123279084	2.73414202381	2	1510668801.1993668	56.4965517241	0.510322822823
256.5	0.172916623438	14.046017781	3.52758779976	2	1510668801.970258	56.8888888889	0.527777777778
256.0	0.35833324375	16.3803562055	19.6034700559	2	1510668802.794071	57.4205607477	0.73835978836
256.0	0.172916623438	30.7046554808	20.863121119	2	1510668803.2099571	57.2067039106	0.508412698413
256.0	0.172916623438	18.4595200099	3.82466833351	2	1510668803.9688728	57.2067039106	0.508412698413

#$Filter:op09
#$	0	1	 1
#$	1	op06	0.251188643150958
#$	2	op09	0.02848931924611138
#$	3	op18*op18*op18	3.9810717055349725e-06
#$	4	ns12	1e-7
#$	5	0	 1e-22
#$POWER:46.8, mW
#$WAVELENGTH:532,nm
#$OBJECT:cSi, bscat
angle	ref	signal	signal_std	filter	Time	freq	duty_cycle
256.0	0.172916623438	20.4386703605	4.48866807618	2	1510668808.687184	57.2067039106	0.519523809524
256.0	0.172916623438	21.6462059963	4.46627954334	2	1510668809.6826632	57.2067039106	0.513968253968

#$Filter:op09
#$	0	1	 1
#$	1	op06	0.251188643150958
#$	2	op09	0.02848931924611138
#$	3	op18*op18*op18	3.9810717055349725e-06
#$	4	ns12	1e-7
#$	5	0	 1e-22
#$POWER:46.8, mW
#$WAVELENGTH:532,nm
#$OBJECT:cSi, bscat
angle	ref	signal	signal_std	filter	Time	freq	duty_cycle
256.0	0.172916623438	22.1877455435	5.30437211746	2	1510668814.2154024	56.8888888889	0.527777777778
256.0	0.172916623438	22.5746492183	4.95223877995	2	1510668814.9741752	56.8888888889	0.516666666667

#$Filter:op18*op18*op18
#$	0	1	 1
#$	1	op06	0.251188643150958
#$	2	op09	0.02848931924611138
#$	3	op18*op18*op18	3.9810717055349725e-06
#$	4	ns12	1e-7
#$	5	0	 1e-22
#$POWER:46.8, mW
#$WAVELENGTH:532,nm
#$OBJECT:cSi, bscat
angle	ref	signal	signal_std	filter	Time	freq	duty_cycle
255.5	0.172916623438	0.00319628356519	0.00212981868968	3	1510668824.6897247	56.4965517241	0.524211711712
255.5	0.172916623438	0.0028827741934	0.0021465042127	3	1510668825.6974518	56.8888888889	0.527777777778
255.5	0.172916623438	0.00222859087943	0.00173189861129	3	1510668826.6942778	56.4965517241	0.551801801802
255.5	0.17499995625	0.00191836686735	0.001652782899	3	1510668827.6891208	56.4965517241	0.517267267267
255.5	0.172916623438	0.00231002079002	0.00191863636994	3	1510668828.6786668	56.4965517241	0.544857357357
255.5	0.172916623438	0.00214771313829	0.00197215806544	3	1510668829.6919165	56.4965517241	0.544857357357
255.5	0.17499995625	0.00287965114083	0.00243920701053	3	1510668830.6944854	56.5745856354	0.546996996997
255.5	0.17499995625	0.00444862833962	0.00251092028905	3	1510668831.690553	56.2637362637	0.543993993994
255.0	0.0	0.0148620719018	0.0197889524326	3	1510668832.7654905	nan	nan

#$Filter:op18*op18*op18
#$	0	1	 1
#$	1	op06	0.251188643150958
#$	2	op09	0.02848931924611138
#$	3	op18*op18*op18	3.9810717055349725e-06
#$	4	ns12	1e-7
#$	5	0	 1e-22
#$POWER:46.8, mW
#$WAVELENGTH:532,nm
#$OBJECT:cSi, bscat
angle	ref	signal	signal_std	filter	Time	freq	duty_cycle
255.0	0.17499995625	0.134151240804	0.0363416527775	3	1510668962.2508159	56.4965517241	0.524211711712
255.0	0.172916623438	0.161269190452	0.0377861578984	3	1510668963.01055	56.5745856354	0.508258258258
255.0	0.17499995625	0.18866166752	0.0488470606018	3	1510668963.766683	56.8888888889	0.520833333333
255.0	0.172916623438	0.195056723945	0.0496621737433	3	1510668964.251474	56.4965517241	0.517267267267
255.0	0.172916623438	0.196676103466	0.0494104266355	3	1510668965.0204232	56.8888888889	0.527777777778
255.0	0.172916623438	0.175032469247	0.0441878235557	3	1510668965.7873344	56.8888888889	0.520833333333
255.0	0.17499995625	0.179943755129	0.0583569891235	3	1510668966.2467678	56.4965517241	0.551801801802
254.5	0.172916623438	0.262870696994	0.0642816921955	3	1510668967.0172374	56.4965517241	0.517267267267
254.5	0.17499995625	0.332842466581	0.0843114100615	3	1510668967.789972	56.4965517241	0.510322822823

#$Filter:op18*op18*op18
#$	0	1	 1
#$	1	op06	0.251188643150958
#$	2	op09	0.02848931924611138
#$	3	op18*op18*op18	3.9810717055349725e-06
#$	4	ns12	1e-7
#$	5	0	 1e-22
#$POWER:46.8, mW
#$WAVELENGTH:532,nm
#$OBJECT:cSi, bscat
angle	ref	signal	signal_std	filter	Time	freq	duty_cycle
254.5	0.17499995625	0.342787029149	0.0867909619045	3	1510668973.1913002	56.2637362637	0.543993993994
254.5	0.17499995625	0.300155434862	0.0699126686585	3	1510668973.9511976	56.2637362637	0.543993993994
254.5	0.17499995625	0.207299847946	0.0564925078985	3	1510668974.7174914	56.2637362637	0.54954954955
254.5	0.17499995625	0.135089001842	0.0629505508605	3	1510668975.1858115	56.2637362637	0.543993993994
254.5	0.177083289063	0.0534386814985	0.0223347248159	3	1510668976.0202894	56.1095890411	0.534159159159

#$Filter:op18*op18*op18
#$	0	1	 1
#$	1	op06	0.251188643150958
#$	2	op09	0.02848931924611138
#$	3	op18*op18*op18	3.9810717055349725e-06
#$	4	ns12	1e-7
#$	5	0	 1e-22
#$POWER:46.8, mW
#$WAVELENGTH:532,nm
#$OBJECT:cSi, bscat
angle	ref	signal	signal_std	filter	Time	freq	duty_cycle
254.5	0.172916623438	0.00281228591352	0.00210984110735	3	1510668990.7964835	57.2067039106	0.502857142857
254.5	0.172916623438	0.00172342454051	0.00155742408318	3	1510668991.2999833	56.8888888889	0.522222222222
254.5	0.172916623438	0.00115750257431	0.00140852746701	3	1510668992.0672474	56.8888888889	0.522222222222
254.5	0.172916623438	0.0011031927368	0.00141109913865	3	1510668992.825736	56.8888888889	0.522222222222
254.5	0.172916623438	0.000957780694898	0.00145118736519	3	1510668993.2927883	56.8888888889	0.527777777778
254.0	0.172916623438	0.000406350334592	0.00117161747291	3	1510668994.0621212	56.8888888889	0.527777777778
254.0	0.172916623438	0.000614620630457	0.00134450557466	3	1510668994.8519433	57.2067039106	0.513968253968
254.0	0.172916623438	0.000640742966962	0.00142247395337	3	1510668995.3009338	57.2067039106	0.519523809524
254.0	0.172916623438	0.000132202848102	0.00111439073679	3	1510668996.0615463	57.2067039106	0.519523809524
254.0	0.172916623438	0.000161414525473	0.00111465429791	3	1510668996.8194942	56.8888888889	0.516666666667
254.0	0.172916623438	0.000689565943311	0.00132545256912	3	1510668997.2974885	56.8888888889	0.527777777778
254.0	0.172916623438	0.000258472444565	0.00115762163771	3	1510668998.0593672	56.8888888889	0.527777777778
254.0	0.172916623438	0.000366744922559	0.00111171379983	3	1510668998.8252347	56.5745856354	0.508258258258
254.0	0.172916623438	6.08243145258e-05	0.00120947164185	3	1510668999.287278	56.4965517241	0.524211711712
254.0	0.172916623438	4.44730702105e-05	0.00115113307751	3	1510669000.0611522	56.4965517241	0.524211711712
254.0	0.17499995625	0.0002600039366	0.000945802137504	3	1510669000.8300655	56.4965517241	0.517267267267
253.5	0.172916623438	0.000345695570712	0.00128683388592	3	1510669001.2950928	56.5745856354	0.513813813814
253.5	0.172916623438	0.000264421644608	0.00115146016027	3	1510669002.076785	56.8888888889	0.5
253.5	0.172916623438	0.00013877406999	0.000984402164966	3	1510669002.8455389	56.8888888889	0.527777777778

#$Filter:op09
#$	0	1	 1
#$	1	op06	0.251188643150958
#$	2	op09	0.02848931924611138
#$	3	op18*op18*op18	3.9810717055349725e-06
#$	4	ns12	1e-7
#$	5	0	 1e-22
#$POWER:46.8, mW
#$WAVELENGTH:532,nm
#$OBJECT:cSi, bscat
angle	ref	signal	signal_std	filter	Time	freq	duty_cycle
253.5	0.177083289063	0.976815482087	0.254586672368	2	1510669023.2575624	55.956284153	0.524624624625
253.5	0.177083289063	0.910795583521	0.212348734066	2	1510669024.0259852	55.7278911565	0.51707957958
253.5	0.179166621875	0.839047042421	0.204550007878	2	1510669024.7913713	55.7278911565	0.523836336336
253.5	0.179166621875	0.779262625697	0.216229338303	2	1510669025.259335	55.956284153	0.519219219219
253.5	0.17499995625	0.688372335029	0.168375333313	2	1510669026.0787215	55.652173913	0.521771771772
253.5	0.0020833328125	0.00474806082849	0.00896723442583	2	1510669026.8421485	nan	nan
253.5	0.17499995625	0.0111546148283	0.315514338895	2	1510669027.3249142	55.652173913	0.516366366366
253.5	0.35833324375	0.194923224926	0.0838855468565	2	1510669028.0946891	55.8545454545	0.581831831832
253.0	0.177083289063	0.495456561635	0.117885311015	2	1510669028.8638244	55.7278911565	0.523836336336
253.0	0.179166621875	0.467240795134	0.114521888916	2	1510669029.2925987	55.7278911565	0.51707957958
253.0	0.179166621875	0.425680165689	0.0987466226496	2	1510669030.0614386	55.7278911565	0.523836336336
253.0	0.17499995625	0.426179380635	0.10647113983	2	1510669030.826475	55.652173913	0.516366366366
253.0	0.17499995625	0.423058873862	0.114373985861	2	1510669031.257417	55.652173913	0.521771771772
253.0	0.179166621875	0.379513437885	0.0882772978031	2	1510669032.0161219	56.1095890411	0.520645645646
253.0	0.179166621875	0.322621001966	0.0764583614724	2	1510669032.7872725	56.1095890411	0.520645645646
253.0	0.17499995625	0.277050093381	0.0867921259147	2	1510669033.2545831	55.652173913	0.521771771772
253.0	0.17499995625	0.229397774675	0.0554420262898	2	1510669034.0225935	55.652173913	0.516366366366
253.0	0.17499995625	0.138327181761	0.0340304148947	2	1510669034.7856698	55.3513513514	0.518918918919
252.5	0.17499995625	0.114047937019	0.032498837849	2	1510669035.2587492	55.652173913	0.527177177177
252.5	0.35833324375	0.0437492757145	0.016679562381	2	1510669036.1215863	55.7278911565	0.551051051051
252.5	0.17499995625	0.0919965671966	0.0247307459221	2	1510669036.8884695	55.652173913	0.527177177177
252.5	0.17499995625	0.0785214236157	0.0216093851619	2	1510669037.7543294	55.652173913	0.521771771772
252.5	0.17499995625	0.0757809643255	0.018912102232	2	1510669038.3059409	55.652173913	0.516366366366
252.5	0.35833324375	0.0176136319602	0.0189471094047	2	1510669039.0700102	nan	nan
252.5	0.177083289063	0.093744974563	0.026296106072	2	1510669039.8370047	55.652173913	0.527177177177
252.5	0.17499995625	0.11168693789	0.0336624006158	2	1510669040.2578483	55.652173913	0.516366366366
252.5	0.17499995625	0.181013665573	0.0455192108581	2	1510669041.019416	55.652173913	0.521771771772
252.5	0.177083289063	0.216785380277	0.0527872495913	2	1510669041.7837412	55.652173913	0.521771771772
252.0	0.17499995625	0.218143452867	0.0633971755911	2	1510669042.254567	55.652173913	0.527177177177
252.0	0.177083289063	0.26235285464	0.0623264647168	2	1510669043.0424213	55.956284153	0.519219219219
252.0	0.17499995625	0.316819422307	0.0805476448493	2	1510669043.7994642	55.652173913	0.521771771772
252.0	0.177083289063	0.329100167013	0.0837162300105	2	1510669044.258448	55.652173913	0.516366366366
252.0	0.17499995625	0.282651282614	0.0690282851619	2	1510669045.0249221	55.652173913	0.516366366366
252.0	0.17499995625	0.228081785415	0.0592896867554	2	1510669045.7830489	55.652173913	0.521771771772
252.0	0.179166621875	0.197181323254	0.0754927350032	2	1510669046.2610545	55.652173913	0.527177177177
252.0	0.179166621875	0.197204900841	0.0474930263778	2	1510669047.0269604	55.7278911565	0.51707957958
252.0	0.179166621875	0.13966583143	0.036928995397	2	1510669047.792897	55.7278911565	0.523836336336
252.0	0.179166621875	0.097111264896	0.0272862961194	2	1510669048.2547185	55.7278911565	0.523836336336

#$Filter:1
#$	0	1	 1
#$	1	op06	0.251188643150958
#$	2	op09	0.02848931924611138
#$	3	op18*op18*op18	3.9810717055349725e-06
#$	4	ns12	1e-7
#$	5	0	 1e-22
#$POWER:46.8, mW
#$WAVELENGTH:532,nm
#$OBJECT:cSi, bscat
angle	ref	signal	signal_std	filter	Time	freq	duty_cycle
252.0	0.172916623438	1.29929439306	0.305884456822	0	1510669144.193168	57.2867132867	0.545436507937
251.5	0.177083289063	1.20589205547	0.307682317144	0	1510669144.9610705	57.2867132867	0.552380952381
251.5	0.17499995625	0.706424508388	0.510456484579	0	1510669145.77649	57.5280898876	0.522380952381
251.5	0.17499995625	1.0810721587	0.28408847526	0	1510669146.1985567	57.2067039106	0.519523809524
251.5	0.17499995625	0.830384144398	0.408077829547	0	1510669147.0074058	57.2867132867	0.552380952381
251.5	0.172916623438	0.908174560606	0.226260147291	0	1510669147.766733	57.5280898876	0.522380952381
251.5	0.172916623438	0.802823396087	0.284254422804	0	1510669148.1865432	57.2067039106	0.519523809524
251.0	0.172916623438	0.797507635381	0.161535249284	0	1510669148.947629	57.2067039106	0.508412698413
251.0	0.172916623438	0.66866729982	0.152053529293	0	1510669149.7275257	57.5280898876	0.516825396825
251.0	0.172916623438	0.512930043836	0.262739862325	0	1510669150.191281	57.5280898876	0.516825396825
250.5	0.17499995625	0.510724385492	0.120263633463	0	1510669150.9497187	57.2067039106	0.519523809524
250.5	0.172916623438	0.512497008187	0.125109797017	0	1510669151.7309735	57.2067039106	0.519523809524
250.5	0.172916623438	0.455504290784	0.149045163096	0	1510669152.1855154	56.8888888889	0.5
250.0	0.170833290625	0.457788000799	0.111232320583	0	1510669152.942898	57.2067039106	0.519523809524
250.0	0.17499995625	0.446548470778	0.115075959419	0	1510669153.7332907	56.8888888889	0.527777777778
250.0	0.172916623438	0.397869048192	0.13872098369	0	1510669154.1826303	57.2067039106	0.519523809524
249.5	0.172916623438	0.376069551299	0.0959804340602	0	1510669154.9451177	56.8888888889	0.527777777778
249.5	0.172916623438	0.34822420266	0.0837103752198	0	1510669155.725981	57.2067039106	0.519523809524
249.5	0.17499995625	0.324509722794	0.0929989157674	0	1510669156.1920319	56.8888888889	0.520833333333
249.0	0.17499995625	0.331611941294	0.0772965576032	0	1510669156.9583619	56.5745856354	0.513813813814
249.0	0.172916623438	0.331992427332	0.0864054541801	0	1510669157.7416723	56.8888888889	0.527777777778
249.0	0.17499995625	0.3173949158	0.107424513169	0	1510669158.1940515	56.5745856354	0.513813813814
248.5	0.17499995625	0.326755620592	0.0784895421253	0	1510669158.962893	56.8888888889	0.522222222222
248.5	0.172916623438	0.317733311174	0.0787605126253	0	1510669159.74344	57.2067039106	0.525079365079
248.5	0.172916623438	0.319389124698	0.0833195372602	0	1510669160.18692	56.8888888889	0.527777777778
248.0	0.172916623438	0.323835576755	0.0830157894103	0	1510669160.9465337	56.8888888889	0.527777777778
248.0	0.17499995625	0.319101244199	0.0723614904411	0	1510669161.7364845	56.4965517241	0.510322822823
248.0	0.172916623438	0.260572995004	0.125347424199	0	1510669162.1904345	56.8888888889	0.527777777778
247.5	0.172916623438	0.30638766445	0.0792815299322	0	1510669162.957349	56.8888888889	0.527777777778
247.5	0.172916623438	0.30000638161	0.0786858719572	0	1510669163.74313	56.8888888889	0.527777777778
247.5	0.172916623438	0.287029740167	0.0760176369883	0	1510669164.220061	56.4965517241	0.524211711712
247.0	0.17499995625	0.287369876137	0.0700594992075	0	1510669164.9895883	56.4965517241	0.517267267267
247.0	0.172916623438	0.277746142685	0.0701238398351	0	1510669165.7789469	56.8888888889	0.527777777778
247.0	0.172916623438	0.283029801832	0.0850326265417	0	1510669166.1808395	56.8888888889	0.527777777778
246.5	0.17499995625	0.274721012185	0.0609953921878	0	1510669166.943817	56.8888888889	0.516666666667
246.5	0.17499995625	0.273284245404	0.0665571044788	0	1510669167.7244842	56.8888888889	0.527777777778
246.5	0.172916623438	0.254959331347	0.116717527153	0	1510669168.1825116	56.8888888889	0.527777777778
246.5	0.17499995625	0.27670911304	0.0636559056565	0	1510669168.9462879	56.8888888889	0.511111111111
246.0	0.172916623438	0.285816187729	0.0747901988306	0	1510669169.7072477	56.8888888889	0.527777777778
246.0	0.172916623438	0.28277303855	0.0708568418855	0	1510669170.1891894	56.8888888889	0.516666666667
245.5	0.172916623438	0.290351067868	0.0684391002194	0	1510669170.955287	57.2067039106	0.513968253968
245.5	0.172916623438	0.269302653763	0.0637269363709	0	1510669171.748977	57.2067039106	0.513968253968
245.5	0.172916623438	0.264203762002	0.0777997769743	0	1510669172.1829863	56.8888888889	0.527777777778
245.0	0.17499995625	0.264779794559	0.0599311544407	0	1510669172.9429755	57.2067039106	0.513968253968
245.0	0.172916623438	0.276815657087	0.0641206382773	0	1510669173.7226946	57.2067039106	0.513968253968
245.0	0.17499995625	0.260798599413	0.0741058317179	0	1510669174.1835415	57.2867132867	0.545436507937
244.5	0.172916623438	0.252705666436	0.0650101434217	0	1510669174.9486299	57.5280898876	0.550476190476
244.5	0.360416576563	0.0793366783331	0.0565408895927	0	1510669175.80029	56.8888888889	0.645833333333
244.5	0.172916623438	0.100232649627	0.0533880427079	0	1510669176.2223122	57.2067039106	0.519523809524
244.0	0.177083289063	0.262276999958	0.0622624102329	0	1510669176.9891937	57.2867132867	0.545436507937
244.0	0.17499995625	0.26245035669	0.0671059972396	0	1510669177.7820494	57.5280898876	0.550476190476
244.0	0.17499995625	0.259912264532	0.0653391273927	0	1510669178.1890252	57.2867132867	0.552380952381
244.0	0.177083289063	0.268238818976	0.0665339530936	0	1510669178.9558463	57.2867132867	0.552380952381
243.5	0.172916623438	0.263645927925	0.0587529836128	0	1510669179.7148118	57.2067039106	0.513968253968
243.5	0.172916623438	0.185969341263	0.105270139081	0	1510669180.1828282	57.2067039106	0.513968253968
243.5	0.17499995625	0.231642599152	0.0590651153316	0	1510669180.9465787	57.2867132867	0.545436507937
243.0	0.179166621875	0.239698319427	0.0642800339358	0	1510669181.7024765	57.6901408451	0.556349206349
243.0	0.172916623438	0.221910024706	0.070027947586	0	1510669182.1855216	57.2067039106	0.519523809524
242.5	0.172916623438	0.225712728686	0.0532424636746	0	1510669182.9502923	57.2067039106	0.519523809524
242.5	0.17499995625	0.236331294223	0.062792020717	0	1510669183.7341805	57.2067039106	0.525079365079
242.5	0.17499995625	0.223452691954	0.0770599776296	0	1510669184.1886516	57.2067039106	0.513968253968
242.0	0.17499995625	0.241071368304	0.0566497903103	0	1510669184.9539845	56.8888888889	0.516666666667
242.0	0.172916623438	0.236907157268	0.0584284792027	0	1510669185.7268994	57.2067039106	0.519523809524
242.0	0.172916623438	0.186805150893	0.088431629315	0	1510669186.1918519	57.2067039106	0.519523809524
242.0	0.172916623438	0.21800288078	0.0538854634932	0	1510669186.952641	57.2067039106	0.519523809524
241.5	0.172916623438	0.222076534242	0.0563155480988	0	1510669187.7154703	57.2067039106	0.525079365079
241.5	0.17499995625	0.217364391437	0.0621872833119	0	1510669188.1854992	57.2067039106	0.513968253968
241.5	0.17499995625	0.224824017868	0.0493851890988	0	1510669188.9434547	56.8888888889	0.511111111111
241.0	0.17499995625	0.214518253693	0.0499575505733	0	1510669189.7063167	56.4965517241	0.517267267267
241.0	0.17499995625	0.142700305331	0.0985929170766	0	1510669190.1871095	56.8888888889	0.5
241.0	0.172916623438	0.218029674602	0.0552446859313	0	1510669190.9540372	56.8888888889	0.527777777778
240.5	0.17499995625	0.213182719814	0.049661180106	0	1510669191.7099888	56.8888888889	0.516666666667
240.5	0.172916623438	0.207943125285	0.048348941604	0	1510669192.193008	57.2067039106	0.519523809524
240.5	0.172916623438	0.208865994202	0.0493518776718	0	1510669192.9507563	57.2067039106	0.513968253968
240.0	0.17499995625	0.201485687691	0.0526622323524	0	1510669193.7116997	56.8888888889	0.527777777778
240.0	0.172916623438	0.13478089414	0.0911973237548	0	1510669194.1934516	56.4965517241	0.524211711712
240.0	0.17499995625	0.20581645771	0.0516630017215	0	1510669194.9544618	56.5745856354	0.552552552553
239.5	0.17499995625	0.197746549203	0.0455228282888	0	1510669195.7194142	56.2637362637	0.543993993994
239.5	0.17499995625	0.189438227951	0.0483380115384	0	1510669196.1872742	56.5745856354	0.546996996997
239.5	0.17499995625	0.185543338494	0.0465463673151	0	1510669196.9460423	56.2637362637	0.54954954955
239.0	0.172916623438	0.190591951893	0.0495296024742	0	1510669197.702624	56.8888888889	0.527777777778
239.0	0.17499995625	0.161470401228	0.0700846020565	0	1510669198.1830342	56.8888888889	0.505555555556
239.0	0.172916623438	0.18934510877	0.0479291718694	0	1510669198.9478037	56.8888888889	0.527777777778
238.5	0.172916623438	0.195923320367	0.0456662528547	0	1510669199.725463	57.2067039106	0.519523809524
238.5	0.17499995625	0.18484879531	0.048188170931	0	1510669200.1867986	57.2067039106	0.508412698413
238.5	0.172916623438	0.189246107418	0.0474572511114	0	1510669200.9522388	56.8888888889	0.527777777778
238.0	0.172916623438	0.18402737381	0.0452896806811	0	1510669201.718347	56.8888888889	0.522222222222
238.0	0.17499995625	0.184541270391	0.0502988465116	0	1510669202.1823547	57.2067039106	0.513968253968
238.0	0.172916623438	0.184270930746	0.0476945534895	0	1510669202.9432938	56.8888888889	0.527777777778
237.5	0.172916623438	0.183407179814	0.0480004454349	0	1510669203.6991873	56.8888888889	0.527777777778
237.5	0.172916623438	0.170948336615	0.0561930471148	0	1510669204.1829996	57.2067039106	0.513968253968
237.5	0.17499995625	0.178924499002	0.0467844703995	0	1510669204.9478114	56.8888888889	0.527777777778
237.0	0.172916623438	0.17319031196	0.0460688864753	0	1510669205.7165189	56.8888888889	0.527777777778
237.0	0.172916623438	0.15350762199	0.0644224893644	0	1510669206.1866007	56.5745856354	0.524924924925
237.0	0.17499995625	0.175240696931	0.0386865485067	0	1510669206.9516673	56.8888888889	0.511111111111
236.5	0.172916623438	0.169444758757	0.039515163247	0	1510669207.7215388	57.2067039106	0.513968253968
236.5	0.17499995625	0.166867075786	0.0375138197717	0	1510669208.1895652	57.2067039106	0.513968253968
236.5	0.172916623438	0.178349273401	0.0349701603794	0	1510669208.9553893	56.8888888889	0.5
236.5	0.172916623438	0.179295129861	0.0466477270383	0	1510669209.7152302	56.5745856354	0.524924924925
236.0	0.17499995625	0.168817484806	0.0454472777146	0	1510669210.1829166	56.5745856354	0.519369369369
236.0	0.172916623438	0.167621306892	0.0428365599775	0	1510669210.9729073	56.5745856354	0.524924924925
236.0	0.17499995625	0.17077576763	0.0426073586623	0	1510669211.7390018	56.4965517241	0.517267267267
235.5	0.17499995625	0.160114880362	0.0423493973411	0	1510669212.18485	56.4965517241	0.510322822823
235.5	0.17499995625	0.168055155581	0.0435908454877	0	1510669213.0637374	56.4965517241	0.524211711712
235.0	0.17499995625	0.165725187664	0.0422616554951	0	1510669213.8285813	56.4965517241	0.551801801802
235.0	0.17499995625	0.157045278866	0.0387340905947	0	1510669214.6932802	56.2637362637	0.543993993994
235.0	0.17499995625	0.150472896855	0.0399712816831	0	1510669215.1853747	56.4965517241	0.537912912913
234.5	0.17499995625	0.149029574587	0.0372479155207	0	1510669215.9642665	56.4965517241	0.544857357357
234.5	0.17499995625	0.158395818744	0.0382711154334	0	1510669216.782159	56.4965517241	0.544857357357
234.5	0.17499995625	0.137088668477	0.0439000705575	0	1510669217.1912973	56.5745856354	0.552552552553

#$Filter:1
#$	0	1	 1
#$	1	op06	0.251188643150958
#$	2	op09	0.02848931924611138
#$	3	op18*op18*op18	3.9810717055349725e-06
#$	4	ns12	1e-7
#$	5	0	 1e-22
#$POWER:46.8, mW
#$WAVELENGTH:532,nm
#$OBJECT:cSi, bscat
angle	ref	signal	signal_std	filter	Time	freq	duty_cycle
281.5	0.172916623438	0.102569752269	0.0255025954936	0	1510669499.065234	56.1095890411	0.513701201201
281.5	0.177083289063	0.103599809438	0.0277149774356	0	1510669499.8152149	55.7278911565	0.523836336336
281.0	0.177083289063	0.108765902075	0.0275789200272	0	1510669500.6057284	56.1095890411	0.548048048048
281.0	0.177083289063	0.0789399481254	0.0450696164676	0	1510669501.0615163	56.1095890411	0.548048048048
280.5	0.17499995625	0.111528333462	0.0281120967861	0	1510669501.838421	56.1095890411	0.520645645646
280.0	0.177083289063	0.116644167038	0.031237501265	0	1510669502.6307373	55.652173913	0.527177177177
280.0	0.17499995625	0.109189548877	0.0351560311624	0	1510669503.0646377	56.1095890411	0.548048048048
279.5	0.17499995625	0.0940026970033	0.0500404321661	0	1510669503.8425353	55.7278911565	0.516891891892
279.0	0.172916623438	0.125885600416	0.0320664785876	0	1510669504.6241186	56.1095890411	0.548048048048
279.0	0.172916623438	0.10587214564	0.0500970401537	0	1510669505.069328	55.7278911565	0.51707957958
278.5	0.177083289063	0.131397526174	0.0303605577234	0	1510669505.8343573	56.1095890411	0.541103603604
278.0	0.172916623438	0.132998811734	0.0357518117812	0	1510669506.6180193	56.2637362637	0.54954954955
278.0	0.172916623438	0.130815894934	0.038515682845	0	1510669507.0607362	56.2637362637	0.538438438438
277.0	0.17499995625	0.134561670044	0.034825951536	0	1510669507.8290606	55.7278911565	0.551051051051
276.5	0.177083289063	0.1371196321	0.0339700344713	0	1510669508.622737	56.1095890411	0.548048048048
276.5	0.172916623438	0.121831656255	0.0493572448846	0	1510669509.0626314	55.956284153	0.546546546547
276.0	0.17499995625	0.118677662198	0.0539537168315	0	1510669509.8435795	56.1095890411	0.548048048048
275.5	0.172916623438	0.109616319135	0.0646298821147	0	1510669510.644643	56.2637362637	0.543993993994
275.5	0.172916623438	0.13505580816	0.0599746613752	0	1510669511.1054387	56.2637362637	0.54954954955
275.5	0.172916623438	0.157357612033	0.0350830718111	0	1510669511.8712687	56.2637362637	0.538438438438
275.0	0.17499995625	0.132674286559	0.0584845225926	0	1510669512.6621954	55.956284153	0.546546546547
274.5	0.172916623438	0.167229349949	0.0399348947943	0	1510669513.5621157	55.956284153	0.546546546547
274.5	0.17499995625	0.144907609821	0.0686760794731	0	1510669514.0686727	56.2637362637	0.54954954955
274.0	0.172916623438	0.186199433242	0.0450118241694	0	1510669514.8389466	56.2637362637	0.54954954955
274.0	0.172916623438	0.207098673884	0.052603763892	0	1510669515.6288657	56.2637362637	0.54954954955
274.0	0.172916623438	0.206287176378	0.0682779994408	0	1510669516.061664	55.7278911565	0.544294294294
273.5	0.172916623438	0.184498753395	0.0946114186536	0	1510669516.8745608	56.2637362637	0.543993993994
273.5	0.172916623438	0.238429062041	0.0562339614549	0	1510669517.657429	56.2637362637	0.543993993994
273.0	0.172916623438	0.267922101887	0.0669695162902	0	1510669518.1000648	56.5745856354	0.546996996997
273.0	0.172916623438	0.124237332915	0.129236562739	0	1510669518.9529257	56.2637362637	0.54954954955
272.5	0.172916623438	0.273150291848	0.0680962245241	0	1510669519.7206717	56.2637362637	0.54954954955
272.0	0.172916623438	0.27380452061	0.0682972590629	0	1510669520.57096	56.2637362637	0.54954954955
272.0	0.17499995625	0.250282550475	0.0887641836114	0	1510669521.0638072	56.5745856354	0.546996996997
271.5	0.17499995625	0.280253281277	0.067764441721	0	1510669521.8348136	56.2637362637	0.543993993994
271.5	0.172916623438	0.291756629742	0.0686299481755	0	1510669522.6246753	56.4965517241	0.544857357357
271.0	0.172916623438	0.216792912989	0.120945491652	0	1510669523.0657594	56.2637362637	0.543993993994
271.0	0.172916623438	0.302012560522	0.0744226220621	0	1510669523.8515224	56.2637362637	0.54954954955
270.5	0.172916623438	0.306617570404	0.0717357629355	0	1510669524.6292932	56.2637362637	0.54954954955
270.5	0.172916623438	0.252184752246	0.106614327686	0	1510669525.0611951	56.5745856354	0.552552552553
270.0	0.172916623438	0.280036944797	0.0715902330882	0	1510669525.8293166	56.8888888889	0.548611111111
269.5	0.172916623438	0.27367190037	0.0666498626839	0	1510669526.6190438	56.4965517241	0.517267267267
269.5	0.172916623438	0.242531375855	0.0904691236723	0	1510669527.0619783	56.8888888889	0.5
269.0	0.172916623438	0.240879617236	0.0628407611985	0	1510669527.822967	56.8888888889	0.527777777778
269.0	0.172916623438	0.235902181861	0.0589393568684	0	1510669528.6017487	56.5745856354	0.552552552553
269.0	0.17499995625	0.0286026918757	0.124799662428	0	1510669529.0665767	56.1095890411	0.548048048048
268.5	0.172916623438	0.196341588944	0.0815673500341	0	1510669529.846602	57.2067039106	0.559650559651
268.0	0.172916623438	0.239028051487	0.0563050055441	0	1510669530.627643	56.2637362637	0.543993993994
268.0	0.172916623438	0.239890013074	0.057381569725	0	1510669531.0631306	56.4965517241	0.544857357357
267.5	0.172916623438	0.240399849864	0.0596574084468	0	1510669531.8304095	56.4965517241	0.517267267267
267.5	0.172916623438	0.241236434289	0.0583261778535	0	1510669532.6192634	56.2637362637	0.54954954955
267.0	0.17499995625	0.0982032439294	0.118022789877	0	1510669533.063266	55.7278911565	0.551051051051
267.0	0.172916623438	0.249212602359	0.059797032714	0	1510669533.8429055	55.7278911565	0.51707957958
266.5	0.172916623438	0.24251300495	0.0563086589192	0	1510669534.6018639	55.7278911565	0.544294294294
266.5	0.177083289063	0.195493148406	0.0974345985206	0	1510669535.0666747	56.1095890411	0.541103603604
266.0	0.172916623438	0.260461525664	0.0622604024571	0	1510669535.826327	56.2637362637	0.54954954955
265.5	0.179166621875	0.263273666999	0.0640375878364	0	1510669536.6154945	56.1095890411	0.548048048048
265.5	0.17499995625	0.2551819594	0.0612951792292	0	1510669537.0626037	55.7278911565	0.51707957958
265.0	0.172916623438	0.255120706065	0.0663551579853	0	1510669537.8290699	55.652173913	0.527177177177
265.0	0.17499995625	0.255468463212	0.0665581795236	0	1510669538.6099172	55.3513513514	0.524324324324
264.5	0.177083289063	0.21792693982	0.0957536873964	0	1510669539.0620835	55.7278911565	0.51707957958
264.5	0.172916623438	0.272943266529	0.063787529638	0	1510669539.8421888	55.7278911565	0.51707957958
264.0	0.17499995625	0.282317856591	0.0640445293793	0	1510669540.6100774	55.7278911565	0.51707957958
264.0	0.17499995625	0.266088314062	0.0759188137453	0	1510669541.0586617	55.7278911565	0.544294294294
263.5	0.17499995625	0.295276018066	0.0746364351103	0	1510669541.8229542	56.1095890411	0.554804804805
263.5	0.177083289063	0.304351664608	0.0687974118893	0	1510669542.6056416	55.7278911565	0.544294294294
263.0	0.177083289063	0.296486896096	0.0969757049488	0	1510669543.0655847	55.7278911565	0.523836336336
262.5	0.179166621875	0.320676108262	0.0785733158401	0	1510669543.852598	56.1095890411	0.548048048048
262.5	0.172916623438	0.345239389635	0.0822801517988	0	1510669544.6454463	56.2637362637	0.54954954955
262.0	0.177083289063	0.359684468734	0.089384843506	0	1510669545.1164322	56.1095890411	0.554804804805

#$Filter:1
#$	0	1	 1
#$	1	op06	0.251188643150958
#$	2	op09	0.02848931924611138
#$	3	op18*op18*op18	3.9810717055349725e-06
#$	4	ns12	1e-7
#$	5	0	 1e-22
#$POWER:46.8, mW
#$WAVELENGTH:532,nm
#$OBJECT:cSi, bscat
angle	ref	signal	signal_std	filter	Time	freq	duty_cycle
261.5	0.172916623438	0.260697584398	0.192666876518	0	1510669547.678957	55.956284153	0.535435435435
261.5	0.17499995625	0.376672299875	0.156934510602	0	1510669548.187786	56.1095890411	0.548048048048
261.0	0.172916623438	0.371045825606	0.183764997442	0	1510669548.9775815	56.2637362637	0.543993993994
261.0	0.172916623438	0.51984773659	0.125254912212	0	1510669549.7714815	55.956284153	0.546546546547
260.5	0.177083289063	0.468296193489	0.207067469345	0	1510669550.188507	55.652173913	0.521771771772
260.5	0.17499995625	0.655204941226	0.159227902857	0	1510669550.9704778	55.7278911565	0.523836336336
260.0	0.17499995625	0.87991458529	0.163033789779	0	1510669551.7494059	56.2637362637	0.54954954955
260.0	0.17499995625	0.792957991909	0.220320322264	0	1510669552.236358	56.2637362637	0.54954954955
259.5	0.356249910938	1.51982493605	0.676943914502	0	1510669552.9969654	55.8545454545	0.69994994995

#$Filter:op09
#$	0	1	 1
#$	1	op06	0.251188643150958
#$	2	op09	0.02848931924611138
#$	3	op18*op18*op18	3.9810717055349725e-06
#$	4	ns12	1e-7
#$	5	0	 1e-22
#$POWER:46.8, mW
#$WAVELENGTH:532,nm
#$OBJECT:cSi, bscat
angle	ref	signal	signal_std	filter	Time	freq	duty_cycle
259.0	0.172916623438	0.138799537729	0.0367256777125	2	1510669568.1307368	55.7278911565	0.551051051051
259.0	0.179166621875	0.137687540608	0.0349617870681	2	1510669568.921595	55.7278911565	0.544294294294
258.5	0.17499995625	0.107578004318	0.0269614141841	2	1510669569.6886723	55.7278911565	0.51707957958
258.5	0.177083289063	0.101111014499	0.0243221190678	2	1510669570.1344454	55.7278911565	0.51707957958
258.0	0.179166621875	0.125267575726	0.0300591033428	2	1510669570.9004657	55.7278911565	0.523836336336
257.5	0.177083289063	0.360395532797	0.0	2	1510669571.6942325	56.4965517241	0.51012977263
257.5	0.17499995625	0.0	0.0	2	1510669572.189117	56.1095890411	0.548048048048

#$Filter:op18*op18*op18
#$	0	1	 1
#$	1	op06	0.251188643150958
#$	2	op09	0.02848931924611138
#$	3	op18*op18*op18	3.9810717055349725e-06
#$	4	ns12	1e-7
#$	5	0	 1e-22
#$POWER:46.8, mW
#$WAVELENGTH:532,nm
#$OBJECT:cSi, bscat
angle	ref	signal	signal_std	filter	Time	freq	duty_cycle
257.0	0.177083289063	0.00344327645011	0.00266005369142	3	1510669600.062789	55.7278911565	0.523836336336
257.0	0.177083289063	0.0034926088398	0.00240901478131	3	1510669600.8647907	55.652173913	0.521771771772
257.0	0.177083289063	0.0033688967168	0.00230906284456	3	1510669601.6577902	55.7278911565	0.523836336336
257.0	0.172916623438	0.00261928165693	0.00253286378146	3	1510669602.0654235	55.7278911565	0.523836336336
257.0	0.172916623438	0.00360899269519	0.00239166462423	3	1510669602.831539	55.7278911565	0.53734984985
257.0	0.177083289063	0.00355855072824	0.00243991339671	3	1510669603.6125	55.7278911565	0.51707957958
257.0	0.17499995625	0.00212721882673	0.00271041696765	3	1510669604.0699875	55.7278911565	0.551051051051
256.5	0.17499995625	0.00381157367696	0.00225676093918	3	1510669604.8361855	55.956284153	0.546546546547
256.5	0.17499995625	0.00326423171544	0.00247152550135	3	1510669605.6390138	56.1095890411	0.548048048048
256.5	0.172916623438	0.00307927328516	0.00195472912995	3	1510669606.061116	56.2637362637	0.54954954955
256.5	0.172916623438	0.00288714131716	0.00227958204839	3	1510669606.8270779	56.2637362637	0.54954954955
256.5	0.172916623438	0.00251657044887	0.00210023838592	3	1510669607.583822	56.2637362637	0.543993993994
256.5	0.172916623438	0.00242812064147	0.00205251153568	3	1510669608.0657125	56.2637362637	0.543993993994
256.5	0.172916623438	0.00224526280683	0.0023902097007	3	1510669608.8316507	56.4965517241	0.544857357357
256.5	0.172916623438	0.00191501552765	0.00235368410136	3	1510669609.6025953	56.2637362637	0.543993993994

#$Filter:op09
#$	0	1	 1
#$	1	op06	0.251188643150958
#$	2	op09	0.02848931924611138
#$	3	op18*op18*op18	3.9810717055349725e-06
#$	4	ns12	1e-7
#$	5	0	 1e-22
#$POWER:46.8, mW
#$WAVELENGTH:532,nm
#$OBJECT:cSi, bscat
angle	ref	signal	signal_std	filter	Time	freq	duty_cycle
256.0	0.172916623438	16.8712863717	3.72495520891	2	1510669620.5668104	56.8888888889	0.511111111111
256.0	0.172916623438	14.7864108692	3.45431490496	2	1510669621.5616362	56.4965517241	0.517267267267
256.0	0.172916623438	13.602155191	3.05995911056	2	1510669622.5563767	56.4965517241	0.510322822823
256.0	0.172916623438	12.691887485	2.84764090692	2	1510669623.568364	56.8888888889	0.513888888889
256.0	0.172916623438	11.1293239484	2.59426190691	2	1510669624.5671957	56.4965517241	0.551801801802
256.0	0.172916623438	9.83237855543	2.22478939072	2	1510669625.563094	56.4965517241	0.517267267267
255.5	0.172916623438	8.97471264228	2.15388026016	2	1510669626.559006	56.4965517241	0.517267267267
255.5	0.172916623438	7.88877854001	1.81760588379	2	1510669627.5544329	56.5745856354	0.546996996997
255.5	0.17499995625	6.5913979248	1.59869507329	2	1510669628.5574694	55.652173913	0.521771771772
255.5	0.17499995625	5.39691884705	1.32266116452	2	1510669629.5674684	56.1095890411	0.520645645646
255.5	0.177083289063	4.14415662703	0.934883551202	2	1510669630.5652816	56.1095890411	0.541103603604
255.0	0.222916610938	nan	0.648825698637	2	1510669631.6341348	nan	nan
255.0	0.172916623438	2.26067383346	0.553133035437	2	1510669632.5689642	56.2637362637	0.54954954955
255.0	0.172916623438	1.81223601418	0.388882269171	2	1510669633.564702	56.4965517241	0.544857357357
255.0	0.356249910938	0.0798460598846	0.397219722312	2	1510669634.6424272	nan	nan
255.0	0.177083289063	1.15214002536	0.235928621835	2	1510669635.5584092	56.1095890411	0.534159159159
254.5	0.172916623438	0.790080701678	0.190028872786	2	1510669636.554356	55.7278911565	0.51707957958
254.5	0.0	0.10159881181	0.103656512974	2	1510669637.62313	nan	nan
254.5	0.35833324375	0.0007902451003	0.0203752372247	2	1510669638.641041	nan	nan
254.5	0.172916623438	0.111019380008	0.0289658672191	2	1510669639.6190846	56.2637362637	0.543993993994
254.5	0.177083289063	0.210018919431	0.0592262751667	2	1510669640.556774	55.7278911565	0.523836336336

#$Filter:op09
#$	0	1	 1
#$	1	op06	0.251188643150958
#$	2	op09	0.02848931924611138
#$	3	op18*op18*op18	3.9810717055349725e-06
#$	4	ns12	1e-7
#$	5	0	 1e-22
#$POWER:46.8, mW
#$WAVELENGTH:532,nm
#$OBJECT:cSi, bscat
angle	ref	signal	signal_std	filter	Time	freq	duty_cycle
254.5	0.172916623438	0.386512008214	0.0909185338171	2	1510669646.0658207	56.2637362637	0.543993993994
254.0	0.172916623438	0.41844477334	0.0999147943907	2	1510669646.838816	56.5745856354	0.546996996997
254.0	0.172916623438	0.410359041068	0.099193880611	2	1510669647.628674	56.5745856354	0.519369369369
254.0	0.172916623438	0.0654796514422	0.20048960895	2	1510669648.0707097	56.2637362637	0.54954954955
254.0	0.172916623438	0.292339560363	0.0809240649459	2	1510669648.8416083	55.956284153	0.546546546547
254.0	0.172916623438	0.181507557664	0.0439277069964	2	1510669649.608356	56.5745856354	0.546996996997
254.0	0.177083289063	0.134673835879	0.0536477051012	2	1510669650.066316	56.1095890411	0.520645645646
254.0	0.172916623438	0.104211658621	0.0264737771467	2	1510669650.8330746	56.1095890411	0.541103603604
254.0	0.177083289063	0.0608773473236	0.0194518476445	2	1510669651.60507	55.7278911565	0.551051051051
254.0	0.177083289063	0.0510097953804	0.0135207693184	2	1510669652.1220849	56.1095890411	0.548048048048
253.5	0.35833324375	0.0191366299245	0.00898961421937	2	1510669652.8938873	56.1095890411	0.588963963964
253.5	0.262499934375	0.0179211639871	0.00562551048534	2	1510669653.7509208	56.2637362637	0.543993993994
253.5	0.172916623438	0.0439342673669	0.0124367116902	2	1510669654.6337254	56.2637362637	0.54954954955
253.5	0.356249910938	0.00198469200518	0.0108699423215	2	1510669655.065643	nan	nan
253.5	0.172916623438	0.0390063427894	0.0111042363051	2	1510669655.8796303	56.5745856354	0.546996996997
253.5	0.360416576563	nan	0.00708402834684	2	1510669656.6412807	nan	nan
253.5	0.172916623438	0.00223651904871	0.017403081319	2	1510669657.124925	56.2637362637	0.543993993994
253.5	0.279166596875	0.0580497062779	0.0169222258429	2	1510669657.8859935	56.4965517241	0.551801801802
253.0	0.356249910938	0.00649197016572	0.006504763843	2	1510669658.716582	56.3669724771	0.678928928929
253.0	0.172916623438	0.0269822861716	0.00730680329617	2	1510669659.636741	56.2637362637	0.543993993994
253.0	0.35833324375	0.00784193644531	0.0254451766613	2	1510669660.0618947	nan	nan
253.0	0.172916623438	0.0226002080252	0.00711345757463	2	1510669660.8822427	55.3513513514	0.518918918919
253.0	0.35833324375	nan	0.00406988368311	2	1510669661.6446373	nan	nan

#$Filter:1
#$	0	1	 1
#$	1	op06	0.251188643150958
#$	2	op09	0.02848931924611138
#$	3	op18*op18*op18	3.9810717055349725e-06
#$	4	ns12	1e-7
#$	5	0	 1e-22
#$POWER:46.8, mW
#$WAVELENGTH:532,nm
#$OBJECT:cSi, bscat
angle	ref	signal	signal_std	filter	Time	freq	duty_cycle
253.0	0.177083289063	0.82678050559	0.203793192816	0	1510669673.5624375	55.7278911565	0.523836336336
252.5	0.177083289063	0.742878816163	0.190158748839	0	1510669674.5697544	55.956284153	0.524624624625
252.5	0.17499995625	0.692268559456	0.177891426629	0	1510669675.57457	55.652173913	0.521771771772
252.5	0.17499995625	0.584508657394	0.161587983212	0	1510669676.5723987	55.3513513514	0.52972972973
252.0	0.17499995625	0.509211055033	0.122114881537	0	1510669677.558713	55.652173913	0.521771771772
252.0	0.17499995625	0.439561855921	0.110154156337	0	1510669678.55455	55.652173913	0.521771771772
252.0	0.17499995625	0.372969992228	0.0882784902298	0	1510669679.5504532	55.652173913	0.521771771772
251.5	0.360416576563	0.0101632857475	0.0761699640181	0	1510669680.6245847	nan	nan
251.5	0.177083289063	0.355462161847	0.0844411383623	0	1510669681.5685146	55.7278911565	0.51707957958
251.0	0.177083289063	0.348851764639	0.0837816158702	0	1510669682.5622897	56.1095890411	0.520645645646
251.0	0.177083289063	0.339118148839	0.0821997599975	0	1510669683.5577886	55.7278911565	0.523836336336
250.5	0.172916623438	0.304821852566	0.0667622814305	0	1510669684.554075	56.1095890411	0.541103603604
250.5	0.177083289063	0.292296605047	0.0696081229975	0	1510669685.5629995	56.1095890411	0.548048048048
250.0	0.172916623438	0.296123207756	0.0706661453623	0	1510669686.5648959	55.7278911565	0.544294294294
250.0	0.172916623438	0.311559916383	0.0736686893956	0	1510669687.5547407	55.7278911565	0.51707957958
250.0	0.177083289063	0.286629580203	0.0705939141389	0	1510669688.5513954	55.7278911565	0.523836336336
249.5	0.17499995625	0.291457904343	0.0712574534488	0	1510669689.5658948	55.652173913	0.516366366366
249.5	0.17499995625	0.267611044208	0.0655714723271	0	1510669690.565249	55.652173913	0.521771771772
249.0	0.172916623438	0.259243632668	0.0706629302125	0	1510669691.5609155	55.652173913	0.532582582583
249.0	0.17499995625	0.275390422788	0.0640077177793	0	1510669692.5584168	55.3513513514	0.513513513514
248.5	0.172916623438	0.273714417366	0.0752942603463	0	1510669693.5545826	55.3513513514	0.52972972973
248.5	0.17499995625	0.260410562917	0.0588022681174	0	1510669694.5564647	55.3513513514	0.513513513514
248.5	0.17499995625	0.275206802168	0.0733653216223	0	1510669695.5594258	55.652173913	0.527177177177
248.0	0.172916623438	0.250149997486	0.06884816722	0	1510669696.566156	55.652173913	0.532582582583
247.5	0.17499995625	0.249177288133	0.0616125942471	0	1510669697.5572364	55.652173913	0.521771771772
247.5	0.17499995625	0.251289823217	0.0605238637069	0	1510669698.5689375	55.3513513514	0.518918918919
247.5	0.177083289063	0.244304567127	0.0636660902379	0	1510669699.565807	55.652173913	0.521771771772
247.0	0.177083289063	0.251323298993	0.0593794859466	0	1510669700.5626292	55.7278911565	0.51707957958
247.0	0.177083289063	0.24288709414	0.0579639771062	0	1510669701.5585008	55.7278911565	0.523836336336
246.5	0.177083289063	0.239157347618	0.0569147453655	0	1510669702.5544837	55.7278911565	0.523836336336
246.5	0.172916623438	0.236614675766	0.0619225702217	0	1510669703.5510025	55.3513513514	0.527027027027
246.0	0.172916623438	0.245683211889	0.0689461784652	0	1510669704.5649354	55.3513513514	0.52972972973
246.0	0.17499995625	0.234647377236	0.0581698983709	0	1510669705.5659153	55.3513513514	0.518918918919
246.0	0.172916623438	0.233565233705	0.0670250614691	0	1510669706.5597365	55.3513513514	0.535135135135
245.5	0.17499995625	0.253191894645	0.0576341518685	0	1510669707.559611	55.3513513514	0.513513513514
245.5	0.17499995625	0.234753502565	0.0593602602553	0	1510669708.5663233	55.652173913	0.521771771772
245.0	0.17499995625	0.242051933789	0.0628506111503	0	1510669709.563348	55.652173913	0.521771771772
245.0	0.177083289063	0.236384494725	0.0544133282871	0	1510669710.5596495	55.7278911565	0.51707957958
244.5	0.17499995625	0.226088861004	0.0550353547091	0	1510669711.5561209	55.7278911565	0.523836336336
244.5	0.17499995625	0.215626551127	0.0572018061425	0	1510669712.5514057	55.652173913	0.521771771772
244.0	0.17499995625	0.223701511026	0.0557361414928	0	1510669713.5596116	55.3513513514	0.518918918919
244.0	0.17499995625	0.240737677382	0.0562963456916	0	1510669714.565488	55.3513513514	0.52027027027
244.0	0.17499995625	0.228737122303	0.0588099879104	0	1510669715.5672927	55.3513513514	0.527027027027
243.5	0.172916623438	0.234013546939	0.064966808179	0	1510669716.559285	55.3513513514	0.52972972973
243.5	0.17499995625	0.247354695189	0.0575639822752	0	1510669717.567239	55.652173913	0.516366366366
243.0	0.17499995625	0.223586634669	0.0526647948549	0	1510669718.5628111	55.3513513514	0.513513513514
243.0	0.17499995625	0.21590618354	0.0545466484488	0	1510669719.567701	55.652173913	0.521771771772
242.5	0.17499995625	0.207499948125	0.0516696405207	0	1510669720.5635586	55.652173913	0.516366366366
242.5	0.17499995625	0.203653718418	0.0545486599481	0	1510669721.558434	55.652173913	0.527177177177
242.0	0.172916623438	0.204101589631	0.0560826741378	0	1510669722.5654182	55.3513513514	0.52972972973
242.0	0.172916623438	0.205076847664	0.0551479381441	0	1510669723.5671997	55.652173913	0.527177177177
242.0	0.17499995625	0.191582077708	0.0441039409526	0	1510669724.5635374	55.3513513514	0.513513513514
241.5	0.17499995625	0.203249236937	0.0493376310051	0	1510669725.5598729	54.9798657718	0.550320056899
241.5	0.17499995625	0.204689601031	0.0463450919153	0	1510669726.5547025	54.9798657718	0.543563300142
241.0	0.17499995625	0.19281991153	0.0462067708328	0	1510669727.5584233	54.7593582888	0.545376955903
241.0	0.17499995625	0.197484132395	0.0453002652764	0	1510669728.5674803	55.0537634409	0.542958748222
240.5	0.17499995625	0.196455271134	0.0435973695644	0	1510669729.5642114	54.7593582888	0.540113798009
240.5	0.17499995625	0.188754433098	0.0503257343206	0	1510669730.5582814	54.7593582888	0.550782361309
240.0	0.179166621875	0.184051876953	0.0450579077703	0	1510669731.5809448	54.6133333333	0.546586059744
240.0	0.179166621875	0.189810683101	0.047460486236	0	1510669732.5749521	54.6133333333	0.546586059744
239.5	0.17499995625	0.180951203104	0.0456837434245	0	1510669733.5636086	54.7593582888	0.545376955903
239.0	0.17499995625	0.174955477381	0.0378075870587	0	1510669734.5603805	54.7593582888	0.540113798009
238.5	0.17499995625	0.178783181966	0.0450374267863	0	1510669735.5550458	55.0537634409	0.548364153627
238.0	0.17499995625	0.167183593522	0.0400846786308	0	1510669736.5582087	54.9798657718	0.550320056899
237.5	0.17499995625	0.169691553019	0.0376716572714	0	1510669737.5697236	54.9798657718	0.543563300142
237.0	0.17499995625	0.150767936164	0.0353245730766	0	1510669738.5630684	55.3513513514	0.513513513514
236.5	0.356249910938	0.0406249898438	0.0399939010929	0	1510669739.6353557	nan	nan
236.0	0.17499995625	0.13416698925	0.0334070177813	0	1510669740.5595658	55.3513513514	0.518918918919
235.5	0.17499995625	0.131865586505	0.0344545298787	0	1510669741.5554883	55.652173913	0.527177177177
235.0	0.17499995625	0.127266455608	0.0305527022779	0	1510669742.5633228	55.3513513514	0.518918918919
235.0	0.172916623438	0.118609914325	0.033112838822	0	1510669743.5601873	55.3513513514	0.52972972973
234.5	0.17499995625	0.122623584007	0.03010539612	0	1510669744.5750418	55.3513513514	0.513513513514
234.0	0.17499995625	0.123827248245	0.032729093942	0	1510669745.5598927	55.3513513514	0.52027027027
233.5	0.17499995625	0.136700280831	0.0348150754535	0	1510669746.5706716	54.9798657718	0.550320056899
233.0	0.17499995625	0.131900671655	0.0314054031335	0	1510669747.5664403	55.0537634409	0.542958748222
232.5	0.17499995625	0.126665556484	0.0321534277894	0	1510669748.5639365	54.6133333333	0.546586059744
232.0	0.17499995625	0.126016649543	0.0313231209432	0	1510669749.5803401	54.7593582888	0.545376955903
231.5	0.17499995625	0.118877954175	0.0288529765451	0	1510669750.5912976	54.7593582888	0.545376955903
231.0	0.179166621875	0.125118892782	0.0298181810183	0	1510669751.5688963	54.6133333333	0.546586059744
230.0	0.179166621875	0.135461735894	0.0283754211946	0	1510669752.559457	54.6133333333	0.533428165007
229.5	0.17499995625	0.129012406631	0.0318528837194	0	1510669753.5565093	54.7593582888	0.540113798009
229.0	0.17499995625	0.130494979773	0.0308674715998	0	1510669754.5595374	54.7593582888	0.545376955903
228.0	0.17499995625	0.143859253653	0.0359111089135	0	1510669755.5694158	54.7593582888	0.545376955903
227.5	0.17499995625	0.137119813659	0.0312258506666	0	1510669756.5660493	54.9798657718	0.543563300142
227.0	0.17499995625	0.141443340708	0.0336573988046	0	1510669757.5634923	55.3513513514	0.540540540541
226.5	0.17499995625	0.139893650594	0.0336450724197	0	1510669758.556964	54.9798657718	0.550320056899
226.0	0.17499995625	0.14718638932	0.0366374476402	0	1510669759.5666869	55.3513513514	0.554054054054
225.0	0.17499995625	0.16016194917	0.036463502352	0	1510669760.5664344	54.6133333333	0.546763869132
224.5	0.17499995625	0.165219975951	0.0388518824843	0	1510669761.5603995	54.7593582888	0.545376955903
224.0	0.177083289063	0.171437528733	0.0340331543309	0	1510669762.5562267	54.6133333333	0.533428165007
223.5	0.17499995625	0.164051697968	0.0376634469004	0	1510669763.5541134	54.2516556291	0.516536273115
222.5	0.17499995625	0.172132145328	0.039331993724	0	1510669764.5688713	54.2516556291	0.516536273115
222.0	0.17499995625	0.178316860265	0.0394029888282	0	1510669765.5669863	54.2516556291	0.509957325747
221.5	0.17499995625	0.187001000656	0.0409485404512	0	1510669766.5636933	54.6133333333	0.533428165007
220.5	0.177083289063	0.196482267603	0.0392382368137	0	1510669767.5595303	54.6133333333	0.533428165007
220.0	0.179166621875	0.223312664001	0.0508531782638	0	1510669768.5663273	54.6133333333	0.546586059744
219.5	0.17499995625	0.224597403921	0.0552298589535	0	1510669769.563702	54.7593582888	0.545376955903
219.0	0.177083289063	0.252346371621	0.0508949365568	0	1510669770.5599341	54.6133333333	0.533428165007
218.5	0.179166621875	0.258412191062	0.0611035654318	0	1510669771.5559673	54.6133333333	0.546586059744
217.5	0.179166621875	0.274735415373	0.0641179380017	0	1510669772.5587192	54.6133333333	0.546586059744
217.0	0.179166621875	0.284876391907	0.0663845332452	0	1510669773.5695665	54.6133333333	0.546586059744
216.5	0.177083289063	0.285729095234	0.0582207659978	0	1510669774.5684488	54.6133333333	0.533428165007
216.0	0.17499995625	0.285455515905	0.0676339102752	0	1510669775.5634458	54.4680851064	0.547795163585
215.0	0.179166621875	0.298626892996	0.0698873104465	0	1510669776.5581405	54.6133333333	0.546586059744
214.5	0.179166621875	0.314202538648	0.0718056831164	0	1510669777.5658937	54.6133333333	0.540007112376
214.0	0.17499995625	0.316823350997	0.0770763745551	0	1510669778.5666983	54.7593582888	0.550782361309
213.5	0.17499995625	0.354605893517	0.0797730960628	0	1510669779.5586855	54.7593582888	0.545519203414
213.0	0.17499995625	0.390403267369	0.0886339692202	0	1510669780.5565138	54.7593582888	0.545376955903
212.5	0.17499995625	0.435934245345	0.102895271505	0	1510669781.5519166	54.9798657718	0.543563300142
211.5	0.17499995625	0.49320810218	0.115861805872	0	1510669782.5691924	54.9798657718	0.550320056899
211.0	0.17499995625	0.523339204899	0.121096473781	0	1510669783.5666094	54.9798657718	0.550320056899
210.5	0.17499995625	0.516843018172	0.125273529277	0	1510669784.5624607	54.9798657718	0.550320056899
209.5	0.17499995625	0.543833626928	0.132368055071	0	1510669785.556753	54.9798657718	0.550320056899
209.0	0.17499995625	0.559962990021	0.130890674612	0	1510669786.5656016	54.9798657718	0.550320056899
208.5	0.17499995625	0.611553136061	0.138553789379	0	1510669787.5635128	54.9798657718	0.550320056899
208.0	0.17499995625	0.692784914523	0.157184325454	0	1510669788.559836	54.7593582888	0.545519203414
207.0	0.177083289063	0.744459754495	0.176061631667	0	1510669789.5557513	54.7593582888	0.545376955903
206.5	0.0	0.808834674334	0.732058064515	0	1510669790.630963	nan	nan
206.0	0.17499995625	0.795502309341	0.182596238061	0	1510669791.5663915	54.6133333333	0.513335704125
205.5	0.17499995625	0.809866061554	0.173228902427	0	1510669792.567873	54.6133333333	0.519914651494
205.0	0.177083289063	0.846157395593	0.184397593862	0	1510669793.5635688	54.6133333333	0.519914651494
204.0	0.17499995625	0.933625737258	0.222996139693	0	1510669794.559393	54.6133333333	0.519914651494
203.5	0.17499995625	1.0091451793	0.229843590675	0	1510669795.5662475	54.2516556291	0.516536273115
203.0	0.177083289063	1.08994844546	0.267814005188	0	1510669796.5632677	54.2516556291	0.523115220484
202.5	0.179166621875	1.16129907237	0.296737210995	0	1510669797.5584815	54.2516556291	0.523115220484
201.5	0.179166621875	1.23302290786	0.298684947997	0	1510669798.555428	53.8947368421	0.519736842105
201.0	0.17499995625	1.31820788251	0.31412682703	0	1510669799.5526416	54.2516556291	0.523115220484
200.5	0.177083289063	1.44698360219	0.362646701555	0	1510669800.5673993	54.2516556291	0.523115220484
200.0	0.35833324375	0.23254787886	2.24966391676	0	1510669801.6242862	nan	nan
199.5	0.17499995625	1.70885660906	0.385499005738	0	1510669802.563119	54.2516556291	0.516536273115
198.5	0.17499995625	2.10212954349	0.45761731086	0	1510669803.5598934	54.2516556291	0.543029871977
198.0	0.179166621875	2.24837806891	0.487645718367	0	1510669804.563986	54.6133333333	0.540007112376
197.5	0.17499995625	2.62162358963	0.593958912233	0	1510669805.5638518	54.6133333333	0.546586059744
197.0	0.17499995625	3.23319897802	0.804901877913	0	1510669806.5596187	54.9798657718	0.530227596017
196.0	0.172916623438	3.83842924641	1.03200402831	0	1510669807.5551739	55.0537634409	0.526884779516
195.5	0.172916623438	3.94309143769	0.953288981117	0	1510669808.613886	55.652173913	0.516366366366
195.5	0.172916623438	4.48716874615	1.22552280242	0	1510669809.5680401	55.7278911565	0.53734984985
195.5	0.172916623438	4.43293846794	1.23277433222	0	1510669810.5660105	55.3513513514	0.540540540541
195.5	0.17499995625	4.52911567684	1.07092416214	0	1510669811.563711	55.3513513514	0.518918918919
195.5	0.179166621875	4.5639469558	1.04700541093	0	1510669812.559648	55.7278911565	0.51707957958
195.5	0.172916623438	9.12504773875	1.9782093895	0	1510669813.5665798	55.7278911565	0.544294294294
195.5	0.177083289063	9.02810552534	2.21469965555	0	1510669814.5912266	56.1095890411	0.548048048048
195.5	0.177083289063	9.06935626645	2.21168279012	0	1510669815.5670962	55.7278911565	0.523836336336

#$Filter:1
#$	0	1	 1
#$	1	op06	0.251188643150958
#$	2	op09	0.02848931924611138
#$	3	op18*op18*op18	3.9810717055349725e-06
#$	4	ns12	1e-7
#$	5	0	 1e-22
#$POWER:46.8, mW
#$WAVELENGTH:532,nm
#$OBJECT:cSi, bscat
angle	ref	signal	signal_std	filter	Time	freq	duty_cycle
195.0	0.177083289063	9.22122122948	2.24822366902	0	1510669818.5592911	55.652173913	0.521771771772
194.5	0.17499995625	10.2231455924	2.70735694076	0	1510669819.0517168	55.652173913	0.516366366366
194.0	0.17499995625	12.179817762	3.06903276983	0	1510669819.8525565	55.3513513514	0.524324324324
193.5	0.17499995625	15.2618053014	3.67789982971	0	1510669820.7074587	55.3513513514	0.527027027027
193.0	0.17499995625	5.7003149396	15.3739449169	0	1510669821.5671515	55.0537634409	0.542958748222

#$Filter:1
#$	0	1	 1
#$	1	op06	0.251188643150958
#$	2	op09	0.02848931924611138
#$	3	op18*op18*op18	3.9810717055349725e-06
#$	4	ns12	1e-7
#$	5	0	 1e-22
#$POWER:46.8, mW
#$WAVELENGTH:532,nm
#$OBJECT:cSi, bscat
angle	ref	signal	signal_std	filter	Time	freq	duty_cycle
192.5	0.17499995625	11.5237862928	2.8099005745	0	1510669826.083743	55.3513513514	0.518918918919
192.0	0.17499995625	14.1670183395	3.22804453461	0	1510669826.8875253	55.3513513514	0.513513513514
191.5	0.17499995625	19.8644076605	4.48244772651	0	1510669827.6683745	55.652173913	0.516366366366
191.5	0.17499995625	19.4231818132	6.22769092581	0	1510669828.0983915	55.3513513514	0.524324324324
191.0	0.17499995625	28.3145830315	6.91808061968	0	1510669828.8640754	55.652173913	0.527177177177
190.5	0.17499995625	35.4117025708	7.22063999678	0	1510669829.6560159	55.3513513514	0.513513513514
190.0	0.17499995625	37.5481441352	7.63210673901	0	1510669830.0879624	55.3513513514	0.513513513514

#$Filter:op09
#$	0	1	 1
#$	1	op06	0.251188643150958
#$	2	op09	0.02848931924611138
#$	3	op18*op18*op18	3.9810717055349725e-06
#$	4	ns12	1e-7
#$	5	0	 1e-22
#$POWER:46.8, mW
#$WAVELENGTH:532,nm
#$OBJECT:cSi, bscat
angle	ref	signal	signal_std	filter	Time	freq	duty_cycle
189.5	0.17499995625	12.7297662634	3.10162266534	2	1510669838.0818994	55.652173913	0.521771771772
189.0	0.17499995625	32.0784032114	5.85301879682	2	1510669838.8637278	55.652173913	0.521771771772
188.5	0.17499995625	35.7733139751	6.40052000876	2	1510669839.6554534	55.3513513514	0.524324324324
188.0	0.17499995625	34.9082177687	8.66802791527	2	1510669840.087401	55.3513513514	0.518918918919

#$Filter:op18*op18*op18
#$	0	1	 1
#$	1	op06	0.251188643150958
#$	2	op09	0.02848931924611138
#$	3	op18*op18*op18	3.9810717055349725e-06
#$	4	ns12	1e-7
#$	5	0	 1e-22
#$POWER:46.8, mW
#$WAVELENGTH:532,nm
#$OBJECT:cSi, bscat
angle	ref	signal	signal_std	filter	Time	freq	duty_cycle
188.5	0.19999995	0.0318947064338	0.0155354066774	3	1510669862.635052	57.5280898876	0.528420071614
188.5	0.0	nan	0.0199799047354	3	1510669863.6344388	nan	nan
188.5	0.356249910938	0.00751960702634	0.0227815928075	3	1510669864.645814	nan	nan

#$Filter:op18*op18*op18
#$	0	1	 1
#$	1	op06	0.251188643150958
#$	2	op09	0.02848931924611138
#$	3	op18*op18*op18	3.9810717055349725e-06
#$	4	ns12	1e-7
#$	5	0	 1e-22
#$POWER:46.8, mW
#$WAVELENGTH:532,nm
#$OBJECT:cSi, bscat
angle	ref	signal	signal_std	filter	Time	freq	duty_cycle
188.0	0.17499995625	0.0930177830134	0.0249383313696	3	1510669868.6821017	55.3513513514	0.527027027027
188.0	0.17499995625	0.0956138801593	0.0319803066803	3	1510669869.186009	55.3513513514	0.52027027027
187.5	0.17499995625	0.0	0.0	3	1510669870.0310903	55.3513513514	0.52027027027
187.0	0.35833324375	0.0774282869857	0.0639929672627	3	1510669870.818995	nan	nan

#$Filter:op09
#$	0	1	 1
#$	1	op06	0.251188643150958
#$	2	op09	0.02848931924611138
#$	3	op18*op18*op18	3.9810717055349725e-06
#$	4	ns12	1e-7
#$	5	0	 1e-22
#$POWER:46.8, mW
#$WAVELENGTH:532,nm
#$OBJECT:cSi, bscat
angle	ref	signal	signal_std	filter	Time	freq	duty_cycle
186.0	0.17499995625	26.0737980034	6.71441754625	2	1510669892.1914802	55.3513513514	0.52972972973
185.5	0.17499995625	16.1839537894	3.64736443074	2	1510669892.9815674	55.3513513514	0.52027027027
185.0	0.356249910938	52.7155494992	28.5826334604	2	1510669893.8422952	55.3513513514	0.621621621622
184.5	0.17499995625	2.28875333517	0.715375411196	2	1510669894.7601547	55.3513513514	0.513513513514
184.0	0.356249910938	0.00440465931373	0.379674784515	2	1510669895.18608	55.3513513514	0.621621621622
183.5	0.172916623438	0.88887790565	0.276448819819	2	1510669896.0450516	55.3513513514	0.540540540541

#$Filter:1
#$	0	1	 1
#$	1	op06	0.251188643150958
#$	2	op09	0.02848931924611138
#$	3	op18*op18*op18	3.9810717055349725e-06
#$	4	ns12	1e-7
#$	5	0	 1e-22
#$POWER:46.8, mW
#$WAVELENGTH:532,nm
#$OBJECT:cSi, bscat
angle	ref	signal	signal_std	filter	Time	freq	duty_cycle
183.0	0.177083289063	17.1498665965	4.105090548	0	1510669912.0636008	55.652173913	0.521771771772
182.5	0.17499995625	15.860062091	3.86878795376	0	1510669912.8559775	55.652173913	0.521771771772
182.0	0.17499995625	13.1851462764	3.09474188986	0	1510669913.646408	55.3513513514	0.518918918919
181.5	0.17499995625	11.2731631636	3.17525748839	0	1510669914.0750237	55.3513513514	0.524324324324
181.0	0.17499995625	11.3986082615	2.6481499765	0	1510669914.8580022	55.652173913	0.521771771772
180.5	0.179166621875	13.7932967857	3.35400410266	0	1510669915.6495476	55.956284153	0.524624624625
180.5	0.177083289063	10.4993221051	3.05618543771	0	1510669916.0799727	56.1095890411	0.520645645646
180.0	0.17499995625	5.35731830599	1.28110249194	0	1510669916.8397198	55.7278911565	0.523836336336
179.5	0.356249910938	0.850638373513	0.664208762289	0	1510669917.6907904	55.8545454545	0.645395395395

#$Filter:1
#$	0	1	 1
#$	1	op06	0.251188643150958
#$	2	op09	0.02848931924611138
#$	3	op18*op18*op18	3.9810717055349725e-06
#$	4	ns12	1e-7
#$	5	0	 1e-22
#$POWER:46.8, mW
#$WAVELENGTH:532,nm
#$OBJECT:cSi, bscat
angle	ref	signal	signal_std	filter	Time	freq	duty_cycle
178.5	0.177083289063	2.5811959359	0.625553875208	0	1510669925.5635595	55.3513513514	0.518918918919
178.0	0.17499995625	2.46846226025	0.623760145428	0	1510669926.5593786	55.652173913	0.521771771772
177.0	0.17499995625	2.31977733122	0.620821763074	0	1510669927.555882	55.652173913	0.532582582583
176.5	0.17499995625	2.1744617302	0.521838475292	0	1510669928.5519385	55.3513513514	0.513513513514
176.0	0.17499995625	1.83775884718	0.41165788357	0	1510669929.5594125	55.3513513514	0.513513513514
175.5	0.17499995625	1.83183002637	0.435259092859	0	1510669930.5554123	55.3513513514	0.518918918919
174.5	0.17499995625	2.22270599703	0.526437470786	0	1510669931.5546935	55.3513513514	0.518918918919
174.0	0.17499995625	1.85473331478	0.463842638155	0	1510669932.5644379	55.652173913	0.527177177177
173.5	0.17499995625	1.66054089541	0.392175259866	0	1510669933.6302485	55.652173913	0.516366366366
173.0	0.17499995625	1.53184704613	0.372161814817	0	1510669934.5760083	55.652173913	0.527177177177
172.5	0.17499995625	1.50408438181	0.35530880431	0	1510669935.57112	55.652173913	0.521771771772
171.5	0.17499995625	1.63282772305	0.431938489399	0	1510669936.5557404	55.652173913	0.532582582583
171.0	0.17499995625	1.70454373341	0.421140075022	0	1510669937.5587506	55.3513513514	0.527027027027
170.5	0.17499995625	1.54940610697	0.373568119236	0	1510669938.5675216	54.9798657718	0.557076813656
170.0	0.17499995625	1.79610710083	0.36365952712	0	1510669939.5564637	54.9798657718	0.543563300142
169.0	0.17499995625	1.46598602806	0.322897021072	0	1510669940.5522869	54.9798657718	0.550320056899
168.5	0.17499995625	1.36159860359	0.311785308485	0	1510669941.5689368	54.9798657718	0.550320056899
168.0	0.17499995625	1.31562017728	0.297376912392	0	1510669942.5669596	54.9798657718	0.543563300142
167.0	0.17499995625	1.20880822121	0.272150893868	0	1510669943.5633414	54.9798657718	0.550320056899
166.5	0.17499995625	1.58444576037	0.37582026592	0	1510669944.559572	55.3513513514	0.547297297297
166.0	0.17499995625	1.65042693782	0.403022733853	0	1510669945.5604188	54.9798657718	0.557096570254
165.5	0.172916623438	1.65841295074	0.42723734036	0	1510669946.5521967	54.9798657718	0.550320056899
165.0	0.17499995625	1.28189070517	0.321866717774	0	1510669947.566908	54.9798657718	0.516714082504
