
#$Filter:1
#$	0	1	 1
#$	1	op06	0.251188643150958
#$	2	op09*op09	0.015848931924611138
#$	3	op18*op18*op18	3.9810717055349725e-06
#$	4	ns12	1e-7
#$	5	0	 1e-22
#$POWER:19.4, mW
#$WAVELENGTH:1064,nm
#$OBJECT:cSi_norm, bscat	=	=	=	=	=
angle	ref	signal	signal_std	filter	Time	freq	duty_cycle
1.5	0.096875	0.000123381877023	0.00089607554865	0	1512218112.6860662	56.2637362637	0.429309380713
1.0	0.09375	0.000185643564356	0.00154312482229	0	1512218113.447131	55.956284153	0.440565160302
0.5	0.096875	0.000132150798464	0.00105297709048	0	1512218114.2307036	53.612565445	0.444786081628
0.0	0.1015625	7.29949874687e-05	0.00147068385377	0	1512218114.6866827	54.2516556291	0.45439390331
360.0	0.1015625	0.000251253132832	0.00162404035854	0	1512218115.4664476	54.2516556291	0.45439390331
359.5	0.096875	2.86236147887e-05	0.00222348346593	0	1512218116.2362175	53.8947368421	0.44702009702
359.0	0.09375	0.000275280070755	0.00141044837694	0	1512218116.6811047	56.8888888889	0.427183675369
358.5	0.096875	0.000112926136364	0.00148510119117	0	1512218117.443098	53.8947368421	0.445543345543
358.0	0.0953125	0.000559745805539	0.00225798023581	0	1512218118.2095819	53.0569948187	0.454983377769
357.5	0.0984375	0.00322094189618	0.00215110976539	0	1512218118.6830783	52.8516129032	0.451585695007
357.0	0.0984375	0.00322094189618	0.00215110976539	0	1512218119.4408584	52.8516129032	0.451585695007
356.5	0.0953125	0.00416982323232	0.00143444985334	0	1512218120.2023695	54.4680851064	0.434927234927
356.0	0.0953125	0.00386085626911	0.00139986978561	0	1512218120.6876276	53.5424836601	0.457129700551
355.5	0.0953125	0.00386085626911	0.00139986978561	0	1512218121.4466417	53.5424836601	0.457129700551
355.0	0.096875	0.000305818787441	0.00334989653707	0	1512218122.2114491	53.5424836601	0.450854700855
354.5	0.096875	0.00412237270192	0.00111525923816	0	1512218122.681987	53.5424836601	0.450854700855
354.0	0.096875	0.00412237270192	0.00111525923816	0	1512218123.4470215	53.5424836601	0.450854700855
353.5	0.096875	0.00319753690311	0.00184657636909	0	1512218123.8559282	53.1948051948	0.447275641026
353.0	0.09375	0.00410016632673	0.00221828648116	0	1512218124.6807868	53.8947368421	0.460301394512
352.5	0.096875	0.00371946984239	0.00209084729975	0	1512218125.4567015	54.4680851064	0.429133298576
352.0	0.0953125	0.00363667582418	0.00187815467416	0	1512218126.2544804	53.5424836601	0.45762802276
351.5	0.0953125	0.00363667582418	0.00187815467416	0	1512218126.6835654	53.5424836601	0.45762802276
351.0	0.0953125	0.00318225049407	0.00245753782657	0	1512218127.4467356	53.5424836601	0.458836463924
350.5	0.09375	0.00357329556507	0.00204447104837	0	1512218128.2165432	52.5128205128	0.474190283401
350.0	0.096875	0.00379386473804	0.00223001635231	0	1512218128.682356	54.1798941799	0.438922931028
349.5	0.0953125	0.00351796797418	0.00218656411158	0	1512218129.46809	53.3333333333	0.458299595142
348.5	0.0984375	0.00340220543346	0.00239174248745	0	1512218130.2491007	53.1948051948	0.453765746449
348.5	0.0953125	0.00301521070076	0.00209046643865	0	1512218130.6820905	54.7593582888	0.432959477696
348.0	0.0953125	0.00301521070076	0.00209046643865	0	1512218131.4400797	54.7593582888	0.432959477696
347.0	0.0984375	0.00357910351017	0.00141212867545	0	1512218132.2167065	53.1948051948	0.459996144207
347.0	0.0953125	0.00235047043011	0.00199895236826	0	1512218132.681688	53.1948051948	0.461032388664
346.0	0.0953125	0.00235047043011	0.00199895236826	0	1512218133.439475	53.1948051948	0.461032388664
345.5	0.1	0.00324154765561	0.00224287647433	0	1512218134.2016573	53.1948051948	0.45472972973
345.5	0.0984375	0.00244275128866	0.00208040743808	0	1512218134.6832576	54.4680851064	0.428032242769
345.0	0.0984375	0.00244275128866	0.00208040743808	0	1512218135.4454572	54.4680851064	0.428032242769
344.0	0.096875	0.00308056675513	0.00202616910037	0	1512218136.2080884	53.1948051948	0.448181329102
344.0	0.096875	0.00241090754484	0.00161607530151	0	1512218136.6851802	53.1948051948	0.441753519714
343.5	0.096875	0.00241090754484	0.00161607530151	0	1512218137.4501395	53.1948051948	0.441753519714
343.0	0.0984375	0.00320074884793	0.00165521887904	0	1512218138.2286553	53.1948051948	0.441584828756
342.5	0.0953125	0.00264351851852	0.00216668057777	0	1512218138.68057	53.8947368421	0.440290630422
342.0	0.096875	0.00299519478844	0.00197661514833	0	1512218139.4376016	55.0537634409	0.414204867006
341.0	0.096875	0.00299519478844	0.00197661514833	0	1512218140.1985095	55.0537634409	0.414204867006
341.0	0.0984375	0.00279013157895	0.00118711267192	0	1512218140.6813815	54.4680851064	0.411294178794
340.5	0.0984375	0.00279013157895	0.00118711267192	0	1512218141.4382932	54.4680851064	0.411294178794
340.0	0.1	0.00303561571658	0.00164661294001	0	1512218142.213185	52.8516129032	0.451669873685
339.5	0.0984375	0.00206747627888	0.00132315814464	0	1512218142.6851678	53.8947368421	0.441173845911
339.0	0.0984375	0.00206747627888	0.00132315814464	0	1512218143.4632556	53.8947368421	0.441173845911
338.5	0.096875	0.00230576090203	0.00164546955568	0	1512218144.2371423	52.5128205128	0.461538461538
338.0	0.0984375	0.00205686090226	0.00125701687004	0	1512218144.6860688	53.5424836601	0.451150123166
337.5	0.0984375	0.00205686090226	0.00125701687004	0	1512218145.4499867	53.5424836601	0.451150123166

#$Filter:1
#$	0	1	 1
#$	1	op06	0.251188643150958
#$	2	op09*op09	0.015848931924611138
#$	3	op18*op18*op18	3.9810717055349725e-06
#$	4	ns12	1e-7
#$	5	0	 1e-22
#$POWER:19.4, mW
#$WAVELENGTH:1064,nm
#$OBJECT:cSi_norm, bscat	=	=	=	=	=
angle	ref	signal	signal_std	filter	Time	freq	duty_cycle
335.5	0.0953125	0.00224165811731	0.00133129705843	0	1512218153.6847403	54.1798941799	0.454880791723
334.5	0.096875	0.00260876087609	0.0014072778995	0	1512218154.4525948	53.5424836601	0.443852320062
333.5	0.0953125	0.00143865899725	0.00158552166706	0	1512218155.224503	52.5128205128	0.467749480249
333.0	0.096875	0.00143800227785	0.00175245521296	0	1512218155.6751056	53.1948051948	0.447247045851
332.0	0.096875	0.00158948543714	0.00167910461459	0	1512218156.4362922	53.1948051948	0.447247045851
331.0	0.096875	0.00172350761218	0.00125487241345	0	1512218157.2092028	53.5424836601	0.444486997119
330.5	0.096875	0.00147088402669	0.00183846390133	0	1512218157.675804	52.178343949	0.458316464238
329.5	0.096875	0.00147088402669	0.00183846390133	0	1512218158.4519162	52.178343949	0.458316464238
328.5	0.096875	0.00126172798463	0.00207646566675	0	1512218159.2270396	53.5424836601	0.457225975976
328.0	0.0953125	0.00171080821513	0.00222685766813	0	1512218159.682854	53.1948051948	0.454608454608
326.5	0.096875	0.0012453978998	0.00168856223651	0	1512218160.4415925	52.8516129032	0.451585695007
326.0	0.096875	0.0013081495098	0.00216651754752	0	1512218161.20527	53.1948051948	0.461170532881
325.0	0.0953125	0.000427149342665	0.00193103557799	0	1512218161.6754878	53.1948051948	0.467611336032
324.0	0.0953125	0.00108900619503	0.00207908494895	0	1512218162.4461977	53.1948051948	0.467611336032
323.0	0.096875	0.00116085379464	0.00211941749963	0	1512218163.2100232	55.3513513514	0.429524640514
322.5	0.0984375	0.00101066907998	0.00171467463573	0	1512218163.6740248	53.1948051948	0.461170532881
321.5	0.0984375	0.00101066907998	0.00171467463573	0	1512218164.435182	53.1948051948	0.461170532881
320.5	0.0953125	0.000652428410317	0.00204407560294	0	1512218165.2110794	54.4680851064	0.451289367481
320.0	0.0984375	0.000894404019404	0.0022217053095	0	1512218165.6799376	53.8947368421	0.460301394512
319.0	0.0984375	0.000894404019404	0.0022217053095	0	1512218166.4574544	53.8947368421	0.460301394512
317.5	0.096875	0.000547955069124	0.00104069337551	0	1512218167.2197409	56.8888888889	0.410216802168
317.5	0.096875	0.001019057777	0.00107576540516	0	1512218167.6793394	53.8947368421	0.4465317139
316.0	0.096875	0.001019057777	0.00107576540516	0	1512218168.4434612	53.8947368421	0.4465317139
315.0	0.096875	0.000661016790111	0.00113300997847	0	1512218169.2143838	53.1948051948	0.444947209653
314.5	0.096875	0.000641618625559	0.00228824464654	0	1512218169.6760874	53.5424836601	0.451049075391
313.5	0.096875	0.000531994047619	0.00201992690416	0	1512218170.4492366	53.5424836601	0.457416779127
312.5	0.0984375	0.000428994559612	0.00103074213543	0	1512218171.226782	53.612565445	0.44414335388
312.0	0.0953125	0.000108593911382	0.00191334113638	0	1512218171.67592	55.956284153	0.412544178794
311.0	0.0953125	0.000309675815947	0.0022673804586	0	1512218172.454986	55.956284153	0.412544178794
310.0	0.096875	0.000427123923298	0.00174302949446	0	1512218173.2316558	57.2067039106	0.408009490509
309.0	0.096875	0.000758438883424	0.0012853657882	0	1512218173.6785011	56.2637362637	0.41220642103
308.0	0.096875	0.000758438883424	0.0012853657882	0	1512218174.4404013	56.2637362637	0.41220642103
307.0	0.096875	0.000270251537453	0.00230019237471	0	1512218175.2122118	53.1948051948	0.455396577107
306.5	0.0984375	0.000194392230576	0.000998202158121	0	1512218175.6811566	53.1948051948	0.454402733928
305.5	0.0984375	0.000194392230576	0.000998202158121	0	1512218176.4443629	53.1948051948	0.454402733928
304.5	0.0984375	0.000163291605302	0.001579882058	0	1512218177.205205	53.3333333333	0.458288653025
303.5	0.0984375	0.00029163510101	0.0018508164121	0	1512218177.6758988	54.4680851064	0.433960863698
302.5	0.0984375	0.00029163510101	0.0018508164121	0	1512218178.4360826	54.4680851064	0.433960863698
301.5	0.096875	0.000291372887289	0.00191740253753	0	1512218179.1946068	54.4680851064	0.434833161335
301.0	0.096875	0.00028046679198	0.00168697732236	0	1512218179.677607	55.956284153	0.418116523117
300.0	0.0984375	0.000217652725324	0.00156360061938	0	1512218180.4384575	54.9798657718	0.433969366358
299.0	0.0984375	0.000217652725324	0.00156360061938	0	1512218181.1975832	54.9798657718	0.433969366358
298.5	0.096875	0.000166892027244	0.00209797342886	0	1512218181.6814017	53.5424836601	0.450361380544
297.5	0.0984375	0.000141055764411	0.00199194985605	0	1512218182.4432278	53.5424836601	0.451006522717
296.5	0.0984375	0.000421287593985	0.00107089520454	0	1512218183.202057	53.5424836601	0.451006522717
295.5	0.0984375	0.000196655020704	0.00216846878999	0	1512218183.6789143	53.1948051948	0.448043184885
294.5	0.0984375	0.000196655020704	0.00216846878999	0	1512218184.4441535	53.1948051948	0.448043184885
293.5	0.0953125	1.8568033274e-07	0.0018045730003	0	1512218185.2070804	53.8947368421	0.447176934019
293.0	0.096875	1.43494897959e-05	0.00153783389499	0	1512218185.6755915	53.5424836601	0.464055148266
292.0	0.096875	1.43494897959e-05	0.00153783389499	0	1512218186.4335818	53.5424836601	0.464055148266
291.0	0.096875	0.000400847839136	0.00256229422524	0	1512218187.208566	55.652173913	0.428324026246
290.5	0.096875	0.000195217611336	0.00178911003932	0	1512218187.6764016	53.5424836601	0.44430918773
289.5	0.096875	9.07894736842e-05	0.00218528012363	0	1512218188.4375684	53.8947368421	0.44180982602
288.0	0.096875	9.07894736842e-05	0.00218528012363	0	1512218189.1955004	53.8947368421	0.44180982602
287.5	0.09375	0.00035587797619	0.00234046175582	0	1512218189.6791086	53.1948051948	0.467611336032
286.5	0.0984375	0.000209550865801	0.00207866184888	0	1512218190.443302	53.5424836601	0.431342780027
285.5	0.0984375	9.10612824675e-05	0.00202475117475	0	1512218191.1988258	53.5424836601	0.431342780027
285.0	0.096875	1.27180232558e-05	0.00140831065031	0	1512218191.6816988	53.5424836601	0.431319983952
283.5	0.0953125	0.000107498123123	0.00201236247829	0	1512218192.4467678	53.1948051948	0.467442645074
282.5	0.0953125	7.28393151815e-06	0.00119151219397	0	1512218193.2068803	53.8947368421	0.436443030654
282.0	0.096875	0.000331829896907	0.00213330046496	0	1512218193.6765394	52.5128205128	0.448839223839
281.0	0.096875	0.000331829896907	0.00213330046496	0	1512218194.4432442	52.5128205128	0.448839223839
280.0	0.096875	0.000150148450081	0.00119268962543	0	1512218195.209568	52.8516129032	0.451706970128
279.5	0.0984375	3.98650419287e-05	0.00184651067123	0	1512218195.6774697	53.5424836601	0.435911559746
278.5	0.096875	0.00011767362505	0.00212391105131	0	1512218196.440354	52.8516129032	0.451706970128
277.5	0.096875	0.00011767362505	0.00212391105131	0	1512218197.2070649	52.8516129032	0.451706970128
277.0	0.096875	0.000209134615385	0.00107424291427	0	1512218197.6819313	53.3333333333	0.447755042492
276.0	0.096875	0.000209134615385	0.00107424291427	0	1512218198.4430025	53.3333333333	0.447755042492
274.5	0.0984375	9.49213224894e-05	0.00169151692897	0	1512218199.207013	54.6133333333	0.452837199548
274.0	0.096875	1.04849406991e-05	0.00183164053539	0	1512218199.682673	53.5424836601	0.444669365722
273.0	0.096875	1.04849406991e-05	0.00183164053539	0	1512218200.443756	53.5424836601	0.444669365722
272.0	0.0984375	0.000167810036386	0.00190011646658	0	1512218201.2074733	53.1948051948	0.441464237517
271.5	0.0953125	0.000120963820268	0.00141559512972	0	1512218201.6764479	53.1948051948	0.461170532881
270.5	0.0953125	0.000120963820268	0.00141559512972	0	1512218202.4925067	53.1948051948	0.461170532881
269.5	0.096875	7.42915372671e-05	0.00203939252792	0	1512218203.2689776	53.5424836601	0.451065944487
268.5	0.096875	0.000193159570777	0.00103494204784	0	1512218203.68627	52.8516129032	0.464574898785
268.0	0.096875	0.000245947912485	0.00131228794652	0	1512218204.4498675	53.3333333333	0.458146405515
266.5	0.096875	0.000110720915842	0.00124457938674	0	1512218205.2150898	54.1798941799	0.442988806859
266.0	0.096875	0.000204752953813	0.00110806935429	0	1512218205.6789076	55.0537634409	0.422474327474
265.0	0.0953125	1.18545183714e-05	0.00120228451945	0	1512218206.4448495	52.5128205128	0.472600062539
264.0	0.0953125	5.88071002979e-05	0.00149412925233	0	1512218207.2183578	52.5128205128	0.472600062539
263.0	0.096875	0.000267364290802	0.00160221902355	0	1512218207.6766653	52.5128205128	0.448861336032
