
#$Filter:1
#$	0	1	 1
#$	1	op06	0.251188643150958
#$	2	op09*op09	0.015848931924611138
#$	3	op18*op18*op18	3.9810717055349725e-06
#$	4	ns12	1e-7
#$	5	0	 1e-22
#$POWER:19.0, mW
#$WAVELENGTH:1064,nm
#$OBJECT:cSi_ang, bscat	=	=	=	=	=
angle	ref	signal	signal_std	filter	Time	freq	duty_cycle
0.0	0.096875	0.000265803122112	0.00226388045657	0	1512220187.284469	54.2516556291	0.443812233286
0.0	0.0953125	0.000125341635726	0.00170852604428	0	1512220188.0321918	54.9798657718	0.434555685717
360.0	0.096875	0.000154261363636	0.00204146109889	0	1512220188.7868505	54.7593582888	0.442413609782
360.0	0.0953125	9.02591099164e-05	0.00146362728966	0	1512220189.2807953	53.5424836601	0.444331983806
359.5	0.0953125	9.02591099164e-05	0.00146362728966	0	1512220190.0339758	53.5424836601	0.444331983806
359.0	0.096875	0.00025427827381	0.00116270646571	0	1512220190.7896152	56.2637362637	0.421164316627
358.5	0.0984375	0.000152430044183	0.00153948181272	0	1512220191.281526	53.5424836601	0.457489878543
358.0	0.0953125	0.000296384803922	0.0023266690078	0	1512220192.0392327	53.5424836601	0.457644891855
358.0	0.0953125	0.000296384803922	0.0023266690078	0	1512220192.793485	53.5424836601	0.457644891855
357.5	0.0953125	0.000100086041097	0.00121092342125	0	1512220193.2822614	53.5424836601	0.450910931174
357.0	0.0953125	3.28947368421e-06	0.00194364197155	0	1512220194.0439599	55.652173913	0.423562753036
356.5	0.0953125	0.000706610275689	0.0014026201614	0	1512220194.81121	55.652173913	0.423562753036
356.5	0.0953125	0.000902465220949	0.00188297590606	0	1512220195.2832024	56.5745856354	0.409769879244
356.0	0.0953125	0.000902465220949	0.00188297590606	0	1512220196.0348423	56.5745856354	0.409769879244
355.5	0.0953125	0.000745028409091	0.00246805510133	0	1512220196.7939694	58.8505747126	0.391537801538
355.0	0.0953125	0.000913594470046	0.00147526835187	0	1512220197.2784564	56.2637362637	0.410438900439
354.5	0.0953125	0.000913594470046	0.00147526835187	0	1512220198.033406	56.2637362637	0.410438900439
354.0	0.096875	0.000692640139116	0.00134195315819	0	1512220198.788653	56.8888888889	0.412337017821
354.0	0.0953125	0.000633878551421	0.00156156260928	0	1512220199.281399	55.3513513514	0.433342039963
353.5	0.0953125	0.000633878551421	0.00156156260928	0	1512220200.0392702	55.3513513514	0.433342039963
353.0	0.0953125	0.000797478864734	0.00160557287125	0	1512220200.7933671	53.5424836601	0.45762802276
353.0	0.096875	0.000872607773503	0.0014963411532	0	1512220201.2860086	53.1948051948	0.461010276471
352.5	0.096875	0.000567938112745	0.00172317090448	0	1512220202.0449426	55.652173913	0.433029275135
352.0	0.096875	0.00109988352498	0.00124016349731	0	1512220202.8037846	53.1948051948	0.461201079622
351.5	0.0953125	0.000446570182395	0.0021853757165	0	1512220203.2869318	56.2637362637	0.428184879002
351.0	0.0953125	0.000446570182395	0.0021853757165	0	1512220204.045878	56.2637362637	0.428184879002
350.5	0.0953125	0.000795972644377	0.0012733190161	0	1512220204.7953844	56.8888888889	0.416232449202
350.5	0.0953125	0.000970238095238	0.00143181810353	0	1512220205.2814164	56.5745856354	0.426426995943
350.0	0.0953125	0.000970238095238	0.00143181810353	0	1512220206.0406132	56.5745856354	0.426426995943
349.5	0.0953125	0.000913793528657	0.00230121991839	0	1512220206.7962666	53.1948051948	0.461170532881
349.0	0.0953125	0.00112939927184	0.00162236562024	0	1512220207.2783782	54.2516556291	0.450179937022
348.5	0.0953125	0.00112939927184	0.00162236562024	0	1512220208.0550075	54.2516556291	0.450179937022
348.0	0.0953125	0.00107200126263	0.00113408160312	0	1512220208.7992656	55.3513513514	0.43474564651
348.0	0.0953125	0.000979881893704	0.00203962489753	0	1512220209.2869813	52.178343949	0.439065029286
347.5	0.0953125	0.000628125	0.00192875040506	0	1512220210.0449948	53.5424836601	0.457129700551
347.0	0.0953125	0.00100297619048	0.00141072023412	0	1512220210.8039026	57.2067039106	0.421614699663
346.5	0.096875	0.000919595692808	0.00205641627953	0	1512220211.2868824	53.5424836601	0.457644891855
346.0	0.0953125	0.00136605020796	0.00153066422172	0	1512220212.0376573	54.7593582888	0.435378733997
346.0	0.0953125	0.00136605020796	0.00153066422172	0	1512220212.7914965	54.7593582888	0.435378733997
345.5	0.096875	0.000958382823797	0.00225340418895	0	1512220213.2784889	53.1948051948	0.452666414316
345.0	0.096875	0.00110782701743	0.00232633713249	0	1512220214.039202	52.5128205128	0.451816145662
344.5	0.096875	0.00119914004593	0.00187936914363	0	1512220214.7939355	52.5128205128	0.451816145662
344.5	0.096875	0.00142712692661	0.00181878591752	0	1512220215.2819078	53.8947368421	0.447062041799
344.0	0.0953125	0.00124757653061	0.00205670587652	0	1512220216.0400128	54.4680851064	0.442104562105
343.5	0.0953125	0.00131387943482	0.00200375987661	0	1512220216.798819	54.2516556291	0.436100244982
343.0	0.0984375	0.00138478535354	0.00243082587782	0	1512220217.286774	53.8947368421	0.453356950067
342.5	0.0984375	0.00138478535354	0.00243082587782	0	1512220218.0708253	53.8947368421	0.453356950067
342.0	0.0953125	0.00122196156162	0.00163839285439	0	1512220218.8264575	54.2516556291	0.442036689598
341.5	0.0921875	0.00130984881576	0.00250057250569	0	1512220219.2875843	53.5424836601	0.446388206534
341.0	0.1	0.00186850793402	0.0023926087062	0	1512220220.046357	52.8516129032	0.438765182186
340.5	0.096875	0.00125153609831	0.00138084806778	0	1512220220.8111906	56.5745856354	0.410151446994
340.0	0.096875	0.00142261904762	0.00212034721384	0	1512220221.2813177	53.5424836601	0.453744692288
339.5	0.096875	0.00142261904762	0.00212034721384	0	1512220222.0359564	53.5424836601	0.453744692288
339.0	0.096875	0.00124425388967	0.00188471651581	0	1512220222.7951837	53.8947368421	0.436185599746
338.5	0.096875	0.00197010326033	0.00129849616836	0	1512220223.281913	52.8516129032	0.451200213371
338.0	0.096875	0.00197010326033	0.00129849616836	0	1512220224.0354812	52.8516129032	0.451200213371
337.5	0.0984375	0.00155494505495	0.00214344041442	0	1512220224.7997856	56.5745856354	0.393136045241
337.0	0.0953125	0.00157016509434	0.00149037482039	0	1512220225.2867537	61.686746988	0.391460863698
336.5	0.0953125	0.00166081322938	0.00118059775488	0	1512220226.0583708	52.5128205128	0.455542015057
336.0	0.096875	0.002109375	0.00118312929212	0	1512220226.8073614	54.7593582888	0.437287449393
335.5	0.0984375	0.00176271044206	0.00224892587362	0	1512220227.2810955	56.2637362637	0.410314247156
334.5	0.0984375	0.00176271044206	0.00224892587362	0	1512220228.0369165	56.2637362637	0.410314247156
334.0	0.096875	0.0019346668956	0.000887995662996	0	1512220228.7929642	52.5128205128	0.455111336032
333.5	0.096875	0.00248136914025	0.00118135498195	0	1512220229.2811332	52.8516129032	0.464726720648
333.0	0.096875	0.00248136914025	0.00118135498195	0	1512220230.036667	52.8516129032	0.464726720648
332.5	0.096875	0.00163079896907	0.00242163057836	0	1512220230.795772	55.0537634409	0.426339425112
332.0	0.096875	0.00189741161616	0.00169951089641	0	1512220231.2835999	54.4680851064	0.428056680162
331.5	0.096875	0.00219437568757	0.00186885286166	0	1512220232.041433	54.1798941799	0.436816341553
331.0	0.096875	0.00219437568757	0.00186885286166	0	1512220232.8003829	54.1798941799	0.436816341553
330.5	0.0984375	0.00338480562736	0.00149829907712	0	1512220233.2875047	52.178343949	0.445940308087
330.0	0.0953125	2.96442687747e-05	0.00277398606176	0	1512220234.046129	52.8516129032	0.457885822279
329.5	0.1	0.00313972431078	0.0021430348802	0	1512220234.8040712	53.1948051948	0.440628433311
329.0	0.096875	0.0024584375319	0.00113745672024	0	1512220235.279182	53.1948051948	0.441025641026
328.5	0.096875	0.0024584375319	0.00113745672024	0	1512220236.0341573	53.1948051948	0.441025641026
328.0	0.0984375	0.00277576530612	0.00113030001548	0	1512220236.788023	54.1798941799	0.432430758932
327.5	0.096875	0.00273752012882	0.000893103425222	0	1512220237.2878234	52.8516129032	0.450364509246
327.0	0.096875	0.00208518576372	0.00166035540259	0	1512220238.0389006	52.5128205128	0.461842105263
326.5	0.096875	0.00229690063577	0.00218630501302	0	1512220238.7924922	52.8516129032	0.444551282051
326.0	0.0984375	0.00318868452567	0.00240946675593	0	1512220239.2806084	54.1798941799	0.432525987526
325.5	0.0984375	0.00318868452567	0.00240946675593	0	1512220240.0381987	54.1798941799	0.432525987526
325.0	0.096875	0.00327914222874	0.00174100651006	0	1512220240.7944067	52.8516129032	0.455955252358
324.5	0.096875	0.00292111650485	0.00145759693187	0	1512220241.2834518	53.1948051948	0.441255881387
324.0	0.096875	0.00292111650485	0.00145759693187	0	1512220242.0361269	53.1948051948	0.441255881387
323.5	0.1015625	0.00355011067388	0.00188419405673	0	1512220242.7958572	52.8516129032	0.451022403983
323.0	0.096875	0.00300133928571	0.00177016106187	0	1512220243.2838192	55.0537634409	0.438522187142
322.0	0.096875	0.00300133928571	0.00177016106187	0	1512220244.0427454	55.0537634409	0.438522187142
321.5	0.096875	0.00348425467547	0.0022608281705	0	1512220244.8056364	53.3333333333	0.440194239046
321.0	0.0984375	0.00298693433667	0.00154463256568	0	1512220245.2804523	52.8516129032	0.450972313777
320.5	0.0984375	0.00298693433667	0.00154463256568	0	1512220246.0346074	52.8516129032	0.450972313777
320.0	0.096875	0.00288912259615	0.00225496436746	0	1512220246.7905142	52.5128205128	0.442434210526
319.5	0.096875	0.00324619961996	0.00194625247995	0	1512220247.2792335	54.1798941799	0.435659581646
319.0	0.096875	0.00324619961996	0.00194625247995	0	1512220248.0342228	54.1798941799	0.435659581646
318.5	0.096875	0.00330004295533	0.00156319429019	0	1512220248.791307	53.1948051948	0.454605263158
318.0	0.096875	0.0038225564573	0.00201796303741	0	1512220249.2821517	52.178343949	0.458805668016
317.5	0.096875	0.00382828282828	0.00242776625665	0	1512220250.0431063	52.178343949	0.452226720648
317.0	0.096875	0.00345690483414	0.00238184285542	0	1512220250.8027987	55.3513513514	0.412499883661
316.5	0.0953125	0.0031444246513	0.00219623415753	0	1512220251.2846212	55.652173913	0.423448036896
316.0	0.0953125	0.0031444246513	0.00219623415753	0	1512220252.0345106	55.652173913	0.423448036896
315.5	0.096875	0.00393554980498	0.00139816569943	0	1512220252.793651	53.1948051948	0.44901425404
315.0	0.0953125	0.00383165238294	0.00121822712325	0	1512220253.2781084	55.652173913	0.41877963096
314.5	0.0953125	0.00383165238294	0.00121822712325	0	1512220254.0341394	55.652173913	0.41877963096
314.0	0.096875	0.00346532362945	0.00118513519365	0	1512220254.794297	53.1948051948	0.453670438731
313.5	0.1015625	0.00414590218963	0.00225578037566	0	1512220255.280912	53.1948051948	0.440202702703
313.0	0.1015625	0.00414590218963	0.00225578037566	0	1512220256.0392354	53.1948051948	0.440202702703
312.5	0.096875	0.003728125	0.00226015719517	0	1512220256.7937138	55.0537634409	0.438058302205
312.0	0.096875	0.00462862318841	0.00193104544879	0	1512220257.2830348	53.8947368421	0.447345624977
311.5	0.096875	0.00462862318841	0.00193104544879	0	1512220258.043544	53.8947368421	0.447345624977
310.5	0.096875	0.0044984172445	0.00146611567747	0	1512220258.803611	52.178343949	0.452243589744
310.5	0.096875	0.00452799479167	0.00195643978695	0	1512220259.284392	55.956284153	0.416261808367
309.5	0.0953125	0.00431912878788	0.00221830981549	0	1512220260.035328	54.1798941799	0.432620537357
309.0	0.0953125	0.00431912878788	0.00221830981549	0	1512220260.7884748	54.1798941799	0.432620537357
308.5	0.0953125	0.00454969362745	0.00226295691063	0	1512220261.2813687	52.5128205128	0.454951079622
308.0	0.096875	0.000251861916264	0.00275079670857	0	1512220262.0360255	52.5128205128	0.454951079622
307.5	0.096875	0.0044552636876	0.00108003485704	0	1512220262.7920349	52.5128205128	0.454951079622
307.0	0.096875	0.00570158821758	0.00182525408465	0	1512220263.2810638	50.2576687117	0.465832459055
306.5	0.096875	0.00559771478521	0.00151002091864	0	1512220264.0390332	52.5128205128	0.461842105263
306.0	0.0953125	0.00341474514563	0.00273563448516	0	1512220264.790857	53.0569948187	0.450170149907
305.5	0.096875	0.00817354024943	0.0011997109056	0	1512220265.2855518	54.1798941799	0.437079499448
305.0	0.096875	0.00817354024943	0.0011997109056	0	1512220266.0374455	54.1798941799	0.437079499448

#$Filter:1
#$	0	1	 1
#$	1	op06	0.251188643150958
#$	2	op09*op09	0.015848931924611138
#$	3	op18*op18*op18	3.9810717055349725e-06
#$	4	ns12	1e-7
#$	5	0	 1e-22
#$POWER:19.0, mW
#$WAVELENGTH:1064,nm
#$OBJECT:cSi_ang, bscat	=	=	=	=	=
angle	ref	signal	signal_std	filter	Time	freq	duty_cycle
304.5	0.0953125	0.0172109581051	0.00242696156852	0	1512220281.7680435	52.8516129032	0.463983383255
304.5	0.0953125	0.0152699718988	0.00393017880029	0	1512220282.2679996	53.5424836601	0.450677575349
304.0	0.0953125	0.0213430851064	0.00284733407256	0	1512220283.0270877	53.5424836601	0.450677575349
304.0	0.0953125	0.0318870385233	0.00167291141146	0	1512220283.7830412	54.2516556291	0.442047426258
303.5	0.096875	0.0514836471273	0.00209030590248	0	1512220284.2677114	53.1948051948	0.459996144207
303.5	0.096875	0.0515118243243	0.00210664046002	0	1512220285.0228665	52.5128205128	0.455280026991
303.0	0.096875	0.0779523273273	0.00252208608296	0	1512220285.7745206	52.5128205128	0.455280026991
303.0	0.096875	0.165608550967	0.00975858322212	0	1512220286.2713456	53.5424836601	0.450871266003
303.0	0.096875	0.193936727335	0.00194320801522	0	1512220287.0274403	52.8516129032	0.457885822279

#$Filter:op09*op09
#$	0	1	 1
#$	1	op06	0.251188643150958
#$	2	op09*op09	0.015848931924611138
#$	3	op18*op18*op18	3.9810717055349725e-06
#$	4	ns12	1e-7
#$	5	0	 1e-22
#$POWER:19.0, mW
#$WAVELENGTH:1064,nm
#$OBJECT:cSi_ang, bscat	=	=	=	=	=
angle	ref	signal	signal_std	filter	Time	freq	duty_cycle
302.5	0.0984375	0.0308366225731	0.0065973803586	2	1512220300.1523175	53.8947368421	0.440505890506
302.5	0.0984375	0.0308366225731	0.0065973803586	2	1512220300.9121506	53.8947368421	0.440505890506
302.0	0.0984375	0.507420634921	0.0057790338178	2	1512220301.6653643	53.5424836601	0.463666779127
302.0	0.0984375	0.452530324311	0.012748156139	2	1512220302.158239	53.5424836601	0.463708647919

#$Filter:op09*op09
#$	0	1	 1
#$	1	op06	0.251188643150958
#$	2	op09*op09	0.015848931924611138
#$	3	op18*op18*op18	3.9810717055349725e-06
#$	4	ns12	1e-7
#$	5	0	 1e-22
#$POWER:19.0, mW
#$WAVELENGTH:1064,nm
#$OBJECT:cSi_ang, bscat	=	=	=	=	=
angle	ref	signal	signal_std	filter	Time	freq	duty_cycle
301.5	0.0953125	0.0778977272727	0.0032266524692	2	1512220310.6450763	53.1948051948	0.454605263158
301.5	0.0953125	0.0041465681841	0.00301896202221	2	1512220311.6516685	56.8888888889	0.404895572264

#$Filter:op06
#$	0	1	 1
#$	1	op06	0.251188643150958
#$	2	op09*op09	0.015848931924611138
#$	3	op18*op18*op18	3.9810717055349725e-06
#$	4	ns12	1e-7
#$	5	0	 1e-22
#$POWER:19.0, mW
#$WAVELENGTH:1064,nm
#$OBJECT:cSi_ang, bscat	=	=	=	=	=
angle	ref	signal	signal_std	filter	Time	freq	duty_cycle
301.5	0.0984375	0.0683758734472	0.00261628305285	1	1512220364.4169564	53.1948051948	0.467611336032
301.0	0.0953125	0.0385441628264	0.00116042426169	1	1512220365.1721685	52.8516129032	0.451585695007
300.5	0.0953125	0.0246131562756	0.00192914761078	1	1512220365.931084	52.8516129032	0.458147773279
300.5	0.0953125	0.0173339093702	0.00183820655885	1	1512220366.4168975	56.2637362637	0.401402206139
300.0	0.0953125	0.0173339093702	0.00183820655885	1	1512220367.1743965	56.2637362637	0.401402206139
299.5	0.0953125	0.0275269268775	0.00110556423187	1	1512220367.928247	53.1948051948	0.467420532881
299.0	0.09375	0.00128434065934	0.00215186364524	1	1512220368.423266	52.178343949	0.451998821054
298.5	0.096875	0.000547857704403	0.00249497650672	1	1512220369.185094	52.5128205128	0.455111336032
298.5	0.096875	0.000542592036815	0.00144489185636	1	1512220369.9441779	53.3333333333	0.440962372847
298.0	0.0953125	0.000763950892857	0.000928724041183	1	1512220370.4238055	52.8516129032	0.464037595288

#$Filter:1
#$	0	1	 1
#$	1	op06	0.251188643150958
#$	2	op09*op09	0.015848931924611138
#$	3	op18*op18*op18	3.9810717055349725e-06
#$	4	ns12	1e-7
#$	5	0	 1e-22
#$POWER:19.0, mW
#$WAVELENGTH:1064,nm
#$OBJECT:cSi_ang, bscat	=	=	=	=	=
angle	ref	signal	signal_std	filter	Time	freq	duty_cycle
297.5	0.0953125	0.00366551987768	0.00179771266707	0	1512220380.389936	52.178343949	0.458777690004
297.0	0.0953125	0.00279063130828	0.00221978439836	0	1512220381.1454687	52.178343949	0.465064102564
296.5	0.0953125	0.00426019082269	0.00189973073744	0	1512220381.8915203	52.5128205128	0.455280026991
296.5	0.0953125	0.00362479988639	0.00219496281304	0	1512220382.3914003	53.612565445	0.444435204435
296.0	0.0953125	0.00351404671717	0.0015166035699	0	1512220383.1608462	52.5128205128	0.461639576033
295.5	0.0953125	0.00431237745098	0.00146046867478	0	1512220383.9161634	53.3333333333	0.444888444888
295.5	0.096875	0.00391251265182	0.00177554389104	0	1512220384.3867345	52.178343949	0.463820023031
295.0	0.096875	0.00391251265182	0.00177554389104	0	1512220385.1434836	52.178343949	0.463820023031
294.5	0.0953125	0.00343006477467	0.00144766958596	0	1512220385.9029276	53.8947368421	0.460301394512
294.5	0.0953125	0.00321125060357	0.00205997508832	0	1512220386.3883834	52.178343949	0.4714457638
294.0	0.0953125	0.00354451967945	0.00246717597816	0	1512220387.1466017	52.5128205128	0.460992723493
293.5	0.0953125	0.00354451967945	0.00246717597816	0	1512220387.9052858	52.5128205128	0.460992723493
293.5	0.0953125	0.00271817439097	0.00210705924776	0	1512220388.3851964	54.7593582888	0.446781376518
293.0	0.0953125	0.00271817439097	0.00210705924776	0	1512220389.134153	54.7593582888	0.446781376518
292.5	0.096875	0.00340035703317	0.00184868966724	0	1512220389.8862596	53.1948051948	0.451662810873
292.5	0.09375	0.00358769329897	0.00201576792129	0	1512220390.3930733	54.1798941799	0.436198422886
292.0	0.09375	0.00358769329897	0.00201576792129	0	1512220391.1528547	54.1798941799	0.436198422886
291.5	0.0953125	0.00312895408163	0.00194869408369	0	1512220391.9099324	54.7593582888	0.42497593068
291.0	0.0953125	0.0024251618123	0.00160506462305	0	1512220392.3868003	52.8516129032	0.457120582121
291.0	0.0953125	0.0024251618123	0.00160506462305	0	1512220393.1417317	52.8516129032	0.457120582121
290.5	0.0953125	0.00306133235005	0.00103110385235	0	1512220393.8975556	52.8516129032	0.457827260459
290.5	0.096875	0.00365204115885	0.00153530328691	0	1512220394.3874676	50.8819875776	0.452249082007
290.0	0.0984375	0.000324096188656	0.00291786526519	0	1512220395.1402302	52.8516129032	0.451357178251
289.5	0.0984375	0.00236266844328	0.00218924028694	0	1512220395.8962643	52.8516129032	0.451357178251
289.0	0.096875	0.0026406848659	0.00197748731869	0	1512220396.3863053	45.1764705882	0.406575381543
288.5	0.09375	0.00247209158416	0.0018689348199	0	1512220397.1429482	54.7593582888	0.444903139223
288.5	0.0984375	0.000886167417417	0.00184063479241	0	1512220397.8920453	52.8516129032	0.464397773279
288.0	0.096875	0.00339571424926	0.00210237181583	0	1512220398.3938653	52.5128205128	0.465208564046
288.0	0.096875	0.00339571424926	0.00210237181583	0	1512220399.1505058	52.5128205128	0.465208564046
287.5	0.09375	0.0025522239724	0.00178836633663	0	1512220399.908686	54.7593582888	0.442786248978
287.0	0.0953125	0.00283779495221	0.00206829903057	0	1512220400.3938878	53.1948051948	0.460863697706
287.0	0.0953125	0.00345549821611	0.00195435532237	0	1512220401.1502912	53.1948051948	0.448043184885
286.5	0.0953125	0.00345549821611	0.00195435532237	0	1512220401.9104798	53.1948051948	0.448043184885
286.0	0.0953125	0.00250102164652	0.00220457471999	0	1512220402.4062579	53.8947368421	0.446468735942
284.5	0.0953125	0.00325013862285	0.00126988025103	0	1512220403.1653852	52.178343949	0.4651957638
283.5	0.0953125	0.00270842717718	0.00148699107515	0	1512220403.944214	52.8516129032	0.457111528822
282.5	0.0953125	0.00270842717718	0.00148699107515	0	1512220404.3881257	52.8516129032	0.457111528822
281.5	0.0953125	0.0026549096201	0.00207276524896	0	1512220405.18705	54.7593582888	0.415377867746
280.5	0.0953125	0.00238394994017	0.00239089902074	0	1512220405.9446588	52.5128205128	0.455111336032
279.5	0.0953125	0.00162946428571	0.00221239441824	0	1512220406.3938363	53.612565445	0.430920106316
278.5	0.0953125	0.00204109101991	0.00164971055812	0	1512220407.1457253	54.2516556291	0.434178321678
277.5	0.096875	0.00152034031149	0.000902649960069	0	1512220407.8933675	55.652173913	0.418774928775

#$Filter:1
#$	0	1	 1
#$	1	op06	0.251188643150958
#$	2	op09*op09	0.015848931924611138
#$	3	op18*op18*op18	3.9810717055349725e-06
#$	4	ns12	1e-7
#$	5	0	 1e-22
#$POWER:19.0, mW
#$WAVELENGTH:1064,nm
#$OBJECT:cSi_ang, bscat	=	=	=	=	=
angle	ref	signal	signal_std	filter	Time	freq	duty_cycle
276.5	0.096875	0.00155555555556	0.00097157716696	0	1512220413.3943245	52.8516129032	0.451568825911
275.5	0.096875	0.00130884779654	0.00223551305646	0	1512220414.1486607	52.5128205128	0.461842105263
274.5	0.0953125	0.00182558945908	0.00228465028249	0	1512220414.903261	55.3513513514	0.426101871102
273.5	0.096875	0.00165389475528	0.00202110478718	0	1512220415.3913975	53.8947368421	0.445559657061
272.5	0.096875	0.00165389475528	0.00202110478718	0	1512220416.14834	53.8947368421	0.445559657061
271.0	0.0984375	0.00160494134023	0.0013995063811	0	1512220416.9042456	53.8947368421	0.453545321637
270.5	0.096875	0.00126777844551	0.00166928629061	0	1512220417.393054	52.8516129032	0.44528241335
269.5	0.096875	0.00125269844985	0.00245543117845	0	1512220418.1490593	52.178343949	0.44369122608
268.5	0.096875	0.00125269844985	0.00245543117845	0	1512220418.9045715	52.178343949	0.44369122608
268.0	0.096875	0.00111141707921	0.00129172168902	0	1512220419.3978612	54.4680851064	0.429743589744
266.5	0.096875	0.000971486175115	0.00104687822216	0	1512220420.1575048	51.8481012658	0.454544134727
265.5	0.096875	0.000971486175115	0.00104687822216	0	1512220420.9176583	51.8481012658	0.454544134727
265.0	0.0953125	0.000682816443409	0.00203412228679	0	1512220421.3912888	52.178343949	0.464886977058
264.0	0.0953125	0.000682816443409	0.00203412228679	0	1512220422.145252	52.178343949	0.464886977058
263.0	0.096875	0.000740919237013	0.00107485688456	0	1512220422.9024243	52.178343949	0.445833333333
262.0	0.0953125	0.000444128787879	0.00214261996455	0	1512220423.3912773	52.5128205128	0.455572561798
261.0	0.0953125	0.000444128787879	0.00214261996455	0	1512220424.1477466	52.5128205128	0.455572561798
260.0	0.096875	0.000596590909091	0.0019518099912	0	1512220424.905818	52.8516129032	0.463205799855
259.0	0.1	0.0006557043504	0.00114047141729	0	1512220425.393974	52.5128205128	0.461690283401
258.0	0.096875	0.00040929286141	0.00211868420689	0	1512220426.145861	52.178343949	0.458805668016

#$Filter:1
#$	0	1	 1
#$	1	op06	0.251188643150958
#$	2	op09*op09	0.015848931924611138
#$	3	op18*op18*op18	3.9810717055349725e-06
#$	4	ns12	1e-7
#$	5	0	 1e-22
#$POWER:19.0, mW
#$WAVELENGTH:1064,nm
#$OBJECT:cSi_ang, bscat	=	=	=	=	=
angle	ref	signal	signal_std	filter	Time	freq	duty_cycle
