
#$Filter:1
#$	0	1	 1
#$	1	op06	0.251188643150958
#$	2	op09*op09	0.015848931924611138
#$	3	op18*op18*op18	3.9810717055349725e-06
#$	4	ns12	1e-7
#$	5	0	 1e-22
#$POWER:19.4, mW
#$WAVELENGTH:1064,nm
#$OBJECT:SiNW4.6mkm_normal, bscat	=	=	=	=
angle	ref	signal	signal_std	filter	Time	freq	duty_cycle
0.0	0.0859375	0.200534759358	4.86675470169	0	1512212004.5560863	60.9523809524	0.446524064171
0.0	0.0859375	0.226328695826	4.62111796456	0	1512212005.2983847	61.3173652695	0.461140819964
0.0	0.0875	0.645796197267	5.08469159062	0	1512212006.0813065	61.3173652695	0.443137254902
360.0	0.0875	0.0906450320513	4.52813652344	0	1512212006.5571108	60.9523809524	0.464349376114
359.5	0.0875	0.0906450320513	4.52813652344	0	1512212007.3426907	60.9523809524	0.464349376114
359.0	0.0875	0.540210233029	4.70476883314	0	1512212008.1029592	61.3173652695	0.4647686827
359.0	0.0859375	0.684866379742	4.64646573393	0	1512212008.555605	61.686746988	0.46261925298
358.5	0.0875	0.348639455782	4.70275767026	0	1512212009.3295798	60.5917159763	0.461497326203
358.0	0.0875	0.237670068027	4.85235525018	0	1512212010.0881398	60.5917159763	0.461497326203
358.0	0.0875	1.02311296859	4.57874247511	0	1512212010.5554645	60.5917159763	0.461660300484
357.5	0.0875	1.02311296859	4.57874247511	0	1512212011.3326745	60.5917159763	0.461660300484
357.0	0.0875	35.8652398635	3.9422977392	0	1512212012.0940433	60.5917159763	0.455614973262
357.0	0.0890625	41.5343115293	4.50343036733	0	1512212012.5590537	60.5917159763	0.461675579323
356.5	0.0890625	41.5343115293	4.50343036733	0	1512212013.300738	60.5917159763	0.461675579323
356.0	0.0875	34.0980576441	4.29570594538	0	1512212014.088999	60.5917159763	0.461660300484
356.0	0.0875	38.5329241071	4.7932894324	0	1512212014.5594978	60.2352941176	0.464868856634
355.5	0.0875	39.6907894737	4.36613169243	0	1512212015.3105142	60.5917159763	0.461497326203
355.0	0.0875	32.1651785714	4.94792897421	0	1512212016.0863338	60.2352941176	0.458971224854
355.0	0.0890625	37.2048189725	4.03956712464	0	1512212016.5553048	60.5917159763	0.449717341482
354.5	0.0890625	37.2048189725	4.03956712464	0	1512212017.311269	60.5917159763	0.449717341482
354.0	0.0890625	33.8965053763	4.35795927289	0	1512212018.086033	60.5917159763	0.455614973262
354.0	0.0890625	35.4741357652	4.40176372656	0	1512212018.554988	60.2352941176	0.458823529412
353.5	0.0890625	32.5093095813	4.11522761022	0	1512212019.3128366	60.5917159763	0.449885408709
353.0	0.0875	32.2806490385	4.88687423519	0	1512212020.0940766	60.5917159763	0.45003724217
353.0	0.0890625	33.4110453013	4.83510439413	0	1512212020.5592632	60.2352941176	0.458971224854
352.5	0.0890625	33.4110453013	4.83510439413	0	1512212021.321808	60.2352941176	0.458971224854
352.0	0.0875	33.4454467354	4.97244390745	0	1512212022.1104038	60.5917159763	0.461497326203
352.0	0.0890625	33.0783110119	4.61889420462	0	1512212022.560269	60.9523809524	0.451684067566
351.5	0.0890625	33.0783110119	4.61889420462	0	1512212023.32226	60.9523809524	0.451684067566
351.0	0.0875	28.5742342387	4.47663910197	0	1512212024.0974612	60.5917159763	0.455614973262
350.5	0.0875	35.3435496795	4.47391547778	0	1512212024.5554845	59.8830409357	0.455926491809
350.5	0.0875	35.3435496795	4.47391547778	0	1512212025.3342147	59.8830409357	0.455926491809
350.0	0.0875	32.8603707108	4.68619823652	0	1512212026.0931425	60.5917159763	0.437730243613
349.5	0.0921875	33.8339961936	4.49877555678	0	1512212026.55285	60.5917159763	0.467557932264
349.0	0.0921875	33.8339961936	4.49877555678	0	1512212027.3270946	60.5917159763	0.467557932264
349.0	0.0890625	32.0499620061	4.14179627226	0	1512212028.1106215	60.5917159763	0.455614973262
348.5	0.0890625	33.9108289843	4.7644116524	0	1512212028.5595057	60.5917159763	0.461660300484
348.0	0.0875	28.4899092616	4.60272729801	0	1512212029.3426383	60.9523809524	0.440593964859
348.0	0.0859375	29.3734045164	4.42697103699	0	1512212030.1324916	60.9523809524	0.470394703336
347.5	0.0890625	27.2759433962	6.08414287398	0	1512212030.5612264	60.5917159763	0.467557932264
347.0	0.0890625	30.4731721698	4.52250943892	0	1512212031.3433745	60.5917159763	0.467557932264
347.0	0.0859375	34.5444280805	4.4921590166	0	1512212032.1251965	60.5917159763	0.461497326203
346.5	0.0875	29.3853183962	4.14528200575	0	1512212032.5529594	60.9523809524	0.458288770053
346.0	0.0890625	31.9877653302	5.00079259026	0	1512212033.3299513	60.2352941176	0.458823529412
346.0	0.0875	30.8677455357	5.03639672287	0	1512212034.1101146	60.2352941176	0.458792971734
345.5	0.0875	29.1519007732	4.62148019326	0	1512212034.5589874	60.2352941176	0.458971224854
345.0	0.0875	29.1519007732	4.62148019326	0	1512212035.349623	60.2352941176	0.458971224854
344.5	0.0875	30.5485491071	4.73016205923	0	1512212036.1326118	60.9523809524	0.452212885154
344.5	0.0875	30.5152780531	4.60566744884	0	1512212036.561421	60.5917159763	0.449885408709
344.0	0.0875	30.5152780531	4.60566744884	0	1512212037.3204873	60.5917159763	0.449885408709
343.5	0.0875	26.3607633775	5.21423135436	0	1512212038.094129	60.2352941176	0.458986503692
343.5	0.0890625	33.6118287741	4.80429790341	0	1512212038.5560954	60.5917159763	0.455614973262
343.0	0.0890625	33.6118287741	4.80429790341	0	1512212039.3109941	60.5917159763	0.455614973262
342.5	0.0875	28.6990672558	3.90409946471	0	1512212040.0890403	60.5917159763	0.455614973262
342.5	0.0875	32.4851074694	4.22792326554	0	1512212040.5530362	60.2352941176	0.458808250573
342.0	0.0875	32.4851074694	4.22792326554	0	1512212041.3045073	60.2352941176	0.458808250573
341.5	0.0875	26.3415178571	3.5901000024	0	1512212042.081765	60.9523809524	0.458467023173
341.5	0.0890625	30.0645758815	4.90524833406	0	1512212042.5574837	60.2352941176	0.458971224854
341.0	0.0890625	30.2796052632	4.45616258945	0	1512212043.3165555	60.5917159763	0.461660300484
340.5	0.0875	26.6165865385	4.17522110564	0	1512212044.0904453	60.5917159763	0.455614973262
340.5	0.0875	26.9680451128	4.54402594279	0	1512212044.5619152	60.5917159763	0.461660300484
340.0	0.0875	26.9680451128	4.54402594279	0	1512212045.3241374	60.5917159763	0.461660300484
339.5	0.090625	26.0510651629	4.14227554757	0	1512212046.1010103	60.2352941176	0.458971224854
339.5	0.0890625	27.9594378989	4.36855291088	0	1512212046.554949	60.2352941176	0.458823529412
339.0	0.0890625	27.9594378989	4.36855291088	0	1512212047.3085473	60.2352941176	0.458823529412
338.5	0.0875	28.1911057692	4.95698198927	0	1512212048.0878649	60.5917159763	0.455614973262
338.5	0.0875	29.798921131	4.60656603993	0	1512212048.5554402	60.5917159763	0.455614973262
338.0	0.0875	29.798921131	4.60656603993	0	1512212049.3146973	60.5917159763	0.455614973262
337.5	0.0875	27.2231883695	4.71788565676	0	1512212050.091227	60.9523809524	0.445695091331
337.0	0.0875	26.9307684748	5.00595178537	0	1512212050.5584092	60.9523809524	0.458273491215
337.0	0.0875	26.9307684748	5.00595178537	0	1512212051.3379917	60.9523809524	0.458273491215
336.5	0.0890625	22.3384266078	8.40541529229	0	1512212052.0911794	60.5917159763	0.461660300484
336.0	0.0890625	27.2345753205	4.24472880016	0	1512212052.5601678	60.2352941176	0.452925897632
336.0	0.0890625	29.2758413462	4.08142709186	0	1512212053.3377788	60.2352941176	0.452925897632
335.5	0.0875	24.1250613648	3.90407223875	0	1512212054.100813	60.5917159763	0.461660300484
335.0	0.0875	25.3876201923	4.4774780478	0	1512212054.5548518	60.2352941176	0.452941176471
335.0	0.0890625	27.8662574405	4.64230765979	0	1512212055.333668	60.5917159763	0.455777947543
334.5	0.0875	24.8763020833	4.89964646242	0	1512212056.0923915	60.9523809524	0.457679738562
334.0	0.0875	23.9580200501	4.31991151385	0	1512212056.5563107	60.9523809524	0.457369174943
334.0	0.0875	23.9580200501	4.31991151385	0	1512212057.3314135	60.9523809524	0.457369174943
333.5	0.0890625	25.0686097756	4.2644223994	0	1512212058.0922022	60.9523809524	0.45091503268
333.0	0.0875	24.8915340016	4.53649774842	0	1512212058.5652404	60.2352941176	0.458808250573
332.5	0.0875	24.8915340016	4.53649774842	0	1512212059.3429475	60.2352941176	0.458808250573
332.5	0.0875	23.2132316773	4.62385922505	0	1512212060.123847	60.9523809524	0.464322956455
332.0	0.0890625	26.600906944	5.35266964965	0	1512212060.5607145	60.5917159763	0.46141501762
331.5	0.0875	24.9797247024	4.3606868231	0	1512212061.3398173	60.9523809524	0.458467023173
331.5	0.0890625	25.0014564336	4.27489540523	0	1512212062.1174097	60.5917159763	0.455614973262
331.0	0.0875	25.0025795991	4.25469426557	0	1512212062.5566156	60.5917159763	0.455614973262
330.5	0.0875	25.1477741745	4.33754324284	0	1512212063.333544	60.5917159763	0.455614973262
330.0	0.0875	26.583891369	4.22878860446	0	1512212064.1101336	60.5917159763	0.455614973262
330.0	0.0875	27.5488721805	3.94345125786	0	1512212064.557295	60.9523809524	0.452228163993
329.5	0.0875	27.5488721805	3.94345125786	0	1512212065.3171055	60.9523809524	0.452228163993
329.0	0.0875	23.4283854167	4.98454954103	0	1512212066.099181	60.5917159763	0.461497326203
329.0	0.0875	21.8657009109	3.62263184448	0	1512212066.5617197	61.3173652695	0.454879679144
328.5	0.0875	21.8657009109	3.62263184448	0	1512212067.3397903	61.3173652695	0.454879679144
328.0	0.0875	26.1822319967	3.93913977439	0	1512212068.12559	60.5917159763	0.455614973262
328.0	0.090625	25.4024189463	4.66542895394	0	1512212068.5627353	60.5917159763	0.461660300484
327.5	0.090625	27.8235176282	4.83165602219	0	1512212069.3226967	60.9523809524	0.458288770053
327.0	0.090625	24.8029891304	4.80948994289	0	1512212070.099263	60.9523809524	0.452324108529
327.0	0.0875	23.7767025178	4.36711194673	0	1512212070.5561519	60.5917159763	0.467557932264
326.5	0.0875	23.7767025178	4.36711194673	0	1512212071.3103414	60.5917159763	0.467557932264
326.0	0.0875	26.2539246468	4.64583305693	0	1512212072.0930831	60.9523809524	0.458288770053
326.0	0.090625	23.1662234043	5.21573762588	0	1512212072.5550306	60.5917159763	0.455777947543
325.5	0.0875	23.2395833333	4.9085890062	0	1512212073.3150854	60.5917159763	0.461497326203
325.0	0.0890625	25.1298398192	4.14736140072	0	1512212074.0936434	60.2352941176	0.464868856634
325.0	0.09375	23.6683499146	4.28272294286	0	1512212074.5585027	61.3173652695	0.455042653425
324.5	0.09375	23.6683499146	4.28272294286	0	1512212075.3268013	61.3173652695	0.455042653425
324.0	0.090625	23.6387748974	4.14466178614	0	1512212076.1066716	60.5917159763	0.44367201426
324.0	0.0890625	23.4814295105	4.54123554189	0	1512212076.5621932	60.9523809524	0.4464763178
323.5	0.0875	22.6388343799	5.40913459402	0	1512212077.3241098	60.9523809524	0.452190603514
323.0	0.090625	24.8112060041	4.79804281464	0	1512212078.1073506	60.2352941176	0.447196333079
323.0	0.0875	21.7148182088	4.48494991945	0	1512212078.5561597	61.3173652695	0.448997326203
322.5	0.0890625	21.9097011529	3.86243721887	0	1512212079.326085	60.5917159763	0.461660300484
322.0	0.0890625	22.8747240064	4.41071235863	0	1512212080.107738	60.5917159763	0.467557932264
321.5	0.090625	24.2926165147	5.06163994896	0	1512212080.5578954	60.2352941176	0.458808250573
321.5	0.090625	24.2926165147	5.06163994896	0	1512212081.3374202	60.2352941176	0.458808250573
321.0	0.0875	22.9030779144	4.66425139524	0	1512212082.0954096	60.5917159763	0.449539088363
320.5	0.0890625	23.4855769231	4.78146391214	0	1512212082.5623424	60.2352941176	0.458823529412
320.5	0.0875	23.9531786942	4.43560629166	0	1512212083.3434513	60.9523809524	0.458467023173
320.0	0.0890625	22.7312948029	4.1519968081	0	1512212084.1041481	60.2352941176	0.452941176471
320.0	0.0875	21.0888829895	5.69296362276	0	1512212084.563995	60.5917159763	0.449523809524
319.5	0.0875	22.2359804814	3.75778796668	0	1512212085.339948	60.5917159763	0.449523809524
319.0	0.0890625	23.3734400573	4.65663764594	0	1512212086.1199505	60.2352941176	0.452941176471
318.5	0.0875	22.8559846698	4.06347545591	0	1512212086.556792	60.5917159763	0.467542653425
318.0	0.0890625	22.2811498397	4.12187774072	0	1512212087.3358111	60.5917159763	0.455599694423
318.0	0.0875	23.3436764129	4.4142128401	0	1512212088.113745	60.5917159763	0.461497326203
317.5	0.0875	21.8316783489	4.61765684266	0	1512212088.5583017	60.5917159763	0.473440285205
317.5	0.0875	21.8316783489	4.61765684266	0	1512212089.3395102	60.5917159763	0.473440285205
317.0	0.0890625	20.5085034014	3.75190805577	0	1512212090.0953438	60.5917159763	0.461660300484
316.5	0.0875	22.1164434524	4.47781283923	0	1512212090.5634968	60.5917159763	0.460504530258
316.0	0.0875	22.1164434524	4.47781283923	0	1512212091.3471112	60.5917159763	0.460504530258
316.0	0.0859375	20.3215144231	4.68950694884	0	1512212092.122121	60.5917159763	0.461497326203
315.5	0.0875	20.1198088893	4.76857470801	0	1512212092.556869	60.5917159763	0.461660300484
315.0	0.0875	21.5432791538	4.70963471849	0	1512212093.3430953	61.3173652695	0.448561571256
315.0	0.0875	20.4925805818	4.49979433814	0	1512212094.1276014	60.5917159763	0.461497326203
314.5	0.0875	21.7904936558	3.82460912842	0	1512212094.5588424	60.5917159763	0.461497326203
314.0	0.0875	18.4885799404	4.6966395118	0	1512212095.3383403	60.5917159763	0.461660300484
313.5	0.0890625	18.87890625	4.50809457162	0	1512212096.130345	60.5917159763	0.455777947543
313.5	0.0875	20.705581761	4.4170607279	0	1512212096.557438	60.5917159763	0.455614973262
313.0	0.0875	20.705581761	4.4170607279	0	1512212097.3191936	60.5917159763	0.455614973262
312.5	0.0890625	20.5854366987	4.44356910969	0	1512212098.0981717	60.9523809524	0.446330532213
312.5	0.0875	21.0103429638	4.0324369615	0	1512212098.560034	60.2352941176	0.464868856634
312.0	0.0875	21.0103429638	4.0324369615	0	1512212099.3178303	60.2352941176	0.464868856634
311.5	0.0875	16.5925869741	4.31745564257	0	1512212100.1009855	60.5917159763	0.455599694423
311.5	0.0890625	20.8827221546	5.06394999747	0	1512212100.5549364	60.9523809524	0.452022536287
311.0	0.0890625	20.8827221546	5.06394999747	0	1512212101.3148663	60.9523809524	0.452022536287
310.5	0.0890625	19.5587940705	4.64465129885	0	1512212102.1015556	61.686746988	0.449688590979
310.5	0.0875	23.9743022799	4.53043569517	0	1512212102.554432	60.5917159763	0.467557932264
310.0	0.0875	23.9743022799	4.53043569517	0	1512212103.3132217	60.5917159763	0.467557932264
309.5	0.0875	19.7261904762	4.5470268874	0	1512212104.0999746	60.5917159763	0.467557932264
309.5	0.0875	18.0487955987	4.41050090806	0	1512212104.560125	60.9523809524	0.452406417112
309.0	0.0875	19.592542863	3.99075773446	0	1512212105.318952	60.9523809524	0.452212885154
308.5	0.0890625	16.8548387097	4.31112317598	0	1512212106.09989	60.5917159763	0.455614973262
308.5	0.0890625	17.8836137821	4.6541241213	0	1512212106.560591	60.2352941176	0.452910618793
308.0	0.0890625	17.8836137821	4.6541241213	0	1512212107.323909	60.2352941176	0.452910618793
307.5	0.0890625	15.8126860119	4.58304730091	0	1512212108.1175568	60.9523809524	0.458467023173
307.5	0.0890625	19.6993965856	4.18807246126	0	1512212108.5566382	60.5917159763	0.449554367201
307.0	0.0890625	19.6993965856	4.18807246126	0	1512212109.3122165	60.5917159763	0.449554367201
306.5	0.0890625	14.8958333333	3.89943484434	0	1512212110.0951936	60.2352941176	0.464705882353
306.0	0.0890625	18.2575794741	4.32655163336	0	1512212110.5563648	60.9523809524	0.464349376114
305.5	0.0890625	18.2575794741	4.32655163336	0	1512212111.3330402	60.9523809524	0.464349376114
305.5	0.0875	19.1222098214	4.36945307578	0	1512212112.1161246	60.5917159763	0.455599694423
305.0	0.0875	17.2548363095	4.80026956206	0	1512212112.5610907	60.2352941176	0.458823529412
305.0	0.0875	17.2548363095	4.80026956206	0	1512212113.3397202	60.2352941176	0.458823529412
304.5	0.0890625	14.6552528228	4.24502843806	0	1512212114.098486	60.5917159763	0.455614973262
304.0	0.0875	14.631443299	4.23597124411	0	1512212114.5590134	60.9523809524	0.449629954498
303.5	0.0875	15.5351620029	4.05416137935	0	1512212115.339413	60.9523809524	0.449629954498
303.0	0.0875	15.8027844551	4.15719026463	0	1512212116.1215315	60.5917159763	0.461497326203
303.0	0.0875	17.0599620591	4.42235606982	0	1512212116.5564277	59.5348837209	0.459135047959
302.5	0.090625	15.9565304487	3.96470227443	0	1512212117.3151472	60.5917159763	0.461660300484
302.5	0.0890625	15.6772011805	4.32050047758	0	1512212118.0962024	60.5917159763	0.467720906544
302.0	0.0890625	16.6021919728	4.61744334687	0	1512212118.5557823	60.5917159763	0.44385026738
301.5	0.0890625	16.6021919728	4.61744334687	0	1512212119.3340764	60.5917159763	0.44385026738
301.0	0.0890625	15.7967484818	4.2192079729	0	1512212120.1067042	60.5917159763	0.449717341482
301.0	0.0875	16.1551339286	4.72249315616	0	1512212120.5615919	60.5917159763	0.449679781003
300.5	0.0875	16.1551339286	4.72249315616	0	1512212121.3196468	60.5917159763	0.449679781003
300.5	0.0890625	15.1390626564	4.11134707618	0	1512212122.1175861	60.9523809524	0.446152279093
300.0	0.0875	15.2569772013	4.53496478785	0	1512212122.562636	60.9523809524	0.464512350395
299.5	0.0890625	14.3622384193	4.50068319319	0	1512212123.346111	59.8830409357	0.444288048553
299.0	0.0875	14.9909855769	4.25697586407	0	1512212124.1220567	60.5917159763	0.449523809524
299.0	0.0875	14.9014482081	4.24081975026	0	1512212124.5570803	61.3173652695	0.454459203036
298.5	0.0875	11.7191335297	4.24517867116	0	1512212125.3139284	61.3173652695	0.454459203036
298.0	0.0890625	13.956676485	4.989196094	0	1512212126.0967789	60.9523809524	0.451838235294
298.0	0.0890625	15.1537459936	4.41208510226	0	1512212126.5586512	60.2352941176	0.458629997454
297.5	0.0875	13.8606770833	4.25057106386	0	1512212127.3309546	60.9523809524	0.440073529412
297.0	0.090625	12.4938555114	4.34062973334	0	1512212128.1287444	59.8830409357	0.462016806723
297.0	0.0890625	11.9158408556	4.2458304836	0	1512212128.5616164	60.9523809524	0.445955882353
296.5	0.0890625	11.9158408556	4.2458304836	0	1512212129.319585	60.9523809524	0.445955882353
296.0	0.0890625	13.4120365781	3.85369134466	0	1512212130.0993404	60.5917159763	0.449149159664
296.0	0.0890625	13.5290072363	4.58211400019	0	1512212130.5634308	60.9523809524	0.452190603514
295.5	0.0875	14.2518642072	3.86279453024	0	1512212131.3233094	60.5917159763	0.449539088363
295.0	0.0875	11.6928943452	4.40168811669	0	1512212132.1121004	60.5917159763	0.461482047364
294.5	0.0890625	13.8726085448	3.47203415983	0	1512212132.5960186	60.9523809524	0.445955882353
294.0	0.0890625	13.8726085448	3.47203415983	0	1512212133.3728955	60.9523809524	0.445955882353
294.0	0.0890625	9.63519476567	4.4199078906	0	1512212134.1346977	60.2352941176	0.452747644512
293.5	0.0890625	9.63519476567	4.4199078906	0	1512212134.5577638	60.2352941176	0.452747644512
293.0	0.0890625	13.3240327381	4.62243677823	0	1512212135.3713682	60.2352941176	0.452732365674
293.0	0.0890625	14.693633525	4.52354013416	0	1512212136.159245	60.5917159763	0.449554367201
292.5	0.0890625	11.0400610549	4.45915470725	0	1512212136.563221	60.5917159763	0.449539088363
292.0	0.0875	9.65194235589	4.94124348603	0	1512212137.350324	60.5917159763	0.455584415584
291.5	0.0890625	10.9990985577	4.5335926662	0	1512212138.1281128	60.2352941176	0.458823529412
291.5	0.0875	9.42072264076	3.87300945605	0	1512212138.563885	60.5917159763	0.449554367201
291.0	0.0875	9.42072264076	3.87300945605	0	1512212139.3490493	60.5917159763	0.449554367201
290.5	0.0890625	13.3815737834	4.92119621153	0	1512212140.140798	60.9523809524	0.445940603514
290.5	0.0890625	10.1157242013	3.74535092333	0	1512212140.5755835	61.3173652695	0.435334861217
290.0	0.0890625	8.71951823949	4.63100821163	0	1512212141.3514457	60.2352941176	0.45307868602
289.5	0.0859375	11.5308088089	4.61473054047	0	1512212142.1374297	60.5917159763	0.461319073084
289.5	0.0875	10.6506328493	4.61897881261	0	1512212142.559255	60.5917159763	0.449149159664
289.0	0.0890625	11.0176635889	4.55746624	0	1512212143.3194754	60.2352941176	0.458424369748

#$Filter:1
#$	0	1	 1
#$	1	op06	0.251188643150958
#$	2	op09*op09	0.015848931924611138
#$	3	op18*op18*op18	3.9810717055349725e-06
#$	4	ns12	1e-7
#$	5	0	 1e-22
#$POWER:19.4, mW
#$WAVELENGTH:1064,nm
#$OBJECT:SiNW4.6mkm_normal, bscat	=	=	=	=	=
angle	ref	signal	signal_std	filter	Time	freq	duty_cycle
0.0	0.07375	3.7762006512e-05	0.00194310630061	0	1512213587.5274127	59.5348837209	0.452554112554
0.5	0.07375	0.000195627289377	0.00219263515208	0	1512213587.9113643	59.5348837209	0.452554112554
0.5	0.0725	0.000148233992842	0.00209432507828	0	1512213588.7721949	60.5917159763	0.449215166027
1.0	0.07375	0.000477314814815	0.0022522905008	0	1512213589.5439386	58.8505747126	0.430923202614

#$Filter:1
#$	0	1	 1
#$	1	op06	0.251188643150958
#$	2	op09*op09	0.015848931924611138
#$	3	op18*op18*op18	3.9810717055349725e-06
#$	4	ns12	1e-7
#$	5	0	 1e-22
#$POWER:19.4, mW
#$WAVELENGTH:1064,nm
#$OBJECT:SiNW4.6mkm_normal, bscat	=	=	=	=	=
angle	ref	signal	signal_std	filter	Time	freq	duty_cycle
1.0	0.0725	0.00028120049505	0.00230774838242	0	1512213593.0400941	60.9523809524	0.42577223993
1.0	0.073125	0.000234464725185	0.00192537337494	0	1512213593.7844558	61.686746988	0.436335010493
1.0	0.073125	0.000160431857862	0.0017411845391	0	1512213594.5374148	58.5142857143	0.445988455988
0.5	0.075625	0.000319128787879	0.00206271042698	0	1512213595.0334148	59.1907514451	0.445228316552
0.5	0.075625	0.000319128787879	0.00206271042698	0	1512213595.7900417	59.1907514451	0.445228316552
0.0	0.07625	7.87752525253e-05	0.00199658244925	0	1512213596.539102	62.8220858896	0.415631868132
360.0	0.07625	6.69823232323e-06	0.00208153407918	0	1512213597.0325785	62.8220858896	0.415631868132
360.0	0.07375	7.43509865005e-05	0.00187524638299	0	1512213597.8135483	59.5348837209	0.436134453782
359.5	0.073125	9.44162246021e-05	0.00173023417797	0	1512213598.566385	60.9523809524	0.444910017771
359.0	0.07625	0.00031837113609	0.00206852336729	0	1512213599.0385106	59.8830409357	0.455860071301
358.5	0.07625	0.00031837113609	0.00206852336729	0	1512213599.8033001	59.8830409357	0.455860071301
358.5	0.07125	0.000241324132413	0.00212782964732	0	1512213600.1928086	59.1907514451	0.456772769714
358.0	0.0725	0.000385588235294	0.0020147986865	0	1512213601.0398533	62.0606060606	0.429953990315
358.0	0.07375	0.000186007776897	0.00162762461548	0	1512213601.8037012	59.1907514451	0.450588235294
357.5	0.07375	0.000186007776897	0.00162762461548	0	1512213602.56373	59.1907514451	0.450588235294
357.0	0.074375	0.00513973530902	0.00222179243741	0	1512213603.0368335	59.5348837209	0.424306086071
356.5	0.074375	0.00513973530902	0.00222179243741	0	1512213603.8134725	59.5348837209	0.424306086071

#$Filter:1
#$	0	1	 1
#$	1	op06	0.251188643150958
#$	2	op09*op09	0.015848931924611138
#$	3	op18*op18*op18	3.9810717055349725e-06
#$	4	ns12	1e-7
#$	5	0	 1e-22
#$POWER:19.4, mW
#$WAVELENGTH:1064,nm
#$OBJECT:SiNW4.6mkm_normal, bscat	=	=	=	=	=
angle	ref	signal	signal_std	filter	Time	freq	duty_cycle
356.0	0.073125	0.016816735348	0.00200465933611	0	1512213642.033724	60.5917159763	0.443440921823
355.5	0.073125	0.0149758404725	0.00223819738016	0	1512213642.7975674	59.5348837209	0.440403683705
355.5	0.073125	0.0172204961901	0.00207310951141	0	1512213643.5707707	59.8830409357	0.440848248628
355.0	0.0725	0.0155084518208	0.00191446646758	0	1512213644.0347388	60.5917159763	0.425248811646
354.5	0.0725	0.0155084518208	0.00191446646758	0	1512213644.7974389	60.5917159763	0.425248811646
354.5	0.075	0.0151016005943	0.0020050970076	0	1512213645.5594473	59.1907514451	0.433613445378
354.0	0.07375	0.0150900832452	0.00264193565444	0	1512213646.0285995	60.2352941176	0.417071555895
353.5	0.07375	0.0137263968087	0.00224391314079	0	1512213646.7982929	60.2352941176	0.434560733384
353.0	0.074375	0.0156508716031	0.00193347188293	0	1512213647.5761917	57.6901408451	0.450571895425
353.0	0.07375	0.0145051843318	0.00211463141595	0	1512213648.0290325	60.2352941176	0.440659016295
352.5	0.07375	0.0145051843318	0.00211463141595	0	1512213648.7757134	60.2352941176	0.440659016295
352.0	0.073125	0.00996419668295	0.00418051020441	0	1512213649.5658243	60.5917159763	0.430074260064
352.0	0.073125	0.0154897677554	0.00176810213995	0	1512213650.0336964	60.5917159763	0.430074260064
351.5	0.07375	0.0129681186869	0.00190978352644	0	1512213650.8332195	59.8830409357	0.438573762838
351.0	0.07375	0.0137700482421	0.00215527258524	0	1512213651.593194	59.1907514451	0.444449728321
351.0	0.075	0.0102557842548	0.00490247749055	0	1512213652.0354016	58.8505747126	0.448552754435
350.5	0.075	0.0135165014022	0.00179260557546	0	1512213652.7783604	58.8505747126	0.448552754435
350.0	0.07375	0.0142144554094	0.00216614027584	0	1512213653.5433543	59.1907514451	0.450924369748
350.0	0.073125	0.01473922016	0.00173745447757	0	1512213654.0281312	58.5142857143	0.439332368082
349.0	0.073125	0.01473922016	0.00173745447757	0	1512213654.786877	58.5142857143	0.439332368082
349.0	0.07375	0.0148065116747	0.00205870625463	0	1512213655.5486789	59.1907514451	0.43919657052
348.5	0.073125	0.0134316485324	0.0023802416553	0	1512213656.0305197	58.9352517986	0.445111832612
348.0	0.073125	0.0134316485324	0.0023802416553	0	1512213656.7897427	58.9352517986	0.445111832612
347.5	0.074375	0.0134128944547	0.00175619545486	0	1512213657.5503354	59.8830409357	0.443997962821
347.5	0.073125	0.0118594583162	0.00204030318001	0	1512213658.0325365	59.5348837209	0.437559549413
347.0	0.074375	0.0129475809507	0.00247738358187	0	1512213658.7814429	59.5348837209	0.435743994568
346.5	0.074375	0.0129475809507	0.00247738358187	0	1512213659.5401385	59.5348837209	0.435743994568
346.0	0.07375	0.0130544421226	0.00228316725545	0	1512213660.028179	60.2352941176	0.433109509279
346.0	0.07375	0.00251699381226	0.0066408225058	0	1512213660.799092	59.8830409357	0.438402509653
345.5	0.07375	0.0121791073996	0.00256948576498	0	1512213661.554869	59.8830409357	0.438402509653
345.5	0.075	0.0135416245706	0.00177781312777	0	1512213662.0280185	62.4390243902	0.399767291532
344.5	0.075	0.0135416245706	0.00177781312777	0	1512213662.7799208	62.4390243902	0.399767291532
344.5	0.073125	0.0112556527849	0.00209136293103	0	1512213663.546677	59.8830409357	0.438056722689
344.0	0.074375	0.0119364793193	0.00197433855329	0	1512213664.0316436	59.5348837209	0.429709154342
343.5	0.074375	0.0121278530944	0.00187226201527	0	1512213664.7959383	59.1907514451	0.436330532213
343.0	0.074375	0.0121866136809	0.00221624411377	0	1512213665.5683992	62.0606060606	0.408451744334
343.0	0.074375	0.0134075114972	0.0022329833202	0	1512213666.0323317	59.795620438	0.444481580511
342.5	0.074375	0.0134075114972	0.0022329833202	0	1512213666.780953	59.795620438	0.444481580511
342.0	0.07375	0.012063935603	0.00205853040871	0	1512213667.5580454	59.5348837209	0.435735605489
341.5	0.0725	0.0133246641547	0.00199831214959	0	1512213668.0271657	59.8830409357	0.430841230841
341.5	0.076875	0.0118199067994	0.00197427441823	0	1512213668.7968903	63.2098765432	0.39562002447
341.0	0.076875	0.0118199067994	0.00197427441823	0	1512213669.5555933	63.2098765432	0.39562002447
341.0	0.074375	0.0139936848958	0.0023376923444	0	1512213670.0287309	62.4390243902	0.392838468721
340.0	0.074375	0.0139936848958	0.0023376923444	0	1512213670.7824574	62.4390243902	0.392838468721
340.0	0.073125	0.0114293814433	0.00214151258782	0	1512213671.5464983	59.1907514451	0.433539836884
339.5	0.073125	0.0104862511201	0.00197769709667	0	1512213672.0326507	60.2352941176	0.445930417622
339.0	0.073125	0.0104862511201	0.00197769709667	0	1512213672.7960258	60.2352941176	0.445930417622
338.5	0.074375	0.0112782863704	0.00188228329198	0	1512213673.5690072	58.8505747126	0.459813258637
338.5	0.07375	0.0120417268969	0.00231675923449	0	1512213674.0329	59.1907514451	0.444643168514
338.0	0.07375	0.0120417268969	0.00231675923449	0	1512213674.7810862	59.1907514451	0.444643168514
337.5	0.073125	0.00739723665242	0.00490463301439	0	1512213675.5510728	59.5348837209	0.447715813598
337.5	0.073125	0.0115220937314	0.00228534936055	0	1512213676.0288255	59.5348837209	0.447715813598
337.0	0.073125	0.0115220937314	0.00228534936055	0	1512213676.781722	59.5348837209	0.447715813598
336.5	0.073125	0.0114520881293	0.00209343765169	0	1512213677.5434556	59.5348837209	0.42951532128
336.0	0.07375	0.0127511816556	0.00230893755884	0	1512213678.0251381	57.2067039106	0.461806722689
335.5	0.07375	0.0127511816556	0.00230893755884	0	1512213678.79038	57.2067039106	0.461806722689
335.5	0.073125	0.0117541041564	0.00209695884778	0	1512213679.5613036	58.8505747126	0.459831932773
335.0	0.073125	0.0102590034921	0.00209204895174	0	1512213680.033048	59.1907514451	0.444997877939
334.5	0.073125	0.0102590034921	0.00209204895174	0	1512213680.7959392	59.1907514451	0.444997877939
334.0	0.073125	0.0113604154354	0.00216614608195	0	1512213681.568704	59.1907514451	0.450129551821
334.0	0.07375	0.0102663128931	0.00212650579819	0	1512213682.0338004	59.1907514451	0.439274255157
333.5	0.07375	0.0102663128931	0.00212650579819	0	1512213682.7779145	59.1907514451	0.439274255157
333.0	0.074375	0.0104927662037	0.00223084265483	0	1512213683.542868	59.1907514451	0.439293778117
333.0	0.073125	0.0102553836634	0.0020895106335	0	1512213684.0288162	60.2352941176	0.434937912511
332.5	0.073125	0.00754029553346	0.00382174178112	0	1512213684.7872741	60.9523809524	0.433221500722
332.0	0.073125	0.0103955571338	0.00234493423496	0	1512213685.5661242	60.9523809524	0.433221500722
331.5	0.073125	0.0111242902723	0.00185577136099	0	1512213686.0291562	59.1907514451	0.44496031746
331.0	0.073125	0.0111242902723	0.00185577136099	0	1512213686.7953663	59.1907514451	0.44496031746
331.0	0.073125	0.0100385592794	0.00258835700764	0	1512213687.5708537	59.1907514451	0.462016806723
330.5	0.0725	0.0106703634281	0.00223995012541	0	1512213688.0339544	60.5917159763	0.422653160073
330.0	0.0725	0.0106703634281	0.00223995012541	0	1512213688.7979949	60.5917159763	0.422653160073
329.5	0.07375	0.0114068597874	0.0021521444911	0	1512213689.5709062	59.1907514451	0.449465833646
329.5	0.073125	0.0105871735791	0.00187623859493	0	1512213690.034826	59.5348837209	0.441982853748
329.0	0.07375	0.0104949617347	0.00175768071403	0	1512213690.7832813	60.5917159763	0.431204662455
328.5	0.07375	0.0104949617347	0.00175768071403	0	1512213691.5513377	60.5917159763	0.431204662455
328.0	0.073125	0.00920190225508	0.00172110267537	0	1512213692.0274985	59.8830409357	0.444306722689
328.0	0.073125	0.00920190225508	0.00172110267537	0	1512213692.7900708	59.8830409357	0.444306722689
327.5	0.073125	0.0106181908275	0.00228809092244	0	1512213693.541294	60.5917159763	0.427742370014
327.0	0.074375	0.0114902742347	0.00208677097173	0	1512213694.0287738	58.5142857143	0.457119514472
327.0	0.074375	0.0114902742347	0.00208677097173	0	1512213694.7932706	58.5142857143	0.457119514472
326.5	0.07375	0.00990242781003	0.00199302053771	0	1512213695.5470219	61.686746988	0.417349970291
326.0	0.073125	0.010562833265	0.0017195553621	0	1512213696.0335715	59.1907514451	0.444839996605
325.5	0.073125	0.010562833265	0.0017195553621	0	1512213696.793742	59.1907514451	0.444839996605
325.0	0.073125	0.0103411195076	0.00196197924601	0	1512213697.5748234	58.5142857143	0.445676937442
325.0	0.073125	0.00958540978104	0.00209457055737	0	1512213698.0355585	59.1907514451	0.438541144528
324.5	0.073125	0.00958540978104	0.00209457055737	0	1512213698.7842515	59.1907514451	0.438541144528
324.0	0.073125	0.00918940457845	0.00185594739491	0	1512213699.557136	57.2067039106	0.457728316552
324.0	0.075	0.00915414880706	0.00227886952504	0	1512213700.0282345	58.5142857143	0.428696343402
323.5	0.075	0.00915414880706	0.00227886952504	0	1512213700.7831526	58.5142857143	0.428696343402
323.0	0.07375	0.0104905828048	0.00171627254674	0	1512213701.562042	58.8505747126	0.436638655462
322.5	0.074375	0.00971526501225	0.00174011819197	0	1512213702.0300162	61.686746988	0.414068514503
322.0	0.074375	0.00971526501225	0.00174011819197	0	1512213702.7939143	61.686746988	0.414068514503
322.0	0.073125	0.00931387727964	0.00184401699911	0	1512213703.566457	58.5142857143	0.444560369193
321.5	0.074375	0.00916730303349	0.00198814587751	0	1512213704.0347824	61.686746988	0.396195481195
321.0	0.074375	0.00989236111111	0.00192416884213	0	1512213704.7955668	59.1907514451	0.427095004669
320.5	0.07375	0.00974414935494	0.00185648729785	0	1512213705.5692422	57.8531073446	0.446031746032
320.0	0.075625	0.00991149251436	0.00201028136135	0	1512213706.035304	59.8830409357	0.425972109274
320.0	0.075625	0.00991149251436	0.00201028136135	0	1512213706.7981508	59.8830409357	0.425972109274
319.5	0.074375	0.00948385604242	0.00213666341446	0	1512213707.5422103	58.9352517986	0.443329831933
319.0	0.073125	0.00917617303873	0.00205602236592	0	1512213708.0280848	58.8505747126	0.448637407461
319.0	0.073125	0.00569678877508	0.00395313603253	0	1512213708.8039334	59.5348837209	0.429802754435
318.5	0.073125	0.00959441628344	0.00189642945077	0	1512213709.5498676	59.5348837209	0.429802754435
318.0	0.074375	0.00907777255639	0.00184198484099	0	1512213710.030717	57.8531073446	0.446330532213
317.5	0.074375	0.00907777255639	0.00184198484099	0	1512213710.7887206	57.8531073446	0.446330532213
317.0	0.07375	0.00983170394603	0.0018667408522	0	1512213711.559322	57.8531073446	0.446140257905
317.0	0.07625	0.00911215651135	0.00171372450183	0	1512213712.0321953	58.8505747126	0.442620940268
316.5	0.07625	0.00911215651135	0.00171372450183	0	1512213712.780263	58.8505747126	0.442620940268
316.0	0.074375	0.00848284636608	0.00206745366566	0	1512213713.5372717	58.1818181818	0.454593837535
315.5	0.07625	0.00867233009709	0.00202667754589	0	1512213714.0282254	59.3623188406	0.441806722689
315.0	0.07375	0.0089440916742	0.00199971194469	0	1512213714.7990952	59.1907514451	0.444941643324
315.0	0.07375	0.00751486860726	0.0016737376213	0	1512213715.563759	59.1907514451	0.450014430014
314.5	0.07375	0.00845644086439	0.00177810371542	0	1512213716.027779	57.8531073446	0.4407348525
314.0	0.074375	0.00448422330097	0.00366705135293	0	1512213716.7918017	58.5142857143	0.439769119769
314.0	0.074375	0.00841246167603	0.00206752907185	0	1512213717.5586653	58.5142857143	0.439769119769
313.5	0.07375	0.00785724651703	0.00212930861062	0	1512213718.0315564	57.8531073446	0.449166030048
313.0	0.07375	0.00785724651703	0.00212930861062	0	1512213718.7955365	57.8531073446	0.449166030048
312.5	0.075	0.00906381896292	0.00219633948131	0	1512213719.5644073	58.1818181818	0.447060755337
312.5	0.074375	0.00786807863422	0.00213415244682	0	1512213720.0320816	59.1907514451	0.415902724726
312.0	0.074375	0.00786807863422	0.00213415244682	0	1512213720.7771726	59.1907514451	0.415902724726
311.5	0.07375	0.00944925357661	0.00192419726736	0	1512213721.538835	57.8531073446	0.439945838696
311.0	0.075	0.00679372083587	0.00184272949701	0	1512213722.0256944	59.1907514451	0.439115524998
310.5	0.074375	0.00850720649895	0.00255664039474	0	1512213722.7939157	58.1818181818	0.425613275613
310.5	0.075	0.00835425459285	0.00181528585216	0	1512213723.5636868	57.5280898876	0.455079365079
310.0	0.07375	0.00963865165631	0.00166460319327	0	1512213724.0294406	57.5280898876	0.44344764933
309.5	0.07375	0.00963865165631	0.00166460319327	0	1512213724.7951736	57.5280898876	0.44344764933
309.0	0.07375	0.0082616697995	0.00188550554126	0	1512213725.561484	58.5142857143	0.450421949482
309.0	0.074375	0.00772596153846	0.00170794469786	0	1512213726.0373204	59.1907514451	0.444543209176
308.5	0.074375	0.00824579451346	0.00186376076755	0	1512213726.7890472	59.1907514451	0.432712157345
308.0	0.074375	0.00705142913127	0.00235709846706	0	1512213727.5557742	57.6901408451	0.436270093623
307.5	0.07375	0.00752242447812	0.00259191062123	0	1512213728.035883	58.8505747126	0.448216619981
307.5	0.07375	0.00752242447812	0.00259191062123	0	1512213728.7990062	58.8505747126	0.448216619981
307.0	0.07375	0.00743116314161	0.00170338710611	0	1512213729.552896	58.1818181818	0.437366717367
306.5	0.07375	0.00728388462476	0.00180055194821	0	1512213730.025474	58.5142857143	0.451428571429
306.0	0.07375	0.00728388462476	0.00180055194821	0	1512213730.7877293	58.5142857143	0.451428571429
305.5	0.07375	0.00690941575954	0.0019960455011	0	1512213731.5626984	59.8830409357	0.437550073793
305.5	0.075	0.00758000713915	0.00245067380682	0	1512213732.0303109	60.2352941176	0.433889943074
305.0	0.075	0.00758000713915	0.00245067380682	0	1512213732.7790797	60.2352941176	0.433889943074
304.5	0.07375	0.0070530883394	0.0020949156191	0	1512213733.5489857	61.3173652695	0.406417112299
304.0	0.075625	0.00656066849817	0.00157825500978	0	1512213734.0358949	58.8505747126	0.439991830065
304.0	0.075625	0.00656066849817	0.00157825500978	0	1512213734.7958112	58.8505747126	0.439991830065
303.5	0.07375	0.00614300271739	0.00198966223527	0	1512213735.5487006	58.5142857143	0.439635854342
303.0	0.074375	0.00612847759385	0.00191764582626	0	1512213736.0296037	61.3173652695	0.407316419391
302.5	0.07625	0.00710789010816	0.00205251789781	0	1512213736.7995856	59.3623188406	0.426959325397
302.5	0.07625	0.00657140395221	0.00212374778703	0	1512213737.5592868	59.3623188406	0.433990111196
302.0	0.076875	0.00651324728261	0.00208543738761	0	1512213738.0306754	57.6901408451	0.450147311177
301.5	0.076875	0.00651324728261	0.00208543738761	0	1512213738.8015192	57.6901408451	0.450147311177
301.0	0.07375	0.00647690300602	0.00229416733935	0	1512213739.5793576	63.602484472	0.394575424575
301.0	0.07375	0.00686316434469	0.00198321165351	0	1512213740.0320115	61.3173652695	0.419350649351
300.5	0.074375	0.00686322487113	0.00220061653528	0	1512213740.8339067	61.3173652695	0.433692351428
300.0	0.075625	0.00594040756472	0.00200499694503	0	1512213741.5928092	58.5142857143	0.442833800187
299.5	0.075625	0.000649038461538	0.00329992026964	0	1512213742.033024	58.1818181818	0.435527544351
299.0	0.075625	0.00629338369963	0.00218026003795	0	1512213742.8157449	58.1818181818	0.435527544351
299.0	0.073125	0.00570366842267	0.00174972222319	0	1512213743.5956645	58.5142857143	0.426571590175
298.5	0.074375	0.00622604488958	0.00217924292748	0	1512213744.026919	58.9352517986	0.440048083866
298.0	0.074375	0.00509640852309	0.00173294926844	0	1512213744.8012197	58.0992907801	0.432994250332
297.5	0.074375	0.0057966338131	0.00204386124087	0	1512213745.5752246	59.3623188406	0.430936568176
297.5	0.073125	0.00639648639227	0.00215632506319	0	1512213746.0293906	58.5142857143	0.428104575163
297.0	0.073125	0.00639648639227	0.00215632506319	0	1512213746.7833226	58.5142857143	0.428104575163
296.5	0.075625	0.00632322994987	0.00202319746816	0	1512213747.560067	57.5280898876	0.460771443713
296.0	0.07375	0.00503702959776	0.00215886700339	0	1512213748.031164	59.5348837209	0.431936219036
295.5	0.076875	0.00608371925902	0.00215312449421	0	1512213748.7955801	57.6901408451	0.436656194009
295.5	0.074375	0.00564304420031	0.00151340816008	0	1512213749.5588858	57.8531073446	0.451904761905
295.0	0.075	0.00623478063001	0.0018106204747	0	1512213750.0325577	57.2867132867	0.447193517046
294.5	0.075	0.00623478063001	0.0018106204747	0	1512213750.8046086	57.2867132867	0.447193517046
294.0	0.074375	0.00454608426113	0.00218676778406	0	1512213751.5766068	58.1818181818	0.448870214753
294.0	0.074375	0.00580809664793	0.00181942051741	0	1512213752.0271974	59.5348837209	0.446092748346
293.5	0.074375	0.00580809664793	0.00181942051741	0	1512213752.7831795	59.5348837209	0.446092748346
293.0	0.07375	0.0056306645063	0.00179653667815	0	1512213753.5458527	59.1907514451	0.429900793651
292.5	0.074375	0.00587835334696	0.00246493105951	0	1512213754.0308452	59.8830409357	0.425366038307
292.5	0.074375	0.00587835334696	0.00246493105951	0	1512213754.7920263	59.8830409357	0.425366038307
292.0	0.07375	0.00404671121593	0.00213222717995	0	1512213755.5479536	58.8505747126	0.429540763674
291.5	0.07375	0.00427617199276	0.00171508286224	0	1512213756.034981	59.1907514451	0.4381780753
291.0	0.07375	0.00427617199276	0.00171508286224	0	1512213756.812849	59.1907514451	0.4381780753
290.5	0.07375	0.00431763880461	0.00185033039889	0	1512213757.5787313	59.1907514451	0.450129551821
290.5	0.075	0.000262376792115	0.00247656967924	0	1512213758.0346045	58.1818181818	0.437581699346
290.0	0.075	0.00578839045699	0.0018371743417	0	1512213758.786103	58.1818181818	0.437581699346
289.5	0.073125	0.00416794585102	0.00216202806257	0	1512213759.5593135	59.5348837209	0.43461038961
289.5	0.07375	0.00473954643219	0.0019968446478	0	1512213760.0270414	58.5142857143	0.431925959345
289.0	0.07375	0.00473954643219	0.0019968446478	0	1512213760.7780478	58.5142857143	0.431925959345
288.5	0.07375	0.0047883643617	0.00195491797512	0	1512213761.5438344	58.5142857143	0.434217578923
288.0	0.074375	0.00334866352201	0.00200987687054	0	1512213762.0299914	58.8505747126	0.434946926139
287.5	0.074375	0.00334866352201	0.00200987687054	0	1512213762.7899241	58.8505747126	0.434946926139
287.5	0.07625	0.00359651490415	0.00213765107451	0	1512213763.5547628	59.795620438	0.429702089169
287.0	0.07375	0.0044558501032	0.00187327945066	0	1512213764.0356722	59.8830409357	0.431271008403
286.5	0.07375	0.0044558501032	0.00187327945066	0	1512213764.7963417	59.8830409357	0.431271008403
286.0	0.07375	0.00333264140499	0.00173219958295	0	1512213765.569369	58.8505747126	0.431092436975
285.5	0.07375	0.00408327366596	0.00222080220186	0	1512213766.028421	58.8505747126	0.442308802309
285.5	0.07375	0.00404092158708	0.00216518561584	0	1512213766.7998333	59.8830409357	0.431061649885
285.0	0.07375	0.00404092158708	0.00216518561584	0	1512213767.5537834	59.8830409357	0.431061649885
284.5	0.074375	0.00249062212922	0.00167102396716	0	1512213768.0290935	60.9523809524	0.425753565794
284.0	0.074375	0.00249062212922	0.00167102396716	0	1512213768.7919855	60.9523809524	0.425753565794
283.5	0.074375	0.00317588993453	0.00169407339025	0	1512213769.5679126	58.5142857143	0.421603641457
283.5	0.0725	0.00239615583075	0.0022281540835	0	1512213770.0315926	59.1907514451	0.445078923461
283.0	0.0725	0.00239615583075	0.0022281540835	0	1512213770.7883372	59.1907514451	0.445078923461
282.5	0.07375	0.00274212593453	0.00209687146877	0	1512213771.5515397	58.5142857143	0.451232492997
282.5	0.073125	0.00247065428192	0.00218695666468	0	1512213772.0352938	59.8830409357	0.436263339801
282.0	0.073125	0.00247065428192	0.00218695666468	0	1512213772.7911716	59.8830409357	0.436263339801
281.5	0.07375	0.00287974291658	0.00189345075508	0	1512213773.688028	61.3173652695	0.411306471306
281.0	0.07375	0.00256172742969	0.0018653600901	0	1512213774.5378928	59.8830409357	0.436524693944
280.5	0.07375	0.00245997973658	0.00239551398679	0	1512213775.033069	58.1818181818	0.445564549473
280.0	0.074375	0.000232834551096	0.00279283565579	0	1512213775.8117754	62.4390243902	0.410425890786
280.0	0.074375	0.00275072565309	0.00184400670644	0	1512213776.5937195	62.4390243902	0.410425890786
279.5	0.073125	0.00160880887681	0.00236586903817	0	1512213777.0297456	59.5348837209	0.435304834055
279.0	0.075	0.00153136917646	0.00233755352352	0	1512213777.8044913	57.2867132867	0.461278195489
278.5	0.074375	0.00108806092303	0.00201582238931	0	1512213778.583348	57.5280898876	0.436323767206
278.5	0.07375	0.0014761265556	0.00193402984524	0	1512213779.0266428	58.5142857143	0.4570995671

#$Filter:1
#$	0	1	 1
#$	1	op06	0.251188643150958
#$	2	op09*op09	0.015848931924611138
#$	3	op18*op18*op18	3.9810717055349725e-06
#$	4	ns12	1e-7
#$	5	0	 1e-22
#$POWER:19.4, mW
#$WAVELENGTH:1064,nm
#$OBJECT:SiNW4.6mkm_normal, bscat	=	=	=	=	=
angle	ref	signal	signal_std	filter	Time	freq	duty_cycle
277.5	0.0725	0.00092313308302	0.00210699038312	0	1512213789.0479572	57.6901408451	0.424553571429
277.0	0.0725	0.00104290867917	0.00203436803639	0	1512213789.826916	60.2352941176	0.440711739241
276.5	0.073125	0.00118018219049	0.00183492393738	0	1512213790.602503	60.2352941176	0.417608341479
276.5	0.073125	0.00110112028302	0.00179066744392	0	1512213791.0403066	59.1907514451	0.444424603175
276.0	0.0725	0.00111112967914	0.00158064646244	0	1512213791.7972784	59.1907514451	0.441904761905
275.5	0.07375	0.000795541465378	0.00138897643011	0	1512213792.5724154	59.1907514451	0.436508913359
275.5	0.07375	0.000557034412955	0.00211593450832	0	1512213793.0412922	58.5142857143	0.451640410464
275.0	0.07375	0.000557034412955	0.00211593450832	0	1512213793.8142507	58.5142857143	0.451640410464
274.5	0.07375	0.000690712269756	0.00225216197047	0	1512213794.5971377	57.8531073446	0.452063492063
274.0	0.074375	0.00069675996157	0.00187787311972	0	1512213795.043715	58.1818181818	0.431509829157
273.5	0.073125	0.000151894577716	0.0019933455229	0	1512213795.8176403	59.5348837209	0.429244227994
273.5	0.074375	0.000166158223954	0.00158891004385	0	1512213796.601726	58.5142857143	0.445483405483
273.0	0.07375	0.000316907051282	0.00206917061015	0	1512213797.0457232	58.1818181818	0.443174603175
272.5	0.07375	0.000316907051282	0.00206917061015	0	1512213797.8236477	58.1818181818	0.443174603175
272.0	0.07375	0.000172463768116	0.00223632636923	0	1512213798.6066322	58.5142857143	0.438017622886
272.0	0.073125	0.000336864513847	0.00182956177961	0	1512213799.0413625	59.5348837209	0.442521761393
271.5	0.07375	4.86482471777e-06	0.00185752900926	0	1512213799.7933319	57.8531073446	0.451904761905
271.0	0.074375	0.000316578670804	0.00194184996841	0	1512213800.587166	59.1907514451	0.44780091772
270.5	0.074375	0.000358453326713	0.00216857254676	0	1512213801.0410087	57.8531073446	0.457777777778
270.0	0.074375	0.000358453326713	0.00216857254676	0	1512213801.819803	57.8531073446	0.457777777778
269.5	0.073125	0.000478812916919	0.00226841535691	0	1512213802.5957482	58.1818181818	0.443155929038
269.5	0.074375	2.89979757085e-05	0.001885367689	0	1512213803.0435128	58.1818181818	0.443155929038
269.0	0.074375	2.89979757085e-05	0.001885367689	0	1512213803.7974565	58.1818181818	0.443155929038
268.5	0.073125	0.000269221698113	0.00230656956494	0	1512213804.576246	58.8505747126	0.453906289789
268.5	0.07375	0.000190226212213	0.00187730472682	0	1512213805.044133	58.5142857143	0.439931864638
268.0	0.07375	0.000190226212213	0.00187730472682	0	1512213805.7940648	58.5142857143	0.439931864638
267.5	0.074375	0.000257370283019	0.0015516641936	0	1512213806.5790246	59.8830409357	0.42587850918
267.0	0.07375	0.000343775329281	0.0021382595207	0	1512213807.0412478	57.5280898876	0.44392812981
266.5	0.07375	0.000343775329281	0.0021382595207	0	1512213807.8148212	57.5280898876	0.44392812981
266.0	0.07375	4.28185096154e-05	0.00202477841519	0	1512213808.6038964	59.5348837209	0.428966613672
