
#$Filter:1
#$	0	1	 1
#$	1	op06	0.251188643150958
#$	2	op09*op09	0.015848931924611138
#$	3	op18*op18*op18	3.9810717055349725e-06
#$	4	ns12	1e-7
#$	5	0	 1e-22
#$POWER:19.4, mW
#$WAVELENGTH:1064,nm
#$OBJECT:SiNW4.6mkm_ang, bscat	=	=	=	=	=
angle	ref	signal	signal_std	filter	Time	freq	duty_cycle
0.5	0.0921875	0.000114511451145	0.00196158143421	0	1512214738.0944564	58.5142857143	0.450297619048
0.5	0.0921875	3.68897559023e-06	0.00214291408452	0	1512214738.8336203	59.8830409357	0.431481481481
0.0	0.0921875	3.68897559023e-06	0.00214291408452	0	1512214739.592341	59.8830409357	0.431481481481
360.0	0.090625	0.000165014022436	0.00190720486654	0	1512214740.0982108	59.1907514451	0.424499622775
359.5	0.096875	0.000354927956031	0.00196894309421	0	1512214740.9041004	57.2867132867	0.447790647791
359.0	0.0921875	0.000250510204082	0.00233583846216	0	1512214741.6652396	58.1818181818	0.447076154496
358.5	0.0921875	0.000323645234793	0.00200373884244	0	1512214742.0929182	59.1907514451	0.426812526813
358.0	0.0921875	0.000134485833168	0.0019302814738	0	1512214742.8455086	59.1907514451	0.426812526813
357.5	0.09375	0.00922433314983	0.00180438832743	0	1512214743.600672	56.8888888889	0.458333333333
357.5	0.09375	0.0143617268041	0.00222906484255	0	1512214744.094406	57.2067039106	0.44631690514
357.0	0.09375	0.0143617268041	0.00222906484255	0	1512214744.8372636	57.2067039106	0.44631690514
356.5	0.0921875	0.0141974009901	0.00191468421026	0	1512214745.594091	56.5745856354	0.458545688546
356.5	0.0921875	0.0145170802696	0.00185361749753	0	1512214746.0972285	59.5348837209	0.43783144199
356.0	0.0921875	0.0145170802696	0.00185361749753	0	1512214746.8509817	59.5348837209	0.43783144199
355.0	0.0921875	0.0075669017607	0.0061116981835	0	1512214747.6010432	57.2067039106	0.456565656566
355.0	0.0921875	0.0146494222689	0.00168227175727	0	1512214748.0976222	57.2067039106	0.456565656566
354.5	0.09375	0.0143180312991	0.00215481018468	0	1512214748.8455215	57.5280898876	0.44900673783
354.0	0.09375	0.0143180312991	0.00215481018468	0	1512214749.6043735	57.5280898876	0.44900673783
353.5	0.0921875	0.0151702688651	0.00218170985486	0	1512214750.0947638	56.8888888889	0.461111111111
353.5	0.0921875	0.0151702688651	0.00218170985486	0	1512214750.8451915	56.8888888889	0.461111111111
353.0	0.090625	0.0152842776598	0.00193237403221	0	1512214751.605488	58.1818181818	0.435575927341
352.5	0.090625	0.0138217056242	0.0031254380391	0	1512214752.0940146	63.3402061856	0.455875518376
352.0	0.090625	0.0142449754902	0.00160934769394	0	1512214752.8530588	55.652173913	0.477222222222
351.5	0.0921875	0.0161165491549	0.00198447335623	0	1512214753.6128197	57.2067039106	0.455197132616
351.5	0.090625	0.0148688168449	0.00174802500715	0	1512214754.0968177	57.8531073446	0.450906799657
351.0	0.090625	0.00782957920792	0.00644485017281	0	1512214754.838001	56.8888888889	0.461256971257
350.0	0.090625	0.0150686881188	0.00235890930835	0	1512214755.6018772	56.8888888889	0.461256971257
350.0	0.0921875	0.0165802083333	0.00212495174578	0	1512214756.0997567	56.8888888889	0.461111111111
349.5	0.0921875	0.0174210858586	0.00209780803396	0	1512214756.882762	58.1818181818	0.447916666667
349.0	0.0921875	0.0158988095238	0.00176098954672	0	1512214757.660344	59.1907514451	0.435632183908
348.5	0.0921875	0.0157935661765	0.00175250657542	0	1512214758.0945175	59.5348837209	0.436507936508
348.0	0.0921875	0.0182624387255	0.00233864235121	0	1512214758.8673987	59.5348837209	0.436507936508
347.5	0.090625	0.0201066964286	0.00164468187677	0	1512214759.6262558	56.8888888889	0.455542685543
347.5	0.0953125	0.0213014939887	0.00175489589384	0	1512214760.095226	56.8888888889	0.458301158301
347.0	0.0953125	0.0213014939887	0.00175489589384	0	1512214760.8531377	56.8888888889	0.458301158301
346.5	0.0921875	0.0345196614453	0.00234450215107	0	1512214761.6100078	59.1907514451	0.434101244101
346.5	0.0921875	0.0428937351456	0.00190546262995	0	1512214762.1000187	58.1818181818	0.447916666667
345.5	0.0921875	0.0428937351456	0.00190546262995	0	1512214762.8468764	58.1818181818	0.447916666667

#$Filter:op06
#$	0	1	 1
#$	1	op06	0.251188643150958
#$	2	op09*op09	0.015848931924611138
#$	3	op18*op18*op18	3.9810717055349725e-06
#$	4	ns12	1e-7
#$	5	0	 1e-22
#$POWER:19.4, mW
#$WAVELENGTH:1064,nm
#$OBJECT:SiNW4.6mkm_ang, bscat	=	=	=	=	=
angle	ref	signal	signal_std	filter	Time	freq	duty_cycle
345.0	0.090625	0.0173936829331	0.0020160099766	1	1512214778.0715077	59.5348837209	0.418311637555
345.0	0.090625	0.0173936829331	0.0020160099766	1	1512214778.8221612	59.5348837209	0.418311637555
344.5	0.0921875	0.0327445869587	0.0020929434761	1	1512214779.5730674	56.5745856354	0.474920634921
344.5	0.090625	0.0343160406866	0.00190971272801	1	1512214780.0651913	57.5280898876	0.4536999337
344.0	0.090625	0.0319274847363	0.00494782433982	1	1512214780.8594592	58.1818181818	0.451264429601
344.0	0.090625	0.0342154814333	0.00167041826764	1	1512214781.6256037	58.1818181818	0.451264429601
344.0	0.090625	0.0327118193069	0.00201915630586	1	1512214782.0678606	57.5280898876	0.460793650794

#$Filter:op06
#$	0	1	 1
#$	1	op06	0.251188643150958
#$	2	op09*op09	0.015848931924611138
#$	3	op18*op18*op18	3.9810717055349725e-06
#$	4	ns12	1e-7
#$	5	0	 1e-22
#$POWER:19.4, mW
#$WAVELENGTH:1064,nm
#$OBJECT:SiNW4.6mkm_ang, bscat	=	=	=	=	=
angle	ref	signal	signal_std	filter	Time	freq	duty_cycle
343.5	0.0921875	0.0223900573016	0.00170806374768	1	1512214789.5604124	57.6901408451	0.449959623489
343.0	0.0890625	0.0125252984857	0.00203601804503	1	1512214790.5584214	59.1907514451	0.441587301587

#$Filter:op06
#$	0	1	 1
#$	1	op06	0.251188643150958
#$	2	op09*op09	0.015848931924611138
#$	3	op18*op18*op18	3.9810717055349725e-06
#$	4	ns12	1e-7
#$	5	0	 1e-22
#$POWER:19.4, mW
#$WAVELENGTH:1064,nm
#$OBJECT:SiNW4.6mkm_ang, bscat	=	=	=	=	=
angle	ref	signal	signal_std	filter	Time	freq	duty_cycle
342.5	0.090625	0.00785891089109	0.00323994560332	1	1512214794.0551603	54.9798657718	0.464444444444
342.0	0.090625	0.00780698529412	0.00209165006634	1	1512214794.8111022	57.6901408451	0.464880952381
342.0	0.0921875	0.00614085477941	0.00225383629296	1	1512214795.5697398	59.795620438	0.430462184874
342.0	0.090625	0.00560275735294	0.00210034176906	1	1512214796.0556433	56.8888888889	0.472222222222
341.5	0.090625	0.00386957813428	0.00253597392582	1	1512214796.8144455	56.8888888889	0.466503646504

#$Filter:1
#$	0	1	 1
#$	1	op06	0.251188643150958
#$	2	op09*op09	0.015848931924611138
#$	3	op18*op18*op18	3.9810717055349725e-06
#$	4	ns12	1e-7
#$	5	0	 1e-22
#$POWER:19.4, mW
#$WAVELENGTH:1064,nm
#$OBJECT:SiNW4.6mkm_ang, bscat	=	=	=	=	=
angle	ref	signal	signal_std	filter	Time	freq	duty_cycle
341.0	0.0953125	0.0302287371134	0.00204281031548	0	1512214803.0644493	58.0992907801	0.446755196755
341.0	0.0953125	0.0302287371134	0.00204281031548	0	1512214803.8172903	58.0992907801	0.446755196755
340.5	0.0921875	0.0238822043969	0.00193304534536	0	1512214804.5706694	57.6901408451	0.456457431457
340.5	0.0921875	0.0236769347891	0.00210595689859	0	1512214805.0632265	57.5280898876	0.45961038961
340.0	0.0921875	0.0236769347891	0.00210595689859	0	1512214805.80513	57.5280898876	0.45961038961
340.0	0.0921875	0.0188194027611	0.00193460936727	0	1512214806.5610135	57.5280898876	0.460634920635
340.0	0.090625	0.0176497145888	0.00229507673066	0	1512214807.0670717	58.5142857143	0.449478556898
339.5	0.090625	0.0176497145888	0.00229507673066	0	1512214807.8139853	58.5142857143	0.449478556898
339.5	0.090625	0.0191204120412	0.00241368109279	0	1512214808.565666	58.8505747126	0.451106821107
339.0	0.090625	0.018241302589	0.00214170130263	0	1512214809.0670993	57.2067039106	0.463650793651
339.0	0.090625	0.0173580882353	0.00230519115259	0	1512214809.8177817	59.1907514451	0.44253968254
338.5	0.090625	0.0173580882353	0.00230519115259	0	1512214810.5847054	59.1907514451	0.44253968254
338.5	0.090625	0.016104860486	0.00189554855882	0	1512214811.0623612	57.5280898876	0.4607585737
338.0	0.090625	0.0153468238207	0.00199086475276	0	1512214811.8552563	57.2067039106	0.463581763582
337.5	0.0921875	0.014166615099	0.0019948052654	0	1512214812.617159	57.2867132867	0.468650793651
337.5	0.0921875	0.0020399872449	0.00729080728906	0	1512214813.0642743	59.5348837209	0.432857142857
337.0	0.0921875	0.0134193877551	0.00193643496275	0	1512214813.80823	59.5348837209	0.432857142857
336.5	0.0921875	0.0122867346939	0.002126291674	0	1512214814.56498	58.8505747126	0.450611103715
336.0	0.0921875	0.0131834196057	0.00196903466569	0	1512214815.0677617	57.5280898876	0.454901960784
335.5	0.0921875	0.0131834196057	0.00196903466569	0	1512214815.8255506	57.5280898876	0.454901960784
335.0	0.0921875	0.013175082533	0.0023798009166	0	1512214816.5795953	58.8505747126	0.438781047057
334.5	0.090625	0.0130940659093	0.00170434088111	0	1512214817.0686972	59.1907514451	0.436003734827
334.0	0.090625	0.0130940659093	0.00170434088111	0	1512214817.8265166	59.1907514451	0.436003734827
333.5	0.0921875	0.0128367590206	0.001693153817	0	1512214818.5853977	57.8531073446	0.445832134656
333.0	0.0921875	0.0125551470588	0.00220434531269	0	1512214819.0611322	57.5280898876	0.454575163399
332.5	0.090625	0.0134617157507	0.00143329340435	0	1512214819.8192523	56.8888888889	0.458317245817
332.5	0.0921875	0.0121054937126	0.00240325382964	0	1512214820.577147	57.2867132867	0.454348991849
332.0	0.090625	0.0115610767327	0.00184846853841	0	1512214821.0632045	57.2067039106	0.463783783784
331.5	0.090625	0.0115610767327	0.00184846853841	0	1512214821.8236048	57.2067039106	0.463783783784
331.0	0.0921875	0.0124619087326	0.00200166866633	0	1512214822.5790367	59.8830409357	0.427733363616
330.5	0.0921875	0.0114424720131	0.0013816821147	0	1512214823.06761	57.2067039106	0.455341880342
330.0	0.0921875	0.0114424720131	0.0013816821147	0	1512214823.8183858	57.2067039106	0.455341880342
329.5	0.090625	0.0107849454215	0.00228140557202	0	1512214824.5726058	56.4965517241	0.45533033033
329.0	0.090625	0.0119638526353	0.00212645249908	0	1512214825.0673084	57.2067039106	0.458095238095
328.5	0.090625	0.0119638526353	0.00212645249908	0	1512214825.8262067	57.2067039106	0.458095238095
328.0	0.0921875	0.0121534653465	0.00169199509231	0	1512214826.5753486	57.6901408451	0.464460784314
328.0	0.0921875	0.0120301361386	0.00225217776552	0	1512214827.0608666	57.2067039106	0.463460519343
327.5	0.0921875	0.0120301361386	0.00225217776552	0	1512214827.8112202	57.2067039106	0.463460519343
327.0	0.090625	0.0117883663366	0.00187789270537	0	1512214828.5610209	56.8888888889	0.466653796654
326.5	0.0921875	0.0114060660322	0.0024037784227	0	1512214829.063953	59.1907514451	0.428735632184
326.0	0.090625	0.0108050986842	0.00203547996069	0	1512214829.8248162	58.5142857143	0.420122100122
325.5	0.090625	0.0105767326733	0.00175334501739	0	1512214830.5797312	57.2067039106	0.463783783784
325.5	0.0953125	0.0103449619539	0.00196409677998	0	1512214831.0683765	57.2867132867	0.454325649179
324.5	0.0953125	0.0103449619539	0.00196409677998	0	1512214831.8162718	57.2867132867	0.454325649179
324.0	0.0921875	0.011212547519	0.00227926080595	0	1512214832.5690567	57.2067039106	0.457892093774
324.0	0.0921875	0.0116008727161	0.00182826266505	0	1512214833.069267	59.5348837209	0.426355806356
323.5	0.0921875	0.0116008727161	0.00182826266505	0	1512214833.8162477	59.5348837209	0.426355806356
323.0	0.0921875	0.0109397509004	0.00159881082915	0	1512214834.5718367	58.8505747126	0.44
322.5	0.090625	0.010628125	0.00213394029248	0	1512214835.0639393	57.2067039106	0.46380952381
322.0	0.090625	0.00338922311349	0.00532569972752	0	1512214835.8357124	58.8505747126	0.439034749035
321.5	0.090625	0.0115785613488	0.00200401898892	0	1512214836.5996416	58.8505747126	0.439034749035
321.0	0.0890625	0.0107983610861	0.00229869945164	0	1512214837.0623875	56.5745856354	0.458704418704
320.5	0.090625	0.0116242984694	0.00154058784227	0	1512214837.8216293	57.2067039106	0.452355212355
320.0	0.0921875	0.01130625	0.00236184473386	0	1512214838.5812666	56.8888888889	0.465261690262
320.0	0.090625	0.0111811729642	0.00207705587111	0	1512214839.0673823	56.8888888889	0.458301158301
319.0	0.09375	0.00450086284514	0.00546195452283	0	1512214839.822339	58.8505747126	0.433470613471
318.5	0.09375	0.00996442326931	0.00160114956462	0	1512214840.5910568	58.8505747126	0.433470613471
318.5	0.090625	0.0101040149971	0.00221468095262	0	1512214841.068028	60.5917159763	0.425777777778
318.0	0.090625	0.0101040149971	0.00221468095262	0	1512214841.8137507	60.5917159763	0.425777777778
317.5	0.09375	0.00981492597039	0.00140091803497	0	1512214842.5746734	57.2867132867	0.461507936508
317.0	0.0890625	0.0116150475342	0.00197344688047	0	1512214843.06365	59.1907514451	0.441174869451
316.5	0.0890625	0.0116150475342	0.00197344688047	0	1512214843.818797	59.1907514451	0.441174869451
316.0	0.0953125	0.0103531675983	0.00216528900216	0	1512214844.577463	57.6901408451	0.457516339869
316.0	0.090625	0.0104920185896	0.00216449985229	0	1512214845.0645113	57.2867132867	0.461066318419
315.5	0.090625	0.0104920185896	0.00216449985229	0	1512214845.8092003	57.2867132867	0.461066318419
315.0	0.090625	0.00981803327392	0.00198603926935	0	1512214846.5619297	56.8888888889	0.461111111111
314.5	0.090625	0.00967202970297	0.00182983730079	0	1512214847.0742733	56.8888888889	0.4667996568
314.0	0.090625	0.00964052287582	0.0022662250913	0	1512214847.8301132	56.8888888889	0.461098241098
313.5	0.0921875	0.00922610925814	0.00189133051171	0	1512214848.5911334	59.1907514451	0.435632183908
313.0	0.0921875	0.0094057549505	0.00206107092765	0	1512214849.0675704	56.5745856354	0.464114114114
312.5	0.0921875	0.0094057549505	0.00206107092765	0	1512214849.836598	56.5745856354	0.464114114114
312.0	0.0921875	0.00920552441274	0.00234552560343	0	1512214850.597736	56.4965517241	0.462087087087
311.5	0.0921875	0.0103531559406	0.00218973992463	0	1512214851.062435	56.2637362637	0.461561561562
311.0	0.0921875	0.0103531559406	0.00218973992463	0	1512214851.8205626	56.2637362637	0.461561561562
310.5	0.096875	0.00814593140139	0.0022426504871	0	1512214852.582103	56.4965517241	0.455664499086
310.5	0.09375	0.00915204207921	0.00233250629902	0	1512214853.0621839	56.8888888889	0.465444015444
310.0	0.09375	0.00915204207921	0.00233250629902	0	1512214853.8092492	56.8888888889	0.465444015444
309.0	0.0921875	0.0091512254902	0.00255505014628	0	1512214854.564728	56.8888888889	0.461085371085
309.0	0.0953125	0.0092050608122	0.00164313242401	0	1512214855.069866	56.8888888889	0.450772200772
308.5	0.0953125	0.0092050608122	0.00164313242401	0	1512214855.8138297	56.8888888889	0.450772200772
308.0	0.0953125	0.00924375	0.0015288118344	0	1512214856.5709436	56.4965517241	0.469031531532
307.5	0.0921875	0.00907198118932	0.00195169218277	0	1512214857.070837	58.5142857143	0.430780780781
307.0	0.09375	0.00945709533814	0.00182674537434	0	1512214857.833393	56.8888888889	0.45567996568
306.5	0.0921875	0.0107965578111	0.00237638455848	0	1512214858.5955555	58.8505747126	0.445555555556
306.5	0.0921875	0.00905	0.00253371022416	0	1512214859.0653958	56.5745856354	0.458558558559
306.0	0.0921875	0.00905	0.00253371022416	0	1512214859.8191588	56.5745856354	0.458558558559
305.5	0.0921875	0.00933951432515	0.00161480423201	0	1512214860.5778534	56.4965517241	0.462070999571
305.0	0.09375	0.00891231796117	0.00216600300333	0	1512214861.0660734	59.1907514451	0.415838695839
304.5	0.09375	0.00891231796117	0.00216600300333	0	1512214861.8271742	59.1907514451	0.415838695839
304.0	0.0921875	0.00818952205882	0.00141314628467	0	1512214862.602919	56.2637362637	0.456143286143
303.5	0.0921875	0.00793637558116	0.00148951736675	0	1512214863.0709784	58.1818181818	0.44726999727
303.0	0.0921875	0.00793637558116	0.00148951736675	0	1512214863.8367624	58.1818181818	0.44726999727
302.5	0.0921875	0.00868959620477	0.00153852706891	0	1512214864.5933957	56.5745856354	0.453003003003
302.5	0.0921875	0.0078243556701	0.00185863768833	0	1512214865.0715227	57.2067039106	0.446604335428
302.0	0.0921875	0.0078243556701	0.00185863768833	0	1512214865.8224788	57.2067039106	0.446604335428
301.5	0.0921875	0.00311734068627	0.00387216027781	0	1512214866.5783288	59.1907514451	0.429071379071
301.0	0.0921875	0.00741747089461	0.00208950654	0	1512214867.0652742	59.1907514451	0.429071379071
300.5	0.090625	0.00866040767268	0.00228310314095	0	1512214867.8199286	56.4965517241	0.462087087087
300.0	0.090625	0.00866040767268	0.00228310314095	0	1512214868.5797462	56.4965517241	0.462087087087
299.5	0.09375	0.00867721330957	0.00144656832226	0	1512214869.066949	56.4965517241	0.469031531532
299.0	0.090625	0.000238908063225	0.00475463430793	0	1512214869.8266664	58.8505747126	0.437440050888
298.5	0.090625	0.00796537364946	0.00206507869304	0	1512214870.5867004	58.8505747126	0.437440050888
298.0	0.0921875	0.00688409274601	0.00236142552292	0	1512214871.071677	56.8888888889	0.450304590305
297.5	0.0921875	0.00688409274601	0.00236142552292	0	1512214871.8294482	56.8888888889	0.450304590305
297.0	0.090625	0.00735752932848	0.00244732788797	0	1512214872.5900362	57.6901408451	0.443319293319
297.0	0.090625	0.00738421012735	0.00196001299636	0	1512214873.0719771	56.8888888889	0.449949874687
296.5	0.090625	0.00738421012735	0.00196001299636	0	1512214873.8153021	56.8888888889	0.449949874687
296.0	0.090625	0.001611328125	0.00458613339059	0	1512214874.5709784	58.1818181818	0.448489666137
295.5	0.090625	0.00717172475962	0.00197182615837	0	1512214875.0650976	58.1818181818	0.448489666137
295.0	0.0921875	0.00743585858586	0.00232726459609	0	1512214875.819793	56.8888888889	0.458200135619
294.5	0.0921875	0.00743585858586	0.00232726459609	0	1512214876.5798597	56.8888888889	0.458200135619
294.0	0.0921875	0.0067125	0.00169273205112	0	1512214877.0665789	56.5745856354	0.458545688546
293.5	0.0921875	0.00141692450495	0.003965272837	0	1512214877.8273947	56.1095890411	0.465840840841
293.0	0.0921875	0.00739628712871	0.00230678347488	0	1512214878.5835462	56.1095890411	0.465840840841
292.5	0.090625	0.00740547003919	0.00229639432668	0	1512214879.071128	56.5745856354	0.455769230769
292.0	0.090625	0.00740547003919	0.00229639432668	0	1512214879.827137	56.5745856354	0.455769230769
291.5	0.0921875	0.00621843112245	0.00201604515722	0	1512214880.587055	56.8888888889	0.449796855679
291.5	0.090625	0.00588203709319	0.00197692235933	0	1512214881.071212	59.5348837209	0.415965965966
291.0	0.090625	0.00588203709319	0.00197692235933	0	1512214881.8218195	59.5348837209	0.415965965966
290.5	0.0921875	0.00727654042386	0.0016269037652	0	1512214882.574606	57.5280898876	0.449019607843
290.0	0.0921875	0.00602150371287	0.00165794429848	0	1512214883.0648685	56.8888888889	0.458333333333
289.5	0.0921875	0.00645350617536	0.00176660993544	0	1512214883.8228443	56.5745856354	0.447734877735
289.0	0.0921875	0.00645350617536	0.00176660993544	0	1512214884.5827274	56.5745856354	0.447734877735
288.5	0.09375	0.00620776515152	0.0017873911925	0	1512214885.0653145	56.5745856354	0.458545688546
288.0	0.09375	0.00620776515152	0.0017873911925	0	1512214885.8245034	56.5745856354	0.458545688546
287.5	0.0921875	0.00552656766089	0.00240186014844	0	1512214886.5891194	56.8888888889	0.458079402932
287.0	0.0921875	0.0059443419358	0.00181744818987	0	1512214887.0710614	57.2867132867	0.461304161304
286.5	0.0921875	0.0059443419358	0.00181744818987	0	1512214887.8348799	57.2867132867	0.461304161304
286.0	0.0921875	0.00574888939951	0.00184808414909	0	1512214888.5940683	56.4965517241	0.454563492063
286.0	0.0921875	0.00613645067402	0.00160446771877	0	1512214889.070747	56.4965517241	0.462070999571
285.5	0.0921875	0.00613645067402	0.00160446771877	0	1512214889.8296416	56.4965517241	0.462070999571
284.5	0.090625	0.00501433823529	0.00205548998112	0	1512214890.6075912	58.5142857143	0.44299013299
284.5	0.0921875	0.0052521574973	0.00215755823088	0	1512214891.0627031	56.4965517241	0.475788288288
284.0	0.0921875	0.0052521574973	0.00215755823088	0	1512214891.799286	56.4965517241	0.475788288288
283.5	0.0921875	0.00527898659464	0.00200523023685	0	1512214892.578358	56.8888888889	0.458301158301
283.0	0.090625	0.00491756153771	0.00223512043229	0	1512214893.0661302	56.8888888889	0.465444015444
282.5	0.090625	0.00491756153771	0.00223512043229	0	1512214893.8279417	56.8888888889	0.465444015444
282.0	0.0921875	0.00486640300059	0.00187446320072	0	1512214894.5871243	56.4965517241	0.462087087087
282.0	0.090625	0.0048849877451	0.00210229366928	0	1512214895.0709105	56.5745856354	0.458558558559

#$Filter:1
#$	0	1	 1
#$	1	op06	0.251188643150958
#$	2	op09*op09	0.015848931924611138
#$	3	op18*op18*op18	3.9810717055349725e-06
#$	4	ns12	1e-7
#$	5	0	 1e-22
#$POWER:19.4, mW
#$WAVELENGTH:1064,nm
#$OBJECT:SiNW4.6mkm_ang, bscat	=	=	=	=	=
angle	ref	signal	signal_std	filter	Time	freq	duty_cycle
281.0	0.0921875	0.00413927283654	0.00182019968188	0	1512214905.566383	59.5348837209	0.419833873282
280.5	0.0921875	0.00413927283654	0.00182019968188	0	1512214905.9904974	59.5348837209	0.419833873282
280.0	0.090625	0.00461247853102	0.00144663003515	0	1512214906.7531183	56.8888888889	0.45552981553
279.5	0.096875	0.00430246028244	0.00215471379814	0	1512214907.559054	56.8888888889	0.458317245817
279.0	0.0921875	0.00434398528829	0.00160392821621	0	1512214907.9872346	56.8888888889	0.455383955384
278.5	0.0921875	0.00371625	0.00214475113285	0	1512214908.758848	56.5745856354	0.464114114114
278.0	0.0921875	0.0035324197861	0.00174307464804	0	1512214909.5619178	56.4965517241	0.469031531532
278.0	0.090625	0.00351357323232	0.00167714604165	0	1512214909.9876704	56.8888888889	0.458079402932
277.5	0.090625	0.00351357323232	0.00167714604165	0	1512214910.7417595	56.8888888889	0.458079402932
277.0	0.0921875	0.00379079826733	0.00196011509149	0	1512214911.5624032	56.8888888889	0.461098241098
276.5	0.0953125	0.00337791518122	0.00200277342361	0	1512214911.9891813	56.4965517241	0.455314242814
276.0	0.0953125	0.00337791518122	0.00200277342361	0	1512214912.750488	56.4965517241	0.455314242814
275.5	0.0921875	0.003088125	0.00164614559274	0	1512214913.5671792	56.8888888889	0.458317245817
275.0	0.0921875	0.00318197278912	0.00181775520747	0	1512214913.9899158	58.1818181818	0.447076154496
274.5	0.0921875	0.00318197278912	0.00181775520747	0	1512214914.7410293	58.1818181818	0.447076154496
274.0	0.090625	0.00285331253714	0.00202668526458	0	1512214915.5620298	59.8830409357	0.424074074074
273.5	0.09375	0.00298789253925	0.00155826548437	0	1512214915.9870207	56.2637362637	0.456143286143
273.0	0.09375	0.00298789253925	0.00155826548437	0	1512214916.7566352	56.2637362637	0.456143286143
272.5	0.0921875	0.00273610117527	0.00218699450036	0	1512214917.5636418	57.6901408451	0.443218954248
272.5	0.0921875	0.00216560828877	0.00163989124186	0	1512214917.987368	56.8888888889	0.461098241098
272.0	0.0921875	0.00216560828877	0.00163989124186	0	1512214918.7315173	56.8888888889	0.461098241098
271.5	0.0953125	0.00210258578431	0.00218854073457	0	1512214919.564072	56.4965517241	0.462457099957
271.0	0.0921875	0.00171270680602	0.00163858350231	0	1512214919.991286	57.5280898876	0.448444678445
270.5	0.0921875	0.00171270680602	0.00163858350231	0	1512214920.7459493	57.5280898876	0.448444678445
270.0	0.0921875	0.00189059094512	0.00195582219532	0	1512214921.5588195	56.8888888889	0.458333333333
269.5	0.09375	0.00130835149594	0.00208793812911	0	1512214921.9871182	57.2067039106	0.452368082368
269.0	0.09375	0.00130835149594	0.00208793812911	0	1512214922.7455122	57.2067039106	0.452368082368
268.5	0.096875	0.00150089700829	0.00165615170575	0	1512214923.5627635	56.8888888889	0.458333333333
268.0	0.0921875	0.00111333813714	0.00211273754221	0	1512214923.9877648	58.1818181818	0.43412975913
