
#$Filter:op09
#$	0	1	 1
#$	1	op06	 0.251188643150958
#$	2	op09	0.015848931924611138
#$	3	op18*op18*op18	3.9810717055349725e-06
#$	4	ns12	1e-7
#$	5	0	 1e-22
#$POWER:50.7, mW
#$WAVELENGTH:532,nm
#$OBJECT:cSi_noBlick, on wires	=	=	=	=	=	=	=	=
angle	ref	signal	signal_std	filter	Time	freq	duty_cycle
0.0	0.1833332875	0.000168003984459	0.000738316703867	2	1510327378.278965	47.6279069767	0.53488372093
0.0	0.187499953125	4.40423242574e-05	0.000746609382572	2	1510327379.044874	47.6279069767	0.511627906977
0.5	0.187499953125	7.69460374381e-05	0.000774888776713	2	1510327379.8008451	47.6279069767	0.511627906977
1.0	0.187499953125	1.12631973678e-06	0.000849440012179	2	1510327380.2821333	47.6279069767	0.53488372093
1.5	0.187499953125	0.000155188855798	0.000676595152334	2	1510327381.0879261	47.6279069767	0.552325581395
1.5	0.187499953125	2.66310474733e-05	0.000733824781192	2	1510327381.8676372	47.9064327485	0.543881506091
2.0	0.1833332875	1.56865223581e-05	0.00074577489745	2	1510327382.2843637	47.9064327485	0.549695459579
2.5	0.1833332875	0.000162713744905	0.000829072753553	2	1510327383.042429	47.6279069767	0.53488372093

#$Filter:1
#$	0	1	 1
#$	1	op06	 0.251188643150958
#$	2	op09	0.015848931924611138
#$	3	op18*op18*op18	3.9810717055349725e-06
#$	4	ns12	1e-7
#$	5	0	 1e-22
#$POWER:50.7, mW
#$WAVELENGTH:532,nm
#$OBJECT:cSi_noBlick, on wires	=	=	=	=	=	=	=	=
angle	ref	signal	signal_std	filter	Time	freq	duty_cycle
3.0	0.1833332875	0.000385491356619	0.00169769453175	0	1510327390.7561326	48.4733727811	0.550249169435
3.5	0.1833332875	0.000395427806002	0.00184825978566	0	1510327391.75599	47.9064327485	0.543881506091
4.0	0.1833332875	0.00179511351134	0.00220154854299	0	1510327392.7627192	47.9064327485	0.543881506091
4.5	0.187499953125	0.00499575373682	0.00281444300268	0	1510327393.75971	47.6279069767	0.546511627907

#$Filter:1
#$	0	1	 1
#$	1	op06	 0.251188643150958
#$	2	op09	0.015848931924611138
#$	3	op18*op18*op18	3.9810717055349725e-06
#$	4	ns12	1e-7
#$	5	0	 1e-22
#$POWER:50.7, mW
#$WAVELENGTH:532,nm
#$OBJECT:cSi_noBlick, on wires	=	=	=	=	=	=	=	=
angle	ref	signal	signal_std	filter	Time	freq	duty_cycle
5.5	0.1833332875	0.0371641463901	0.0123858348685	0	1510327400.286797	47.9064327485	0.549695459579
5.5	0.187499953125	0.0	0.0	0	1510327401.1154044	47.6279069767	0.546511627907
6.0	0.187499953125	0.0328992973307	0.0	0	1510327401.935371	47.6279069767	0.53488372093
6.5	0.187499953125	0.380339291224	0.0231948061141	0	1510327402.783219	47.9064327485	0.538067552602
7.0	0.187499953125	0.371770223213	0.0564530495278	0	1510327403.3482916	47.6279069767	0.552325581395
7.5	0.187499953125	0.711844037388	0.1814230308	0	1510327404.1250935	47.6279069767	0.558139534884
7.5	0.1833332875	1.4097725175	0.331239149895	0	1510327404.9446468	47.9064327485	0.549695459579
8.0	0.187499953125	0.58403153913	0.117424684086	0	1510327405.7849767	47.6279069767	0.53488372093
8.5	0.187499953125	0.457440920025	0.143755843917	0	1510327406.2886624	47.6279069767	0.53488372093
9.0	0.187499953125	0.366724830172	0.0736922491805	0	1510327407.0576239	47.6279069767	0.53488372093
9.0	0.187499953125	0.326681504007	0.0721658187688	0	1510327407.8230956	47.6279069767	0.53488372093
9.5	0.187499953125	0.309288429212	0.0807757836172	0	1510327408.2893565	47.6279069767	0.552325581395
10.0	0.187499953125	0.261374484476	0.0677729895521	0	1510327409.0594203	47.6279069767	0.558139534884
10.0	0.187499953125	0.229407350056	0.0560318944009	0	1510327409.8273787	47.9064327485	0.543881506091
10.5	0.187499953125	0.205274075232	0.0534599929951	0	1510327410.2837644	47.9064327485	0.538067552602
11.0	0.187499953125	0.145459876006	0.034170860059	0	1510327411.0641377	47.6279069767	0.540697674419
11.0	0.187499953125	0.119744734088	0.0297932978977	0	1510327411.8990166	47.6279069767	0.552325581395
11.5	0.1833332875	0.0678049658666	0.0181779990537	0	1510327412.3448634	47.6279069767	0.53488372093
12.0	0.187499953125	0.217321874441	0.0534160068127	0	1510327413.102635	47.2615384615	0.530831571529
12.5	0.187499953125	0.207742272438	0.0491323465713	0	1510327413.8686178	47.3526011561	0.520216701903
13.0	0.187499953125	0.149305518229	0.0358132409041	0	1510327414.2805676	47.2615384615	0.523079633545
13.5	0.187499953125	0.0932897926039	0.0234233956223	0	1510327415.0515192	47.6279069767	0.519379844961
14.0	0.187499953125	0.0948460530353	0.0281375073282	0	1510327415.8143206	47.6279069767	0.558139534884
14.5	0.1833332875	0.0690028667024	0.0213465242175	0	1510327416.2921913	47.6279069767	0.53488372093
15.0	0.1833332875	0.0337931791091	0.0102836373492	0	1510327417.123991	47.6279069767	0.53488372093
15.5	0.1833332875	0.0614855615517	0.0157515699213	0	1510327417.891049	47.9064327485	0.543881506091
16.0	0.1833332875	0.047089375692	0.0126884589029	0	1510327418.2899525	47.9064327485	0.549695459579
16.5	0.1833332875	0.084862915509	0.0212210876111	0	1510327419.0568213	47.9064327485	0.543881506091
17.0	0.1833332875	0.0721949605837	0.0205123980461	0	1510327419.8226051	48.1882352941	0.552879291251
17.5	0.1833332875	0.0553978917603	0.0165463438	0	1510327420.2918334	48.1882352941	0.552879291251
18.0	0.1833332875	0.0771009422632	0.0241063794906	0	1510327421.059613	48.1882352941	0.552879291251
18.5	0.187499953125	0.072849340762	0.0207145091572	0	1510327421.8160799	48.4733727811	0.556201550388
19.0	0.1833332875	0.0539541588683	0.0161866317125	0	1510327422.2849114	48.4733727811	0.550249169435
19.5	0.1833332875	0.0440387784191	0.0116901289841	0	1510327423.0514264	48.1882352941	0.541251384275
20.0	0.1833332875	0.0567508383272	0.0156627969252	0	1510327423.8190439	48.1882352941	0.541251384275
20.5	0.1833332875	0.0617513644415	0.0181817769825	0	1510327424.2867453	48.1882352941	0.547065337763
21.0	0.187499953125	0.0550676500507	0.0159096148125	0	1510327425.0529442	48.1882352941	0.552879291251
21.5	0.1833332875	0.0458947534836	0.0138718220135	0	1510327425.8208158	48.4733727811	0.550249169435
22.0	0.1833332875	0.0412580271272	0.0122342260908	0	1510327426.344724	48.1882352941	0.547065337763
22.5	0.1833332875	0.0366736280229	0.0102231504176	0	1510327427.1087348	48.4733727811	0.550249169435
23.0	0.1833332875	0.0361054753041	0.0106190368254	0	1510327427.8755796	48.4733727811	0.556201550388
23.5	0.1833332875	0.030349351387	0.0091814702175	0	1510327428.2829638	48.4733727811	0.556201550388
24.0	0.187499953125	0.0295500638376	0.0097563921143	0	1510327429.03952	48.7619047619	0.553571428571
24.5	0.1833332875	0.0356643958864	0.00977428197355	0	1510327429.8078942	48.4733727811	0.550249169435
25.0	0.1833332875	0.0298538249025	0.00932311344468	0	1510327430.2862425	48.4733727811	0.550249169435
25.5	0.1833332875	0.0282938503295	0.00972231504579	0	1510327431.0450456	48.4733727811	0.550249169435
26.0	0.187499953125	0.0308393003589	0.00928111755579	0	1510327431.8110192	48.4733727811	0.550249169435
26.5	0.187499953125	0.0304251842096	0.00904108345074	0	1510327432.290918	48.7619047619	0.547619047619
27.0	0.187499953125	0.0296764631691	0.00934264312238	0	1510327433.0605755	48.7619047619	0.547619047619
27.5	0.1833332875	0.0231538337432	0.00868917099325	0	1510327433.8276677	48.7619047619	0.571428571429
28.0	0.187499953125	0.0212146863701	0.00813372588989	0	1510327434.2925348	48.7619047619	0.547619047619
28.5	0.187499953125	0.0220533830152	0.00738942547355	0	1510327435.0629728	48.4733727811	0.550249169435
29.0	0.1833332875	0.0220755037562	0.00660203720351	0	1510327435.825264	48.4733727811	0.550249169435
29.5	0.187499953125	0.0223859705331	0.00755588802418	0	1510327436.2878797	48.7619047619	0.547619047619
30.0	0.187499953125	0.0198050533039	0.00666527071466	0	1510327437.0450966	48.7619047619	0.547619047619
30.5	0.187499953125	0.024652807136	0.00770870584996	0	1510327437.8088884	48.7619047619	0.547619047619
31.0	0.187499953125	0.0288880518425	0.0105072506347	0	1510327438.283931	48.7619047619	0.547619047619
31.5	0.187499953125	0.0379248271201	0.0103297069271	0	1510327439.046824	48.7619047619	0.547619047619
32.0	0.187499953125	0.0259165181017	0.00793279837803	0	1510327439.8168166	48.7619047619	0.547619047619
32.5	0.187499953125	0.0179918966103	0.00562332706994	0	1510327440.2846165	48.7619047619	0.547619047619
33.0	0.187499953125	0.0146603712707	0.00587596362879	0	1510327441.0530677	48.7619047619	0.559523809524
33.5	0.187499953125	0.0140547705699	0.00475806054178	0	1510327441.8783698	48.7619047619	0.547619047619
34.0	0.187499953125	0.00685627847917	0.00236606627604	0	1510327442.2862825	48.7619047619	0.547619047619
34.5	0.1833332875	0.0168013134635	0.00588876577804	0	1510327443.0432363	49.0538922156	0.550958188153
35.0	0.187499953125	0.0195222529542	0.00616411380578	0	1510327443.813163	48.7619047619	0.547619047619
35.5	0.187499953125	0.0259412564263	0.00773903490948	0	1510327444.284031	49.152	0.552071234998
36.0	0.187499953125	0.0290117448838	0.00830685373394	0	1510327445.0484514	48.7619047619	0.547619047619
36.5	0.187499953125	0.0158581538851	0.00621070996966	0	1510327445.8148928	49.152	0.543941153697
37.0	0.187499953125	0.0214468430661	0.00739270752391	0	1510327446.2862654	49.152	0.552071234998
37.5	0.187499953125	0.0214942253957	0.00693152800712	0	1510327447.052286	49.152	0.543941153697
38.0	0.1833332875	0.0161236070802	0.00575393523778	0	1510327447.8214917	49.0538922156	0.550958188153
38.5	0.187499953125	0.0129195085489	0.00592918208961	0	1510327448.2893767	48.7619047619	0.547619047619
39.0	0.187499953125	0.0292640947016	0.00875179721895	0	1510327449.069261	48.7619047619	0.547619047619
39.5	0.187499953125	0.0287020033388	0.00898827017692	0	1510327449.8383152	48.7619047619	0.547619047619
40.0	0.187499953125	0.0182313821998	0.00692047781808	0	1510327450.292157	48.7619047619	0.547619047619
40.5	0.187499953125	0.0269564084357	0.00859258910529	0	1510327451.057113	48.7619047619	0.547619047619
41.0	0.1833332875	0.0218164711365	0.00701356490155	0	1510327451.8174388	49.0538922156	0.562862950058
41.5	0.187499953125	0.0162944759834	0.00604369865352	0	1510327452.2856832	48.7619047619	0.553571428571
42.0	0.187499953125	0.0241397731673	0.00810633889188	0	1510327453.0497031	48.7619047619	0.553571428571
42.5	0.1833332875	0.0249471703311	0.0084706456594	0	1510327453.8226538	49.0538922156	0.556910569106
43.0	0.1833332875	0.0165148402437	0.00796702895503	0	1510327454.2874305	48.7619047619	0.547619047619
43.5	0.187499953125	0.0153832371317	0.0052522548809	0	1510327455.0573335	48.7619047619	0.547619047619
44.0	0.1833332875	0.0271977000402	0.00788433629116	0	1510327455.824219	48.7619047619	0.547619047619
44.5	0.1833332875	0.0251790653339	0.00937990143911	0	1510327456.2821946	48.7619047619	0.565476190476
45.0	0.187499953125	0.0111627903954	0.00453202262058	0	1510327457.0486248	49.0538922156	0.562879831456
45.5	0.187499953125	0.0192652805484	0.0061799916259	0	1510327457.8169222	48.7619047619	0.547619047619
46.0	0.187499953125	0.0235988901117	0.00786208614675	0	1510327458.2848966	48.7619047619	0.547619047619
46.5	0.1833332875	0.0138203775054	0.00492931541736	0	1510327459.0528865	48.7619047619	0.547619047619
47.0	0.187499953125	0.0243262940037	0.00782184505757	0	1510327459.8197837	48.7619047619	0.547619047619
47.5	0.187499953125	0.0299368514901	0.0114782449713	0	1510327460.287664	49.0538922156	0.550958188153
48.0	0.1833332875	0.0287197468576	0.00949016990203	0	1510327461.0564697	49.0538922156	0.562862950058
48.5	0.1833332875	0.0155214536326	0.00528374010815	0	1510327461.8203747	48.7619047619	0.559523809524
49.0	0.187499953125	0.0143756009924	0.00521605396058	0	1510327462.2823772	48.7619047619	0.547619047619
49.5	0.187499953125	0.016468820567	0.00609013401411	0	1510327463.0491588	48.7619047619	0.547619047619
50.0	0.187499953125	0.0152103187322	0.00511902158453	0	1510327463.817718	48.7619047619	0.547619047619
50.5	0.187499953125	0.0137880755527	0.0054072768771	0	1510327464.2920964	48.7619047619	0.547619047619
50.5	0.187499953125	0.0118392197556	0.00462465045916	0	1510327465.0629942	48.7619047619	0.547619047619
50.5	0.187499953125	0.0105894560421	0.00457255967467	0	1510327465.8317695	49.0538922156	0.550958188153
50.5	0.1833332875	0.0111529818605	0.00460172324453	0	1510327466.2892108	49.0538922156	0.562862950058
50.5	0.187499953125	0.00906584531189	0.00374185141303	0	1510327467.0565495	49.0538922156	0.550958188153
50.5	0.1833332875	0.00897085035102	0.00412446809487	0	1510327467.8261216	49.0538922156	0.556910569106
50.5	0.187499953125	0.00887976985983	0.00370301100833	0	1510327468.2933407	49.0538922156	0.550958188153
51.0	0.187499953125	0.00948058879794	0.00377395676099	0	1510327469.0653615	48.7619047619	0.547619047619
51.5	0.187499953125	0.0117942634332	0.00447792086443	0	1510327469.8282228	49.0538922156	0.550958188153
52.0	0.187499953125	0.0120191289932	0.00515193046727	0	1510327470.2846253	48.7619047619	0.547619047619
52.5	0.1833332875	0.016909101554	0.00544747018224	0	1510327471.0500655	48.7619047619	0.547619047619
53.5	0.1833332875	0.0142244188861	0.00458822769093	0	1510327471.8087358	48.7619047619	0.547619047619
53.5	0.187499953125	0.0116007093505	0.0045799509324	0	1510327472.289856	48.7619047619	0.547619047619
54.0	0.19166661875	0.0131402032677	0.00495457158047	0	1510327473.0545204	48.7619047619	0.547619047619
54.5	0.1833332875	0.0133112146209	0.00531898808591	0	1510327473.825622	48.7619047619	0.553571428571
55.0	0.1833332875	0.0112629245347	0.00484917875457	0	1510327474.2837055	49.0538922156	0.556910569106
55.5	0.187499953125	0.00969440640831	0.00394278762344	0	1510327475.065245	49.0538922156	0.550958188153
56.0	0.1833332875	0.0118619450828	0.00487853752388	0	1510327475.8412263	48.7619047619	0.547619047619
56.5	0.187499953125	0.014794223569	0.00544480856472	0	1510327476.285825	48.7619047619	0.547619047619
57.0	0.187499953125	0.0149137881451	0.00502127582039	0	1510327477.0550106	49.152	0.552071234998
57.5	0.187499953125	0.00991924650723	0.00341018988619	0	1510327477.8330014	49.152	0.543941153697
58.0	0.187499953125	0.0106182446444	0.00384682260763	0	1510327478.2889347	49.152	0.552071234998
58.5	0.187499953125	0.00889430811141	0.00380016910047	0	1510327479.0577698	49.152	0.552071234998
59.0	0.1833332875	0.00968616005064	0.00386367920384	0	1510327479.819773	49.0538922156	0.562862950058
59.5	0.187499953125	0.0107539520173	0.00412750269229	0	1510327480.28359	49.0538922156	0.544860627178
60.0	0.187499953125	0.00958583193727	0.00403978986547	0	1510327481.0499804	49.152	0.552071234998
60.5	0.187499953125	0.00833714179036	0.00384524597724	0	1510327481.8304482	48.7619047619	0.547619047619
61.0	0.187499953125	0.00893656599165	0.00377341129616	0	1510327482.295272	49.0538922156	0.544860627178
61.5	0.1833332875	0.00762204225403	0.00364627059486	0	1510327483.063165	49.0538922156	0.550958188153
62.0	0.187499953125	0.0091572481815	0.00378768066156	0	1510327483.8326888	48.7619047619	0.547619047619
62.5	0.1833332875	0.0117989541352	0.00527384926456	0	1510327484.290067	48.7619047619	0.553571428571
63.0	0.187499953125	0.0144313334197	0.00557970404456	0	1510327485.055966	48.7619047619	0.547619047619
63.5	0.1833332875	0.0118537298236	0.00408043345448	0	1510327485.8245885	48.7619047619	0.547619047619
64.0	0.187499953125	0.0109117264565	0.00434157655025	0	1510327486.2935984	48.7619047619	0.547619047619
64.5	0.187499953125	0.00996575482598	0.00382258472824	0	1510327487.0664022	48.7619047619	0.547619047619
65.0	0.187499953125	0.00389312975409	0.00189113301664	0	1510327487.9014945	48.7619047619	0.571428571429
65.5	0.1833332875	0.00861940753741	0.00353636802209	0	1510327488.3103116	48.7619047619	0.52380952381
66.0	0.187499953125	0.00866244441558	0.00356376602842	0	1510327489.0793407	48.7619047619	0.553571428571
66.5	0.187499953125	0.00939835300705	0.00347745318108	0	1510327489.8466582	48.7619047619	0.547619047619
67.0	0.187499953125	0.0109661475434	0.0043960696412	0	1510327490.2901313	48.4733727811	0.556201550388
67.5	0.187499953125	0.0174790734933	0.00612556988981	0	1510327491.058911	48.7619047619	0.547619047619
68.0	0.187499953125	0.0163907319069	0.00551647877086	0	1510327491.8378887	48.7619047619	0.547619047619
68.5	0.187499953125	0.016877766454	0.00720281473573	0	1510327492.347753	48.7619047619	0.547619047619
69.0	0.187499953125	0.0184343162212	0.00579746683613	0	1510327493.108589	48.7619047619	0.547619047619
69.5	0.187499953125	0.0103797928015	0.00411364078139	0	1510327493.8693674	48.7619047619	0.547619047619
70.0	0.187499953125	0.00953917778002	0.00379934704141	0	1510327494.2863665	48.7619047619	0.547619047619
70.5	0.187499953125	0.00800171621263	0.00340988401579	0	1510327495.0529475	48.7619047619	0.571428571429
71.0	0.187499953125	0.00872857838051	0.00375300667732	0	1510327495.8221672	48.7619047619	0.547619047619
71.5	0.187499953125	0.00717328715284	0.0034251646546	0	1510327496.2897263	48.7619047619	0.571428571429
72.0	0.187499953125	0.0073573084761	0.00386532130175	0	1510327497.1170857	48.7619047619	0.547619047619
72.5	0.1833332875	0.0069809942947	0.00290754483178	0	1510327497.886863	48.7619047619	0.52380952381
72.5	0.187499953125	0.00851003044903	0.00380311808841	0	1510327498.2938612	48.7619047619	0.547619047619
73.0	0.1833332875	0.00878694580896	0.00363499940306	0	1510327499.0598483	48.4733727811	0.556201550388
74.0	0.1833332875	0.0118360012233	0.00484812388175	0	1510327499.824302	48.4733727811	0.550249169435
74.5	0.1833332875	0.0131394554046	0.00546935255937	0	1510327500.2946265	48.4733727811	0.550249169435
75.0	0.1833332875	0.019312708847	0.00666440887286	0	1510327501.0520468	48.4733727811	0.550249169435
75.5	0.187499953125	0.0151498181499	0.00520724680146	0	1510327501.8218286	48.1882352941	0.552879291251
75.5	0.1833332875	0.0124224327918	0.00472461340408	0	1510327502.2901537	48.1882352941	0.552879291251
76.0	0.1833332875	0.00965605676535	0.00370413046339	0	1510327503.0590577	48.1882352941	0.558831672204
77.0	0.187499953125	0.0110840027201	0.00411099741306	0	1510327503.838063	48.4733727811	0.550249169435
77.0	0.187499953125	0.010387693272	0.0043756594347	0	1510327504.2906158	48.1882352941	0.552879291251
77.5	0.1833332875	0.0113896885582	0.0044942401432	0	1510327505.0486853	48.4733727811	0.556201550388
78.5	0.1833332875	0.0111635655852	0.00433607923345	0	1510327505.8186426	48.4733727811	0.550249169435
78.5	0.1833332875	0.0100919480563	0.00436992164641	0	1510327506.2855182	48.4733727811	0.556201550388
79.5	0.1833332875	0.0110635179181	0.00427781673994	0	1510327507.054427	48.4733727811	0.550249169435
80.0	0.1833332875	0.0118634229601	0.00432922154302	0	1510327507.820486	48.1882352941	0.552879291251
80.0	0.187499953125	0.0120717720475	0.00441933307334	0	1510327508.28836	48.1882352941	0.547065337763
80.5	0.187499953125	0.00970973760106	0.00355310678259	0	1510327509.0580595	48.1882352941	0.552879291251
81.5	0.1833332875	0.0118344699759	0.00454599517998	0	1510327509.8266191	48.1882352941	0.552879291251
81.5	0.1833332875	0.0145929675023	0.00544763360368	0	1510327510.2816525	48.4733727811	0.550249169435
82.0	0.187499953125	0.0133813946005	0.00443760296417	0	1510327511.038839	48.4733727811	0.550249169435
83.0	0.1833332875	0.0121176423509	0.00517969711244	0	1510327511.8067558	48.1882352941	0.552879291251
83.0	0.1833332875	0.0123857162768	0.00452595215162	0	1510327512.2947907	48.4733727811	0.550249169435
84.0	0.1833332875	0.0123487682803	0.00447110486181	0	1510327513.0626628	48.1882352941	0.552879291251
84.5	0.1833332875	0.0107892313985	0.00391199151461	0	1510327513.8323581	48.4733727811	0.550249169435
84.5	0.1833332875	0.0132770501404	0.00489071656958	0	1510327514.289438	48.4733727811	0.550249169435
85.0	0.1833332875	0.0141563730802	0.00569675308262	0	1510327515.0582519	48.1882352941	0.552879291251
86.0	0.1833332875	0.017264020109	0.00600401861097	0	1510327515.8391864	48.1882352941	0.552879291251
86.0	0.1833332875	0.0162001948701	0.00523507840899	0	1510327516.2930524	48.1882352941	0.541251384275
86.5	0.1833332875	0.0162186925265	0.00538253093865	0	1510327517.06207	48.4733727811	0.550249169435
87.5	0.1833332875	0.0127592501492	0.00441226814079	0	1510327517.8407252	48.1882352941	0.541251384275
87.5	0.1833332875	0.0118332591499	0.00460385751282	0	1510327518.2868605	48.1882352941	0.552879291251
88.5	0.187499953125	0.0107050186913	0.00412796962193	0	1510327519.0527604	48.1882352941	0.552879291251
89.0	0.1833332875	0.0131078549226	0.00515683138514	0	1510327519.8216412	48.4733727811	0.550249169435
89.0	0.187499953125	0.0119085796439	0.00550512762871	0	1510327520.2895503	48.4733727811	0.550249169435
89.5	0.1833332875	0.0145001029393	0.00481287172251	0	1510327521.0593903	48.1882352941	0.541251384275
90.5	0.1833332875	0.0153229697382	0.0052347719862	0	1510327521.824316	48.1882352941	0.541251384275
90.5	0.1833332875	0.0146413166139	0.00518640810663	0	1510327522.2827094	48.1882352941	0.547065337763
91.0	0.1833332875	0.0174308004856	0.00582524387673	0	1510327523.0489469	47.9064327485	0.549695459579
92.0	0.187499953125	0.0151994976246	0.00530049781936	0	1510327523.826915	47.9064327485	0.549695459579
92.0	0.1833332875	0.0148650490606	0.00540622327966	0	1510327524.2859478	47.9064327485	0.543881506091
93.0	0.187499953125	0.0196979099588	0.00667813976057	0	1510327525.043914	47.9064327485	0.549695459579
93.5	0.187499953125	0.0215518998827	0.00734699847482	0	1510327525.8758223	48.1882352941	0.552879291251
93.5	0.187499953125	0.0172575811557	0.0217386254958	0	1510327526.290089	48.1882352941	0.552879291251
94.0	0.187499953125	0.0205812324222	0.00639446301492	0	1510327527.0574236	48.1882352941	0.541251384275
94.5	0.1833332875	0.0216565472924	0.00668835867179	0	1510327527.835378	48.1882352941	0.552879291251
95.0	0.1833332875	0.0235422305817	0.00811128439214	0	1510327528.2955542	48.4733727811	0.556201550388
95.5	0.1833332875	0.0237146308235	0.00785419723827	0	1510327529.0611355	48.4733727811	0.556201550388
96.5	0.187499953125	0.0287669799877	0.00874505893096	0	1510327529.8289247	48.1882352941	0.552879291251
96.5	0.1833332875	0.0269460758846	0.00947159319329	0	1510327530.2936306	48.1882352941	0.547065337763
97.0	0.1833332875	0.028731997483	0.00831356755414	0	1510327531.0528202	47.9064327485	0.543881506091
98.0	0.1833332875	0.0305582900812	0.00874118735705	0	1510327531.821831	48.1882352941	0.552879291251
98.0	0.1833332875	0.0301251418371	0.00858372714099	0	1510327532.2897267	48.1882352941	0.547065337763
98.5	0.187499953125	0.0333659104619	0.0103160411172	0	1510327533.0484257	48.1882352941	0.547065337763
99.0	0.1833332875	0.0335749716325	0.0109855299482	0	1510327533.8125212	48.1882352941	0.552879291251
99.5	0.1833332875	0.0387846769135	0.0124446638281	0	1510327534.283279	47.9064327485	0.549695459579
100.0	0.1833332875	0.0375412299309	0.0109965300856	0	1510327535.0462558	48.1882352941	0.547065337763
101.0	0.187499953125	0.0413762329069	0.0104616714193	0	1510327535.8169808	48.1882352941	0.541251384275
101.0	0.187499953125	0.0441261285696	0.0147819057466	0	1510327536.2857265	48.1882352941	0.552879291251
101.5	0.1833332875	0.0950996262763	0.0274431114379	0	1510327537.1149008	47.9064327485	0.543881506091
102.5	0.1833332875	0.0497734918301	0.0141083221543	0	1510327537.8809133	48.1882352941	0.552879291251
102.5	0.187499953125	0.0515603147452	0.0148216478236	0	1510327538.2885745	48.4733727811	0.550249169435
103.0	0.1833332875	0.0585605266704	0.0176643359401	0	1510327539.0587184	48.1882352941	0.552879291251
103.5	0.187499953125	0.0524489882534	0.0146191115413	0	1510327539.824615	48.4733727811	0.550249169435
104.0	0.187499953125	0.0568714957536	0.0163897654081	0	1510327540.2834733	48.4733727811	0.550249169435
104.5	0.1833332875	0.0696793985346	0.020113710437	0	1510327541.050273	48.1882352941	0.552879291251
105.5	0.187499953125	0.0707548968412	0.0207038329993	0	1510327541.82977	48.1882352941	0.552879291251
105.5	0.1833332875	0.072815936212	0.0206207809714	0	1510327542.2860923	48.4733727811	0.556201550388
106.0	0.1833332875	0.0824335264002	0.0228280485224	0	1510327543.064041	48.4733727811	0.550249169435
107.0	0.1833332875	0.0768949083125	0.0203513948419	0	1510327543.8349967	48.1882352941	0.541251384275
107.0	0.1833332875	0.081548716383	0.025784283524	0	1510327544.2899306	48.1882352941	0.547065337763
107.5	0.1833332875	0.0864561067574	0.0232173091673	0	1510327545.0547018	48.4733727811	0.550249169435
108.0	0.1833332875	0.0848050174923	0.0219312633323	0	1510327545.8254647	48.4733727811	0.550249169435
108.5	0.187499953125	0.0914958682406	0.0271319527834	0	1510327546.2936122	48.4733727811	0.556201550388
109.0	0.187499953125	0.104463150522	0.0273600861221	0	1510327547.0625176	48.1882352941	0.552879291251
110.0	0.187499953125	0.104385016639	0.0275752906407	0	1510327547.8409567	48.1882352941	0.547065337763
110.0	0.1833332875	0.113643276432	0.0321868152041	0	1510327548.2873495	47.9064327485	0.549695459579
110.5	0.187499953125	0.294283758338	0.0757405523495	0	1510327549.1237304	48.1882352941	0.547065337763
111.5	0.1833332875	0.145134579101	0.0391321715651	0	1510327549.8910816	48.1882352941	0.547065337763
112.0	0.1833332875	0.145930875198	0.036672724548	0	1510327550.7929368	47.9064327485	0.549695459579
112.5	0.187499953125	0.174263072401	0.0422696428639	0	1510327551.2878115	47.9064327485	0.543881506091
113.0	0.187499953125	0.155786107777	0.0405881655435	0	1510327552.055616	48.1882352941	0.552879291251
113.5	0.1833332875	0.186746365646	0.0432588104171	0	1510327552.832643	48.1882352941	0.541251384275
114.0	0.187499953125	0.197431930699	0.049617407646	0	1510327553.2895484	48.1882352941	0.547065337763
114.5	0.187499953125	0.216711245185	0.0518717923032	0	1510327554.055389	48.1882352941	0.547065337763
115.0	0.1833332875	0.242898621612	0.0644257971557	0	1510327554.8118725	48.1882352941	0.552879291251
115.5	0.1833332875	0.232388474666	0.0607669254713	0	1510327555.2931993	48.1882352941	0.552879291251
116.0	0.1833332875	0.231583275438	0.0594757237585	0	1510327556.0621614	48.1882352941	0.552879291251
116.5	0.187499953125	0.270235258776	0.0676767317698	0	1510327556.8418984	48.4733727811	0.550249169435
117.0	0.187499953125	0.281069196114	0.0819932586191	0	1510327557.3508127	48.4733727811	0.550249169435
117.5	0.187499953125	0.310704694404	0.0815828501502	0	1510327558.1143615	48.4733727811	0.550249169435
118.0	0.1833332875	0.308875635032	0.0825753977715	0	1510327558.8802824	48.4733727811	0.556201550388
118.5	0.1833332875	0.326623054796	0.0821838875	0	1510327559.28942	48.4733727811	0.550249169435
119.0	0.1833332875	0.329322450911	0.0883121530519	0	1510327560.0713568	48.4733727811	0.556201550388
119.5	0.1833332875	0.420839994505	0.110815185261	0	1510327560.8461862	48.4733727811	0.550249169435
120.0	0.1833332875	0.371296282503	0.0936834536601	0	1510327561.2828329	48.4733727811	0.550249169435
120.5	0.1833332875	0.415330782704	0.103653336806	0	1510327562.060234	48.4733727811	0.550249169435
121.0	0.1833332875	0.46241820603	0.126138813478	0	1510327562.8189735	48.4733727811	0.556201550388
121.5	0.1833332875	0.48226614826	0.131166973955	0	1510327563.2859142	48.1882352941	0.541251384275
122.0	0.1833332875	0.439289680739	0.118533388301	0	1510327564.0527961	48.1882352941	0.558831672204
122.5	0.1833332875	0.499922476743	0.134818556223	0	1510327564.8226976	48.4733727811	0.556201550388
123.0	0.1833332875	0.465991009451	0.132840695655	0	1510327565.290319	48.1882352941	0.552879291251
123.5	0.187499953125	0.558566815218	0.15000207797	0	1510327566.0574932	48.1882352941	0.552879291251
124.0	0.1833332875	0.629715298412	0.163300238395	0	1510327566.8903615	48.1882352941	0.552879291251
124.5	0.1833332875	1.16878389584	0.299130877254	0	1510327567.295223	48.1882352941	0.552879291251
125.0	0.187499953125	0.621813947111	0.154799948426	0	1510327568.062283	48.4733727811	0.550249169435
125.5	0.1833332875	0.521401579051	0.131646790494	0	1510327568.8280268	48.4733727811	0.550249169435
126.0	0.1833332875	0.624787593091	0.166846629778	0	1510327569.2867062	48.4733727811	0.550249169435
126.5	0.187499953125	0.588845940787	0.161628172906	0	1510327570.0520852	48.4733727811	0.556201550388
127.0	0.187499953125	0.690438573829	0.174809295657	0	1510327570.8217626	48.1882352941	0.552879291251
127.5	0.1833332875	0.69605324479	0.19981335376	0	1510327571.2888167	48.4733727811	0.550249169435
128.0	0.1833332875	0.720283161823	0.193994800002	0	1510327572.0575902	48.1882352941	0.558831672204
128.5	0.1833332875	0.775002651361	0.191980966522	0	1510327572.8214946	48.4733727811	0.550249169435
129.0	0.187499953125	0.680409374057	0.174618877193	0	1510327573.2833626	48.4733727811	0.550249169435
129.5	0.187499953125	0.710831875325	0.173044585122	0	1510327574.058415	48.4733727811	0.550249169435
130.0	0.1833332875	0.691838858379	0.17812678152	0	1510327574.821741	48.1882352941	0.552879291251
130.5	0.1833332875	0.612150844113	0.202636190758	0	1510327575.2857993	47.9064327485	0.549695459579
131.0	0.1833332875	0.729915499767	0.190559198201	0	1510327576.0536804	47.9064327485	0.549695459579
131.5	0.187499953125	0.806042105306	0.188989267922	0	1510327576.8188655	48.1882352941	0.541251384275
132.0	0.1833332875	0.656648031348	0.175980928463	0	1510327577.2889209	48.1882352941	0.541251384275
132.5	0.1833332875	0.77167929426	0.196866846482	0	1510327578.0566814	48.4733727811	0.550249169435
133.5	0.1833332875	0.801317086572	0.191956018316	0	1510327578.826554	48.4733727811	0.544435215947
133.5	0.1833332875	0.818845106544	0.243943063689	0	1510327579.2884953	48.1882352941	0.541251384275
134.0	0.1833332875	0.800073874056	0.199443554695	0	1510327580.0505035	47.9064327485	0.549695459579
134.5	0.1833332875	0.872564365903	0.202107887407	0	1510327580.818385	47.9064327485	0.543881506091
135.0	0.1833332875	0.811954246767	0.182326281031	0	1510327581.287249	47.9064327485	0.543881506091
135.5	0.187499953125	0.861256194942	0.208045003854	0	1510327582.0529733	48.1882352941	0.547065337763
136.0	0.187499953125	0.856771152599	0.199792995969	0	1510327582.8216476	48.1882352941	0.547065337763
136.5	0.187499953125	0.754999098999	0.191691616028	0	1510327583.2900069	47.9064327485	0.549695459579
137.0	0.1833332875	0.749401313534	0.193792893064	0	1510327584.0568833	48.1882352941	0.552879291251
138.0	0.187499953125	0.88359059508	0.208692513657	0	1510327584.8276637	48.1882352941	0.541251384275
138.0	0.187499953125	0.807634413476	0.235325722568	0	1510327585.2935512	47.9064327485	0.543881506091
138.5	0.187499953125	0.908304616229	0.220089172211	0	1510327586.0544672	47.6279069767	0.546511627907
139.0	0.187499953125	0.866037532778	0.206073368244	0	1510327586.819544	47.9064327485	0.543881506091
139.5	0.187499953125	0.851348790012	0.209870805014	0	1510327587.287345	47.9064327485	0.549695459579
140.0	0.187499953125	0.881909134251	0.200131560036	0	1510327588.0522585	47.9064327485	0.543881506091
140.5	0.187499953125	0.770278155887	0.197741387707	0	1510327588.8230462	47.9064327485	0.555509413068
141.0	0.187499953125	0.491772719114	0.358419040332	0	1510327589.2890818	48.1882352941	0.523532668882
142.0	0.1833332875	0.844425503017	0.198369532518	0	1510327590.0589857	48.1882352941	0.541251384275
142.5	0.187499953125	0.855456711139	0.198457201249	0	1510327590.8246377	47.9064327485	0.543881506091
142.5	0.187499953125	0.998486536397	0.222059483761	0	1510327591.2837274	48.1882352941	0.541251384275
143.5	0.179166621875	0.859913602685	0.219099702632	0	1510327592.0482442	48.4733727811	0.550249169435
144.0	0.1833332875	0.740051880538	0.177359515582	0	1510327592.8221836	48.4733727811	0.544435215947
144.0	0.187499953125	0.891796785598	0.224180581258	0	1510327593.2863293	48.1882352941	0.552879291251
144.5	0.1833332875	0.811154422561	0.21043975527	0	1510327594.0428138	48.1882352941	0.552879291251
145.0	0.1833332875	0.816598086449	0.204343623162	0	1510327594.8111963	48.1882352941	0.552879291251
145.5	0.1833332875	0.847216557287	0.199489858896	0	1510327595.2890553	48.1882352941	0.547065337763
146.5	0.187499953125	0.933705098314	0.224446788832	0	1510327596.0576427	48.1882352941	0.547065337763
147.0	0.187499953125	0.792616312218	0.177579571718	0	1510327596.8264055	48.1882352941	0.541251384275
147.5	0.187499953125	0.817120878341	0.286011596241	0	1510327597.283901	48.1882352941	0.552879291251
148.0	0.187499953125	0.749548263221	0.190370506548	0	1510327598.0503333	47.9064327485	0.549695459579
148.5	0.187499953125	0.871662887497	0.210926306596	0	1510327598.8135347	47.6279069767	0.546511627907
148.5	0.187499953125	0.804989114992	0.241315988879	0	1510327599.294427	47.6279069767	0.546511627907
149.5	0.187499953125	0.841717817305	0.211124124892	0	1510327600.0554032	47.6279069767	0.552325581395
150.0	0.187499953125	0.800628717222	0.195207770941	0	1510327600.8223667	47.9064327485	0.549695459579
150.0	0.187499953125	0.795194406869	0.185202942285	0	1510327601.289707	47.9064327485	0.543881506091
151.0	0.187499953125	0.824047392713	0.193883754559	0	1510327602.057155	47.9064327485	0.543881506091
151.5	0.187499953125	0.80146289853	0.18902094213	0	1510327602.8278542	48.1882352941	0.547065337763
152.0	0.1833332875	0.745515205678	0.181622036811	0	1510327603.2925415	48.1882352941	0.541251384275
152.5	0.1833332875	0.819281846462	0.207047591825	0	1510327604.0595143	48.1882352941	0.552879291251
153.0	0.1833332875	0.777971315479	0.199751217865	0	1510327604.8283129	48.1882352941	0.552879291251
153.5	0.187499953125	0.904293416568	0.280159178052	0	1510327605.2874289	48.1882352941	0.552879291251
154.0	0.187499953125	0.837094520071	0.204061853878	0	1510327606.0543783	47.9064327485	0.549695459579
154.5	0.187499953125	0.744989571349	0.173596355766	0	1510327606.8221946	47.9064327485	0.543881506091
155.0	0.1833332875	0.722590009406	0.185734196533	0	1510327607.2889118	48.1882352941	0.547065337763
155.5	0.187499953125	0.755848063382	0.171615426548	0	1510327608.055187	48.1882352941	0.541251384275
156.0	0.1833332875	0.73738781999	0.195199479837	0	1510327608.8239672	48.1882352941	0.552879291251
156.5	0.187499953125	0.701916491188	0.175621224765	0	1510327609.2830462	48.1882352941	0.552879291251
157.0	0.187499953125	0.727650102988	0.186863566649	0	1510327610.0489306	48.1882352941	0.552879291251
157.5	0.1833332875	0.870015452012	0.219983763349	0	1510327610.8167434	48.4733727811	0.550249169435
158.0	0.1833332875	0.808486501068	0.229523247677	0	1510327611.2853303	48.1882352941	0.552879291251
158.5	0.1833332875	0.785030246442	0.177504598296	0	1510327612.047586	47.9064327485	0.543881506091
159.0	0.187499953125	0.811552374783	0.189664757721	0	1510327612.8213513	48.1882352941	0.541251384275
159.5	0.187499953125	0.787430714823	0.24477210604	0	1510327613.288391	48.4733727811	0.550249169435
160.0	0.187499953125	0.809996098855	0.194829285788	0	1510327614.057906	48.4733727811	0.550249169435
160.5	0.1833332875	0.759300037512	0.174027937836	0	1510327614.8233135	48.4733727811	0.544435215947
161.0	0.187499953125	0.793734844301	0.19664361427	0	1510327615.282598	48.1882352941	0.552879291251
161.5	0.1833332875	0.858892235419	0.220635258699	0	1510327616.0510209	48.1882352941	0.552879291251
162.0	0.1833332875	0.83388013341	0.210380096527	0	1510327616.8169158	48.4733727811	0.550249169435
162.5	0.1833332875	0.499245209205	0.1236100202	0	1510327617.2947037	48.4733727811	0.550249169435
163.0	0.1833332875	0.109730741798	0.0293256994452	0	1510327618.0635421	48.1882352941	0.552879291251
164.0	0.1833332875	0.011152062739	0.00359809908347	0	1510327618.8916295	48.1882352941	0.552879291251
164.0	0.1833332875	0.0089667964268	0.00353427172616	0	1510327619.3005245	48.4733727811	0.520764119601
165.0	0.187499953125	0.00227147834556	0.00132791334715	0	1510327620.1292877	48.7619047619	0.559523809524
165.5	0.187499953125	0.00414926011642	0.00247161412495	0	1510327620.9472256	48.7619047619	0.547619047619
166.0	0.1833332875	0.00411905681674	0.00226153323008	0	1510327621.7870502	48.7619047619	0.517857142857
166.5	0.187499953125	0.00403781950337	0.00255946810752	0	1510327622.3400774	48.7619047619	0.553571428571
167.0	0.187499953125	0.00308858973652	0.00200369148102	0	1510327623.1053982	48.7619047619	0.547619047619
168.0	0.187499953125	0.00155836136091	0.00114293333394	0	1510327623.943739	48.7619047619	0.547619047619
168.5	0.187499953125	0.00294846792385	0.00213527020147	0	1510327624.8587067	48.4733727811	0.556201550388
168.5	0.187499953125	0.000893527767525	0.000715919846499	0	1510327625.2884617	48.7619047619	0.547619047619
169.5	0.187499953125	0.00235464126808	0.00182867483046	0	1510327626.0569496	48.7619047619	0.565476190476
170.0	0.187499953125	0.00294710151655	0.00188464779599	0	1510327626.8273094	48.4733727811	0.550249169435
170.5	0.187499953125	0.00221436432279	0.00172375192982	0	1510327627.2932444	48.7619047619	0.547619047619
171.0	0.187499953125	0.00201068325801	0.00153834837671	0	1510327628.0610852	49.0538922156	0.550958188153
171.5	0.187499953125	0.00237258487694	0.00182299101528	0	1510327628.83803	49.0538922156	0.550958188153
172.0	0.187499953125	0.00232820454615	0.00171543763111	0	1510327629.2919555	49.152	0.543941153697
172.5	0.187499953125	0.00250236769034	0.00168604984133	0	1510327630.0557413	48.7619047619	0.547619047619
173.0	0.187499953125	0.00203888837917	0.00164710215331	0	1510327630.822228	48.7619047619	0.547619047619
173.5	0.187499953125	0.0019945291973	0.00167142473625	0	1510327631.2907217	48.7619047619	0.547619047619
174.0	0.187499953125	0.00197392675858	0.00163921908059	0	1510327632.0566032	48.7619047619	0.547619047619
174.5	0.187499953125	0.00173067414341	0.00170301479131	0	1510327632.8254788	48.4733727811	0.550249169435
175.0	0.1833332875	0.00203978126996	0.00172497108061	0	1510327633.2922792	48.4733727811	0.550249169435
175.5	0.187499953125	0.00194609886479	0.00154058262357	0	1510327634.0620677	48.7619047619	0.547619047619
176.0	0.187499953125	0.00191376286117	0.00153797453487	0	1510327634.829044	48.7619047619	0.559523809524
176.5	0.187499953125	0.00159232696765	0.00143881989964	0	1510327635.2868855	48.7619047619	0.547619047619
177.0	0.1833332875	0.00160683008262	0.00149583634698	0	1510327636.0649872	48.7619047619	0.553571428571
177.5	0.187499953125	0.00144634579226	0.00148078890212	0	1510327636.8398006	48.7619047619	0.553571428571
178.0	0.187499953125	0.00155437283078	0.00168665317848	0	1510327637.2886555	48.4733727811	0.556201550388
178.5	0.187499953125	0.00164997095062	0.00150669507126	0	1510327638.0597625	48.7619047619	0.571428571429
179.0	0.187499953125	0.00176102520077	0.00160385378063	0	1510327638.8244658	48.7619047619	0.547619047619
179.5	0.187499953125	0.00182244256433	0.00135197271864	0	1510327639.283063	48.7619047619	0.547619047619
180.0	0.187499953125	0.00173423764542	0.00155462121441	0	1510327640.048259	48.7619047619	0.547619047619
180.5	0.187499953125	0.00178420895566	0.00154251267935	0	1510327640.8167143	49.152	0.543941153697
181.0	0.187499953125	0.001623000903	0.00137475923335	0	1510327641.2860754	48.7619047619	0.547619047619
181.5	0.187499953125	0.00139393839795	0.00141628471111	0	1510327642.0640078	48.7619047619	0.547619047619
182.0	0.187499953125	0.00111361154314	0.00148759166112	0	1510327642.833402	48.7619047619	0.547619047619
182.5	0.187499953125	0.00196938726276	0.00145998340925	0	1510327643.2888682	48.4733727811	0.568106312292
183.5	0.187499953125	0.00154458614412	0.00151486088981	0	1510327644.0576546	48.7619047619	0.547619047619
184.0	0.187499953125	0.0017534877685	0.00152145507974	0	1510327644.8225245	48.7619047619	0.547619047619
184.0	0.187499953125	0.00161351195809	0.00149217166788	0	1510327645.293016	48.7619047619	0.547619047619
185.0	0.187499953125	0.00128789853842	0.00155486167663	0	1510327646.059497	48.7619047619	0.553571428571
185.5	0.187499953125	0.00100548407911	0.00134379460959	0	1510327646.8172264	48.4733727811	0.556201550388
185.5	0.1833332875	0.00160941294011	0.00133190709067	0	1510327647.2867322	48.4733727811	0.556201550388
186.0	0.1833332875	0.00184201046473	0.00156526750323	0	1510327648.0659316	48.4733727811	0.550249169435
187.0	0.187499953125	0.00148666487414	0.00155680807493	0	1510327648.8329158	48.7619047619	0.547619047619
187.0	0.1833332875	0.00165494260621	0.00167528532783	0	1510327649.290401	48.4733727811	0.556201550388
188.0	0.1833332875	0.00153291984469	0.00142618241189	0	1510327650.0566773	48.4733727811	0.550249169435
188.5	0.1833332875	0.00275938677454	0.00204957835476	0	1510327650.8256218	48.4733727811	0.550249169435
189.0	0.1833332875	0.00185475219665	0.00205391898358	0	1510327651.2926724	48.4733727811	0.52657807309
189.5	0.1833332875	0.00454031937774	0.00242684003134	0	1510327652.063591	48.1882352941	0.552879291251
190.0	0.1833332875	0.00515531210149	0.00237267469666	0	1510327652.8282285	48.1882352941	0.552879291251
190.0	0.1833332875	0.00471323411581	0.00231014783645	0	1510327653.2868047	48.4733727811	0.56215393134
191.0	0.1833332875	0.00470008844601	0.00247275218721	0	1510327654.0532613	48.4733727811	0.550249169435
191.5	0.187499953125	0.00520406565055	0.00283245766433	0	1510327654.818042	48.7619047619	0.553571428571
191.5	0.1833332875	0.0069052048264	0.00312258562424	0	1510327655.2890112	48.4733727811	0.550249169435
192.5	0.1833332875	0.0149260503995	0.00112440291817	0	1510327656.123743	48.1882352941	0.552879291251
193.0	0.179166621875	0.0352291578594	0.0	0	1510327656.9098275	48.4733727811	0.556201550388
194.0	0.1833332875	0.0702833157625	0.0	0	1510327657.8212535	48.4733727811	0.556201550388
194.0	0.1833332875	0.0746110568458	0.00675648004727	0	1510327658.2894971	48.4733727811	0.556201550388
194.5	0.179166621875	0.150396258697	0.00749282822641	0	1510327659.1183677	48.4733727811	0.556201550388
195.5	0.187499953125	0.150136999503	0.0197993939579	0	1510327659.9422317	48.4733727811	0.556201550388
196.0	0.1833332875	0.333272091556	0.0765662141823	0	1510327660.7866836	48.4733727811	0.520764119601
196.5	0.179166621875	0.315526096332	0.104159654857	0	1510327661.3540215	48.4733727811	0.556201550388
197.0	0.1833332875	0.313619117567	0.0766080913135	0	1510327662.117918	48.4733727811	0.550249169435
197.5	0.1833332875	0.330286242215	0.0831726272688	0	1510327662.8829122	48.4733727811	0.550249169435
198.0	0.187499953125	0.334394503296	0.0855756938419	0	1510327663.2838354	48.1882352941	0.552879291251
198.5	0.1833332875	0.343709015586	0.0867499068161	0	1510327664.0496356	48.4733727811	0.550249169435
199.0	0.1833332875	0.373003111877	0.100919278105	0	1510327664.8174944	48.7619047619	0.553571428571
199.5	0.187499953125	0.36551039286	0.0976406967921	0	1510327665.285986	48.7619047619	0.547619047619
200.0	0.187499953125	0.305498814032	0.0779906580676	0	1510327666.0513725	48.4733727811	0.550249169435
200.5	0.187499953125	0.302974490895	0.0734122165106	0	1510327666.816167	48.7619047619	0.547619047619
201.0	0.187499953125	0.292648761734	0.0755598357976	0	1510327667.287925	48.7619047619	0.547619047619
201.5	0.187499953125	0.314840074743	0.0755105133327	0	1510327668.0575724	48.7619047619	0.547619047619
202.5	0.187499953125	0.294201048928	0.0694334516336	0	1510327668.8159492	48.7619047619	0.547619047619
202.5	0.187499953125	0.305360466428	0.0804481932855	0	1510327669.2838535	48.7619047619	0.547619047619
203.0	0.187499953125	0.284458581912	0.0699894797193	0	1510327670.0506027	48.7619047619	0.547619047619
204.0	0.187499953125	0.274405302243	0.06572791679	0	1510327670.8143177	48.7619047619	0.547619047619
204.0	0.187499953125	0.291955383107	0.0706494991959	0	1510327671.2946045	48.7619047619	0.547619047619
204.5	0.1833332875	0.318476405178	0.077089476641	0	1510327672.0581121	48.7619047619	0.547619047619
205.5	0.187499953125	0.301895686267	0.0945608727033	0	1510327672.82348	48.7619047619	0.571428571429
205.5	0.187499953125	0.274794130354	0.0787218318323	0	1510327673.2903125	48.7619047619	0.559523809524
206.5	0.187499953125	0.297902366631	0.0751871554347	0	1510327674.0576613	48.4733727811	0.550249169435
207.0	0.187499953125	0.287101256892	0.0731475039146	0	1510327674.8360717	48.7619047619	0.547619047619
207.5	0.187499953125	0.269026642145	0.074258651135	0	1510327675.2899058	48.4733727811	0.556201550388
208.0	0.187499953125	0.266369947653	0.0731860212075	0	1510327676.0588028	48.7619047619	0.553571428571
208.5	0.187499953125	0.252567276926	0.0704062222242	0	1510327676.8286626	48.4733727811	0.56215393134
209.0	0.187499953125	0.235926340564	0.0716186959949	0	1510327677.285166	48.7619047619	0.547619047619
209.5	0.187499953125	0.247536525214	0.0597739194294	0	1510327678.0526304	48.7619047619	0.547619047619
210.0	0.187499953125	0.244737926032	0.0687780153007	0	1510327678.8214717	48.7619047619	0.559523809524
210.5	0.187499953125	0.226443890533	0.0724696374405	0	1510327679.2883945	48.7619047619	0.547619047619
211.0	0.187499953125	0.232400126612	0.0577819917454	0	1510327680.058181	48.7619047619	0.547619047619
211.5	0.187499953125	0.243812464057	0.0709807903227	0	1510327680.8370588	48.4733727811	0.568106312292
212.0	0.187499953125	0.240105353079	0.0742648675747	0	1510327681.2831964	48.4733727811	0.556201550388
212.5	0.187499953125	0.227351438889	0.0625117627932	0	1510327682.04793	48.4733727811	0.550249169435
213.0	0.187499953125	0.22928395512	0.0648532306176	0	1510327682.8176584	48.4733727811	0.56215393134
213.5	0.187499953125	0.238077874553	0.0593999905248	0	1510327683.2886806	48.7619047619	0.547619047619
214.0	0.187499953125	0.221852750951	0.0686993188149	0	1510327684.0535765	48.7619047619	0.571428571429
214.5	0.187499953125	0.241730189638	0.0604366355414	0	1510327684.8205872	48.7619047619	0.547619047619
215.0	0.1833332875	0.234959708423	0.0704645680153	0	1510327685.2885234	48.7619047619	0.559523809524
215.5	0.187499953125	0.230259487786	0.056390449516	0	1510327686.056836	48.7619047619	0.547619047619
216.0	0.187499953125	0.217326156495	0.0583538173539	0	1510327686.8257103	49.0538922156	0.550958188153
216.5	0.187499953125	0.200238298903	0.0698311092938	0	1510327687.2930734	48.7619047619	0.547619047619
217.0	0.187499953125	0.208844321008	0.0581991500368	0	1510327688.0658166	48.4733727811	0.556201550388
218.0	0.187499953125	0.194705124525	0.0566815902598	0	1510327688.8428304	48.7619047619	0.559523809524
218.0	0.187499953125	0.206231786049	0.0565783419697	0	1510327689.2868874	48.7619047619	0.553571428571
218.5	0.1833332875	0.218085415564	0.0598366756409	0	1510327690.0657117	48.4733727811	0.556201550388
219.0	0.1833332875	0.209059140292	0.0547965252245	0	1510327690.83266	48.4733727811	0.550249169435
219.5	0.187499953125	0.194583284687	0.0460819884864	0	1510327691.2901134	48.7619047619	0.547619047619
220.5	0.187499953125	0.210809064107	0.0559439583974	0	1510327692.0563765	48.4733727811	0.556201550388
221.0	0.1833332875	0.210037696778	0.055430643284	0	1510327692.8252022	48.7619047619	0.553571428571
221.5	0.1833332875	0.206464754347	0.0526209731609	0	1510327693.291216	48.4733727811	0.550249169435
222.0	0.187499953125	0.209621761069	0.0525077575603	0	1510327694.0610712	48.4733727811	0.550249169435
222.5	0.1833332875	0.207870674528	0.0546601357864	0	1510327694.8260672	48.4733727811	0.550249169435
223.0	0.1833332875	0.213634561976	0.0569860075211	0	1510327695.2858293	48.1882352941	0.552879291251
223.5	0.187499953125	0.196593798536	0.0454464714256	0	1510327696.0528765	48.1882352941	0.541251384275
224.0	0.187499953125	0.19793828527	0.0441463652754	0	1510327696.818762	48.1882352941	0.541251384275
224.5	0.1833332875	0.191192616019	0.0492845461448	0	1510327697.288142	48.1882352941	0.552879291251
225.0	0.187499953125	0.179548032036	0.0454987625903	0	1510327698.0541892	48.1882352941	0.552879291251
225.5	0.1833332875	0.17636712115	0.0484112449356	0	1510327698.8149946	48.1882352941	0.552879291251
225.5	0.187499953125	0.168269188702	0.0526224702323	None	1510327704.255722	48.4733727811	0.550249169435
225.5	0.1833332875	0.153118560218	0.042053825716	None	1510327710.1353629	48.1882352941	0.541251384275
225.5	0.1833332875	0.116681238636	0.0326161365474	None	1510327716.0134706	48.4733727811	0.550249169435
0.0	0.1833332875	0.0015885857244	0.00146278845655	2	1510327731.3107374	48.1882352941	0.547065337763
0.0	0.1833332875	0.00119244308416	0.00143616042637	2	1510327732.0697412	48.1882352941	0.547065337763
0.0	0.1833332875	0.00114583304688	0.00119790231164	1	1510327733.5716267	48.1882352941	0.547065337763
0.0	0.1833332875	0.0143408602966	0.00264155565848	0	1510327734.8331463	48.1882352941	0.541251384275
0.0	0.1833332875	0.0114720234853	0.0166850289766	0	1510327735.7412996	48.3779527559	0.519748984865
0.0	0.1833332875	0.0364587700612	0.00690614448754	0	1510327736.5951083	48.1882352941	0.552879291251
0.0	0.1833332875	0.0625132678475	0.0159889933616	0	1510327737.3870041	48.1882352941	0.552879291251
0.0	0.179166621875	0.12290468647	0.0323180205204	0	1510327738.216978	48.1882352941	0.547065337763
0.0	0.1833332875	0.0611507681881	0.0173510750197	0	1510327739.0779126	48.1882352941	0.552879291251
0.0	0.1833332875	0.0626537592653	0.0171920607824	0	1510327740.1345592	48.1882352941	0.547065337763
0.0	0.1833332875	0.0625957108468	0.0185942083911	0	1510327741.0702713	48.1882352941	0.552879291251
0.0	0.187499953125	0.0634730835968	0.0167542663586	0	1510327742.0700445	47.9064327485	0.543881506091
0.0	0.1833332875	0.0630102406577	0.0170759744614	0	1510327743.0659463	48.1882352941	0.552879291251
0.0	0.1833332875	0.061487947591	0.0173185998537	0	1510327744.0737636	48.4733727811	0.550249169435
0.0	0.1833332875	0.0615044603272	0.0162464858732	0	1510327745.0585904	48.7619047619	0.547619047619
227.0	0.187499953125	0.0622683917958	0.0175057854975	0	1510327746.0713437	49.152	0.552071234998
227.0	0.1833332875	0.062878054758	0.0163475952097	0	1510327747.074422	49.152	0.543941153697
227.0	0.1833332875	0.0637908041854	0.0169036593131	0	1510327748.068077	49.5483870968	0.540263259775

#$Filter:1
#$	0	1	 1
#$	1	op06	 0.251188643150958
#$	2	op09	0.015848931924611138
#$	3	op18*op18*op18	3.9810717055349725e-06
#$	4	ns12	1e-7
#$	5	0	 1e-22
#$POWER:50.7, mW
#$WAVELENGTH:532,nm
#$OBJECT:cSi_noBlick, on wires	=	=	=	=	=	=	=	=
angle	ref	signal	signal_std	filter	Time	freq	duty_cycle
227.5	0.1833332875	0.0399620461378	0.0298889814526	0	1510327749.5724719	49.152	0.552071234998
227.5	0.187499953125	0.0632548151042	0.0162190158218	0	1510327750.3398933	48.7619047619	0.547619047619
228.0	0.187499953125	0.0580785467339	0.0162137948118	0	1510327751.1075437	48.1882352941	0.552879291251
228.5	0.187499953125	0.0577236322927	0.0176866364718	0	1510327751.5756712	48.4733727811	0.550249169435
228.5	0.1833332875	0.0590362388022	0.0176378746018	0	1510327752.3306317	48.4733727811	0.550249169435
229.0	0.187499953125	0.0533030493523	0.0165088027903	0	1510327753.0973942	48.7619047619	0.553571428571
229.5	0.187499953125	0.049791009889	0.0174250874722	0	1510327753.5802164	48.7619047619	0.571428571429
230.0	0.179166621875	0.0492766258575	0.0144230293512	0	1510327754.3473122	49.0538922156	0.550958188153
230.0	0.187499953125	0.0460554015916	0.0131127663962	0	1510327755.1167874	49.152	0.543941153697
230.5	0.187499953125	0.0472350371272	0.0139556860046	0	1510327755.5752182	48.7619047619	0.547619047619
231.0	0.187499953125	0.0460793332095	0.0132694434574	0	1510327756.3399682	49.152	0.543941153697
231.0	0.187499953125	0.0424344631809	0.0116990980352	0	1510327757.097666	49.152	0.543941153697
231.5	0.1833332875	0.0379386814015	0.0140659372435	0	1510327757.5777168	49.5483870968	0.540263259775
232.0	0.1833332875	0.0383612889163	0.0112700652886	0	1510327758.3416135	49.3493975904	0.524099883856
232.0	0.1833332875	0.0355478704748	0.0106594191086	0	1510327759.1104586	49.5483870968	0.540263259775
232.5	0.1833332875	0.0309285247518	0.0116269447782	0	1510327759.5803096	49.152	0.543941153697
233.0	0.1833332875	0.0328889765347	0.00940476056602	0	1510327760.3504128	49.6484848485	0.515098722416
233.5	0.1833332875	0.0322366292008	0.00949460184131	0	1510327761.1152778	49.6484848485	0.521196283391
233.5	0.1833332875	0.0280183277668	0.01043254374	0	1510327761.57399	49.3493975904	0.51800232288
234.0	0.1833332875	0.0261667749092	0.00742963708348	0	1510327762.3391867	49.5483870968	0.540263259775
234.5	0.1833332875	0.0252526425986	0.0078956542344	0	1510327763.1069021	49.152	0.543941153697
234.5	0.187499953125	0.024012078115	0.00714336241428	0	1510327763.5767925	49.152	0.543941153697
235.0	0.187499953125	0.0231572571158	0.00716680323267	0	1510327764.344701	49.152	0.543941153697
235.5	0.187499953125	0.0199045490386	0.0065407817651	0	1510327765.1036518	49.152	0.543941153697
235.5	0.187499953125	0.0206527559413	0.008172725904	0	1510327765.5774574	48.7619047619	0.547619047619
236.0	0.187499953125	0.0204135228313	0.00673105422376	0	1510327766.340359	49.152	0.552071234998
236.5	0.1833332875	0.0191484531621	0.00627157895764	0	1510327767.1134193	48.7619047619	0.547619047619
236.5	0.187499953125	0.0177049101037	0.00636457927065	0	1510327767.5733013	48.7619047619	0.547619047619
237.0	0.187499953125	0.0179806771937	0.00567412184343	0	1510327768.3397648	49.152	0.543941153697
237.5	0.1833332875	0.0173768475076	0.00584817979507	0	1510327769.1068914	48.7619047619	0.547619047619
237.5	0.1833332875	0.0159530291682	0.00600954939874	0	1510327769.5779731	49.152	0.543941153697
238.0	0.187499953125	0.014400256504	0.00535881185992	0	1510327770.4023457	48.7619047619	0.547619047619
238.5	0.1833332875	0.0152062444009	0.00494836383321	0	1510327771.1597245	49.0538922156	0.520905923345
238.5	0.187499953125	0.0125967268628	0.00489012628691	0	1510327771.5806003	48.7619047619	0.553571428571
239.0	0.187499953125	0.0139356671612	0.00553969136443	0	1510327772.346477	48.7619047619	0.547619047619
239.5	0.187499953125	0.0129552874256	0.00538594138876	0	1510327773.1154118	48.7619047619	0.571428571429
240.0	0.1833332875	0.0116960039612	0.0051000105828	0	1510327773.5814044	48.7619047619	0.547619047619
240.0	0.1833332875	0.0111712079017	0.00465691178032	0	1510327774.3398552	48.7619047619	0.553571428571
240.5	0.187499953125	0.0110664578756	0.00413077380711	0	1510327775.108168	48.7619047619	0.547619047619
241.0	0.187499953125	0.0107214716786	0.00441649033919	0	1510327775.576791	48.4733727811	0.556218431786
241.0	0.187499953125	0.00975150099855	0.0043726338496	0	1510327776.3429558	48.7619047619	0.571428571429
241.5	0.187499953125	0.0103192287359	0.00457457231486	0	1510327777.1119382	48.7619047619	0.547619047619
242.0	0.187499953125	0.00916805326354	0.00422852830765	0	1510327777.5775466	48.7619047619	0.547619047619
242.0	0.187499953125	0.00864934441074	0.00326951388235	0	1510327778.340533	48.7619047619	0.553571428571
242.5	0.187499953125	0.00892827412121	0.00419325668799	0	1510327779.1043415	49.0538922156	0.550958188153
243.0	0.187499953125	0.00909107473775	0.00399513558988	0	1510327779.5734763	48.7619047619	0.547619047619
243.0	0.187499953125	0.00419083796906	0.0016984268691	0	1510327780.4022257	48.7619047619	0.547619047619
243.5	0.187499953125	0.00706537179688	0.00338817154658	0	1510327781.1661465	48.4733727811	0.550249169435
244.0	0.187499953125	0.00732819865104	0.00327133102964	0	1510327781.5761776	48.7619047619	0.547619047619
244.0	0.187499953125	0.00617318221739	0.00316291568826	0	1510327782.3450925	48.4733727811	0.556201550388
244.5	0.187499953125	0.00787581955716	0.00368205988452	0	1510327783.1107543	48.4733727811	0.550249169435
245.0	0.187499953125	0.006823662824	0.00346838952349	0	1510327783.5777435	48.4733727811	0.556201550388
245.0	0.1833332875	0.00613726089882	0.00308795177537	0	1510327784.34675	48.7619047619	0.547619047619
245.5	0.1833332875	0.00570183262013	0.00283177143875	0	1510327785.101537	48.4733727811	0.550249169435
246.0	0.1833332875	0.00536123441468	0.00293943603646	0	1510327785.5760932	48.4733727811	0.550249169435
246.5	0.1833332875	0.00499379262246	0.00249151138914	0	1510327786.3504033	48.4733727811	0.556201550388
246.5	0.1833332875	0.00503753643835	0.00271099137356	0	1510327787.1049662	48.4733727811	0.550249169435
247.0	0.1833332875	0.00544180898438	0.00287026274346	0	1510327787.5772758	48.4733727811	0.550249169435
247.0	0.187499953125	0.00468124882969	0.00292073310481	0	1510327788.3441203	48.7619047619	0.553571428571
247.5	0.187499953125	0.00444946969678	0.00250456256465	0	1510327789.11294	48.7619047619	0.547619047619
248.0	0.187499953125	0.00448019566881	0.00277030773803	0	1510327789.5804317	48.7619047619	0.547619047619
248.5	0.187499953125	0.00395470589408	0.00273155071322	0	1510327790.346763	48.7619047619	0.565476190476
249.0	0.187499953125	0.00173147157623	0.00104441457623	0	1510327791.1657622	48.7619047619	0.547619047619
249.0	0.1833332875	0.00438227529212	0.00249681019435	0	1510327791.574662	48.7619047619	0.52380952381
249.5	0.187499953125	0.00416372444926	0.0025947311005	0	1510327792.3392873	48.7619047619	0.547619047619
249.5	0.187499953125	0.00361022246514	0.00255781237314	0	1510327793.0961628	48.7619047619	0.571428571429
250.0	0.1833332875	0.00332929955461	0.00271429340753	0	1510327793.5763528	48.4733727811	0.550249169435
250.5	0.1833332875	0.00338127262686	0.00236659112952	0	1510327794.34526	48.4733727811	0.550249169435
250.5	0.1833332875	0.00318004194003	0.00247512768817	0	1510327795.111198	48.4733727811	0.556201550388
251.0	0.187499953125	0.00330236490331	0.00227758719118	0	1510327795.5766814	48.7619047619	0.547619047619
251.5	0.187499953125	0.00311994936246	0.00242655739604	0	1510327796.3360028	48.4733727811	0.556201550388
252.0	0.187499953125	0.00895460134191	0.00617532425391	0	1510327797.1636796	48.7619047619	0.547619047619
252.0	0.1833332875	0.00319216444412	0.00205066162607	0	1510327797.5733247	48.7619047619	0.5
252.5	0.187499953125	0.00135236539081	0.000945541153094	0	1510327798.4012249	48.7619047619	0.547619047619
253.0	0.187499953125	0.00308611744387	0.00254801381581	0	1510327799.1693938	48.7619047619	0.547619047619
253.0	0.187499953125	0.00331925631142	0.00263151447748	0	1510327799.5874767	48.4733727811	0.550249169435
253.5	0.187499953125	0.00297410894308	0.00235257699173	0	1510327800.3472092	48.4733727811	0.556201550388
254.0	0.1833332875	0.00407530909839	0.00245386842932	0	1510327801.1108437	48.4733727811	0.550249169435
254.0	0.1833332875	0.00365430820323	0.00266196678922	0	1510327801.5789943	48.4733727811	0.550249169435
254.5	0.1833332875	0.00521591492041	0.00325500543417	0	1510327802.3389423	48.4733727811	0.556201550388
255.0	0.1833332875	0.00546662256497	0.00268128527562	0	1510327803.1047099	48.4733727811	0.556201550388
255.5	0.1833332875	0.00486356854626	0.00325876264726	0	1510327803.5827754	48.4733727811	0.550249169435
255.5	0.187499953125	0.0154675547424	0.00777029130044	0	1510327804.4146504	48.4733727811	0.550249169435
256.0	0.187499953125	0.00650302543977	0.00345718588244	0	1510327805.1823626	48.4733727811	0.556201550388
256.5	0.187499953125	0.00560655130491	0.00307775171223	0	1510327805.590442	48.4733727811	0.556201550388
256.5	0.1833332875	0.0057114658086	0.00314698893515	0	1510327806.3580205	48.4733727811	0.550249169435
257.0	0.1833332875	0.00713183582388	0.00293689687033	0	1510327807.1183047	48.1882352941	0.552879291251
257.5	0.1833332875	0.00873129120514	0.00356555584737	0	1510327807.5808282	48.4733727811	0.550249169435
258.0	0.1833332875	0.00820804638104	0.00398039731023	0	1510327808.3469074	48.1882352941	0.552879291251
258.0	0.1833332875	0.00732287381843	0.00365705771683	0	1510327809.1069863	48.4733727811	0.556201550388
258.5	0.1833332875	0.0061953011711	0.00326333241047	0	1510327809.5807014	48.7619047619	0.547619047619
259.0	0.187499953125	0.00758290408718	0.00308393480702	0	1510327810.3516066	48.7619047619	0.553571428571
259.0	0.187499953125	0.00732425030569	0.00324595531718	0	1510327811.1186826	48.7619047619	0.553571428571
259.5	0.187499953125	0.00743058931044	0.00328037865053	0	1510327811.577424	48.4733727811	0.556201550388
260.0	0.1833332875	0.00700037878365	0.00332226878651	0	1510327812.356388	48.4733727811	0.550249169435
260.0	0.187499953125	0.00694609869083	0.00333631884779	0	1510327813.126354	48.4733727811	0.550249169435
260.5	0.1833332875	0.00679401539551	0.00353719527968	0	1510327813.5792694	48.1882352941	0.552879291251
261.0	0.1833332875	0.00651338462407	0.00347830912592	0	1510327814.3481984	48.4733727811	0.550249169435
261.5	0.187499953125	0.0053634601976	0.00301643567092	0	1510327815.115179	48.4733727811	0.556201550388
261.5	0.1833332875	0.00589467958926	0.003201760311	0	1510327815.5748787	48.4733727811	0.550249169435
262.0	0.1833332875	0.00621906895805	0.0033581177581	0	1510327816.3528004	48.7619047619	0.553571428571
262.5	0.1833332875	0.00799951723089	0.00380971485666	0	1510327817.122682	48.4733727811	0.556201550388
262.5	0.1833332875	0.00781082425812	0.00372746894106	0	1510327817.5777323	48.4733727811	0.550249169435
263.0	0.1833332875	0.0082564616111	0.00377380973464	0	1510327818.3454742	48.4733727811	0.550249169435
263.5	0.187499953125	0.008004324922	0.00369181428192	0	1510327819.1255078	48.1882352941	0.552879291251
263.5	0.1833332875	0.00662247309186	0.00312193745596	0	1510327819.582288	48.1882352941	0.552879291251
264.0	0.187499953125	0.00714690870234	0.00318197495891	0	1510327820.349341	48.1882352941	0.552879291251
264.5	0.1833332875	0.0066734669926	0.00314780491434	0	1510327821.1310728	48.4733727811	0.550249169435
265.0	0.1833332875	0.00660219357537	0.0034247412028	0	1510327821.574897	48.1882352941	0.541251384275
265.0	0.187499953125	0.00748116704401	0.00343227003512	0	1510327822.3537223	48.1882352941	0.547065337763
265.5	0.1833332875	0.00721748395061	0.00318825110852	0	1510327823.1128964	48.1882352941	0.552879291251
266.0	0.1833332875	0.00344805825479	0.00457374316175	0	1510327823.57881	48.4733727811	0.556201550388
266.0	0.1833332875	0.0072641363606	0.00359895814692	0	1510327824.3443048	48.4733727811	0.556201550388
266.5	0.187499953125	0.00741609646936	0.00309377359189	0	1510327825.1134925	48.7619047619	0.547619047619
267.0	0.1833332875	0.0079447985836	0.00358785911513	0	1510327825.580399	48.4733727811	0.556201550388
267.5	0.1833332875	0.0095908629869	0.00450509512475	0	1510327826.349392	48.4733727811	0.556201550388
267.5	0.1833332875	0.00978009014757	0.0044041502226	0	1510327827.1122763	48.4733727811	0.556201550388
268.0	0.1833332875	0.0113219344915	0.00469190004961	0	1510327827.575083	48.4733727811	0.556201550388
268.5	0.187499953125	0.0112812756308	0.00440084881672	0	1510327828.3429887	48.4733727811	0.550249169435
268.5	0.187499953125	0.00990002177883	0.0041638113612	0	1510327829.109421	48.4733727811	0.556201550388
269.0	0.179166621875	0.00902830970873	0.00386605922401	0	1510327829.57778	48.4733727811	0.550249169435
269.5	0.187499953125	0.0080163263435	0.00367513079837	0	1510327830.3452315	48.1882352941	0.552879291251
269.5	0.179166621875	0.00775929446395	0.00428771340718	0	1510327831.1115587	48.1882352941	0.547065337763
270.0	0.1833332875	0.00915272207079	0.00372410580487	0	1510327831.5783725	48.1882352941	0.552879291251
270.5	0.187499953125	0.0108586511315	0.00450006304811	0	1510327832.3396032	48.1882352941	0.552879291251
271.0	0.187499953125	0.00767757998944	0.00333243731068	0	1510327833.118246	48.1882352941	0.547065337763
271.0	0.187499953125	0.00738869117277	0.00328339288282	0	1510327833.5753357	47.9064327485	0.549695459579
271.5	0.1833332875	0.006085664433	0.00324722197205	0	1510327834.3500447	48.1882352941	0.547065337763
272.0	0.187499953125	0.00726019079904	0.00323431594555	0	1510327835.1089404	47.9064327485	0.543881506091
272.0	0.1833332875	0.00710712380647	0.00357261407203	0	1510327835.5788412	47.9064327485	0.543881506091
272.5	0.187499953125	0.00910455612842	0.00431787163809	0	1510327836.3588762	47.9064327485	0.543881506091
273.0	0.1833332875	0.00906331682249	0.003915385558	0	1510327837.1347444	48.1882352941	0.547065337763
273.0	0.187499953125	0.00908078476684	0.00386718426412	0	1510327837.582414	48.1882352941	0.547065337763
273.5	0.1833332875	0.00781069961428	0.00409831643466	0	1510327838.3514574	47.9064327485	0.549695459579
274.0	0.1833332875	0.00691920419941	0.00316490208358	0	1510327839.1303313	47.9064327485	0.543881506091
274.0	0.187499953125	0.00626166339418	0.00276228435175	0	1510327839.583289	48.1882352941	0.547065337763
274.5	0.1833332875	0.00575728132421	0.00303220327677	0	1510327840.3411546	48.1882352941	0.547065337763
275.0	0.187499953125	0.00682510214032	0.00314661449311	0	1510327841.1112137	47.9064327485	0.543881506091
275.0	0.187499953125	0.00727420297262	0.00352527645862	0	1510327841.5780478	47.9064327485	0.543881506091
275.5	0.187499953125	0.0070533992338	0.00330885125351	0	1510327842.343891	47.9064327485	0.549695459579
276.0	0.187499953125	0.00659025597734	0.00330027345429	0	1510327843.1126184	47.9064327485	0.543881506091
276.0	0.187499953125	0.00628648699103	0.00288618742125	0	1510327843.5747387	48.1882352941	0.541251384275
276.5	0.187499953125	0.0062867327588	0.00361335197781	0	1510327844.337687	48.1882352941	0.552879291251
277.0	0.1833332875	0.00596776916333	0.00285486771401	0	1510327845.1173172	48.1882352941	0.552879291251
277.5	0.1833332875	0.00551465317974	0.00302482559007	0	1510327845.5743475	48.4733727811	0.550249169435
277.5	0.187499953125	0.00563632299313	0.00311363573564	0	1510327846.3433187	48.1882352941	0.552879291251
278.0	0.1833332875	0.00625773358408	0.00305793319481	0	1510327847.1232722	47.9064327485	0.543881506091
278.5	0.187499953125	0.00659604535954	0.00334116490246	0	1510327847.5780952	48.1882352941	0.547065337763
278.5	0.1833332875	0.00750687134265	0.00334704801662	0	1510327848.3468907	47.9064327485	0.549695459579
279.0	0.187499953125	0.00773847135325	0.00353691770554	0	1510327849.1145191	48.1882352941	0.541251384275
279.5	0.187499953125	0.0087214740913	0.00377923206361	0	1510327849.5787482	48.1882352941	0.541251384275
280.0	0.187499953125	0.00841171442129	0.00373847153157	0	1510327850.3485456	48.4733727811	0.550249169435
280.0	0.1833332875	0.00759453157715	0.00338935756607	0	1510327851.1275263	48.4733727811	0.550249169435
280.5	0.1833332875	0.0058412270591	0.00305159197163	0	1510327851.5836117	48.7619047619	0.547619047619
281.0	0.187499953125	0.00593518370139	0.00332081989995	0	1510327852.3514369	48.4733727811	0.556201550388
281.0	0.187499953125	0.00748637565043	0.00368956496675	0	1510327853.1329045	48.7619047619	0.547619047619
281.5	0.187499953125	0.00800717333211	0.00420712996927	0	1510327853.579169	48.7619047619	0.547619047619
282.0	0.187499953125	0.00842833335754	0.00398961562581	0	1510327854.3450215	48.7619047619	0.547619047619
282.0	0.187499953125	0.00851522277731	0.00416278195105	0	1510327855.1127775	48.7619047619	0.547619047619
282.5	0.187499953125	0.00771370855577	0.00357456640264	0	1510327855.5818172	48.4733727811	0.568106312292
283.0	0.187499953125	0.00969518988389	0.00464285196833	0	1510327856.3504207	48.7619047619	0.553571428571
283.5	0.187499953125	0.0119799806651	0.0041775391155	0	1510327857.1181834	48.7619047619	0.547619047619
283.5	0.187499953125	0.012935099068	0.0053986296195	0	1510327857.575407	48.7619047619	0.547619047619
284.0	0.187499953125	0.0153797915515	0.00519903608812	0	1510327858.3535354	48.7619047619	0.547619047619
284.5	0.187499953125	0.0158277169865	0.00580936510182	0	1510327859.1709898	48.7619047619	0.547619047619
284.5	0.1833332875	0.0326311171983	0.0117414981226	0	1510327859.5888045	48.4733727811	0.556201550388
285.0	0.1833332875	0.0156375145838	0.00572697023187	0	1510327860.3561285	48.4733727811	0.550249169435
285.5	0.1833332875	0.0169198062856	0.00564560426086	0	1510327861.1256855	48.4733727811	0.550249169435
285.5	0.1833332875	0.0168949471248	0.00603290208064	0	1510327861.5790174	48.4733727811	0.550249169435
286.0	0.187499953125	0.014711356721	0.0057746302304	0	1510327862.3498964	48.7619047619	0.553571428571
286.5	0.187499953125	0.0126993324915	0.00449322612346	0	1510327863.1197515	48.7619047619	0.547619047619
286.5	0.1833332875	0.0112279475743	0.00452827773369	0	1510327863.5744944	48.4733727811	0.550249169435
287.0	0.1833332875	0.00994099700263	0.00368975069156	0	1510327864.3420734	48.4733727811	0.550249169435
287.5	0.187499953125	0.00906028975772	0.00442042845804	0	1510327865.1183836	48.4733727811	0.556201550388
287.5	0.1833332875	0.00958133013768	0.00494240394678	0	1510327865.5793116	48.7619047619	0.565476190476
288.0	0.187499953125	0.0122411942233	0.00466909814259	0	1510327866.3863106	49.152	0.552071234998
289.0	0.187499953125	0.0185982441839	0.00640039180451	0	1510327867.159017	48.7619047619	0.547619047619
289.0	0.1833332875	0.0203565585845	0.00628543354955	0	1510327867.5812132	48.4733727811	0.550249169435
289.5	0.187499953125	0.0212006909203	0.00660738086135	0	1510327868.3499055	48.1882352941	0.541251384275
290.5	0.1833332875	0.0175958324865	0.00551952392854	0	1510327869.1307597	48.1882352941	0.541251384275
290.5	0.187499953125	0.0157637781103	0.00554008226474	0	1510327869.5837271	48.1882352941	0.547065337763
291.0	0.1833332875	0.0169675330291	0.0056880752486	0	1510327870.353488	48.1882352941	0.541251384275
291.5	0.187499953125	0.0191147744236	0.00630367878307	0	1510327871.131553	48.1882352941	0.547065337763
292.0	0.1833332875	0.022470262961	0.00761899912824	0	1510327871.5780637	48.1882352941	0.547065337763
292.5	0.1833332875	0.0213415901062	0.00722926222322	0	1510327872.3452866	48.1882352941	0.552879291251
293.0	0.187499953125	0.0169407889821	0.00550393185232	0	1510327873.1132815	48.1882352941	0.547065337763
293.5	0.187499953125	0.0133485331789	0.00474113708991	0	1510327873.5800767	48.1882352941	0.541251384275
294.5	0.1833332875	0.0102010046194	0.00403948946791	0	1510327874.3496642	48.4733727811	0.544435215947
295.0	0.187499953125	0.0152518597355	0.00582868083025	0	1510327875.1168063	48.1882352941	0.547065337763
295.5	0.1833332875	0.0211977776144	0.00744625763826	0	1510327875.5747733	48.4733727811	0.556201550388
296.0	0.1833332875	0.0268608551081	0.00844875804788	0	1510327876.3325746	48.1882352941	0.552879291251
296.5	0.1833332875	0.0190179336773	0.00654908708329	0	1510327877.0965939	48.4733727811	0.550249169435
296.5	0.187499953125	0.014473508388	0.00490163561661	0	1510327877.5774944	48.4733727811	0.550249169435
297.5	0.1833332875	0.0113029518232	0.00403496902632	0	1510327878.341395	48.4733727811	0.550249169435
298.0	0.187499953125	0.0124191245838	0.00458888565333	0	1510327879.1112967	48.4733727811	0.550249169435
298.0	0.187499953125	0.0119111793584	0.00527213840131	0	1510327879.5792453	48.4733727811	0.550249169435
298.5	0.1833332875	0.0156512066824	0.00601208727298	0	1510327880.3382092	48.4733727811	0.550249169435
299.5	0.187499953125	0.0149248141816	0.00558048038538	0	1510327881.1050751	48.4733727811	0.550249169435
300.0	0.1833332875	0.0130186008656	0.00537010084851	0	1510327881.5749252	48.4733727811	0.556201550388
300.5	0.187499953125	0.0141483226737	0.00580476756936	0	1510327882.350707	48.4733727811	0.550249169435
301.0	0.1833332875	0.0182126022845	0.00712357541792	0	1510327883.1216447	48.4733727811	0.556201550388
301.0	0.1833332875	0.0163394902171	0.00740118102095	0	1510327883.5796092	48.4733727811	0.556201550388
302.0	0.1833332875	0.0124506735255	0.00569632578596	0	1510327884.3472743	48.1882352941	0.552879291251
302.5	0.187499953125	0.0108522764892	0.00508024645347	0	1510327885.1139133	48.1882352941	0.552879291251
302.5	0.187499953125	0.011469022424	0.0045942046074	0	1510327885.5811524	48.1882352941	0.541251384275
303.5	0.187499953125	0.0174881010411	0.00651093220677	0	1510327886.3512483	48.1882352941	0.552879291251
304.0	0.1833332875	0.0195464338598	0.00673586066198	0	1510327887.1272209	48.4733727811	0.550249169435
304.5	0.1833332875	0.017632723512	0.00646794470875	0	1510327887.5840082	48.1882352941	0.552879291251
305.0	0.1833332875	0.0225755285442	0.00861556158221	0	1510327888.353715	48.4733727811	0.556201550388
305.5	0.1833332875	0.0269189035267	0.00859107016516	0	1510327889.1208978	48.1882352941	0.552879291251
306.0	0.1833332875	0.0209892753795	0.00942897314884	0	1510327889.5787973	48.1882352941	0.552879291251
306.5	0.187499953125	0.0163584716939	0.00624920598318	0	1510327890.3445852	48.1882352941	0.552879291251
307.0	0.1833332875	0.0152001142721	0.00565600554735	0	1510327891.1134324	48.1882352941	0.547065337763

#$Filter:1
#$	0	1	 1
#$	1	op06	 0.251188643150958
#$	2	op09	0.015848931924611138
#$	3	op18*op18*op18	3.9810717055349725e-06
#$	4	ns12	1e-7
#$	5	0	 1e-22
#$POWER:50.7, mW
#$WAVELENGTH:532,nm
#$OBJECT:cSi_noBlick, on wires	=	=	=	=	=	=	=	=
angle	ref	signal	signal_std	filter	Time	freq	duty_cycle
307.5	0.187499953125	0.0153712924535	0.00571843815954	0	1510327904.0736096	47.9064327485	0.549695459579
308.0	0.187499953125	0.0161706528937	0.00539529414496	0	1510327904.5299718	47.6279069767	0.540697674419
308.5	0.187499953125	0.0275794446721	0.00840595805251	0	1510327905.296981	47.9064327485	0.543881506091
309.5	0.187499953125	0.0499206444562	0.0143255930628	0	1510327906.078863	48.1882352941	0.547065337763
309.5	0.187499953125	0.0489820755819	0.0143697686703	0	1510327906.5930543	48.1882352941	0.552879291251
310.0	0.187499953125	0.0220921733276	0.00640936652257	0	1510327907.3749669	48.1882352941	0.552879291251
311.0	0.1833332875	0.00928768386195	0.00338411075228	0	1510327908.2139995	48.1882352941	0.552879291251
311.5	0.187499953125	0.034744002353	0.00967625238016	0	1510327909.0677872	48.1882352941	0.541251384275
312.0	0.1833332875	0.0404243844808	0.0121859249667	0	1510327909.5336359	48.1882352941	0.552879291251
312.5	0.1833332875	0.0430071797978	0.0126846821486	0	1510327910.3025553	48.4733727811	0.556201550388
313.0	0.187499953125	0.0341059743795	0.00993844494113	0	1510327911.0825315	48.4733727811	0.550249169435
313.5	0.1833332875	0.0269054063791	0.00940216163959	0	1510327911.535014	48.4733727811	0.550249169435
314.0	0.1833332875	0.0210841827631	0.0073744712237	0	1510327912.2890797	48.4733727811	0.550249169435
314.5	0.1833332875	0.0227223589918	0.00784744793647	0	1510327913.0701263	48.4733727811	0.556201550388
315.0	0.1833332875	0.0233017111997	0.00817360200299	0	1510327913.531033	48.4733727811	0.550249169435
315.5	0.187499953125	0.0198527956417	0.00739287955418	0	1510327914.2918346	48.4733727811	0.556201550388
316.0	0.187499953125	0.0241273551506	0.00859643513621	0	1510327915.0667815	48.1882352941	0.552879291251
316.5	0.187499953125	0.0399008734321	0.0117890741601	0	1510327915.5336318	48.4733727811	0.550249169435
317.0	0.1833332875	0.0633103830328	0.017318309858	0	1510327916.3656394	48.1882352941	0.552879291251
317.5	0.1833332875	0.0511449302337	0.0147706096081	0	1510327917.1300552	48.7619047619	0.553571428571
318.0	0.1833332875	0.0446500400495	0.0127767585282	0	1510327917.5391982	48.4733727811	0.550249169435
318.5	0.1833332875	0.061941366281	0.0165706460607	0	1510327918.305439	48.4733727811	0.550249169435
319.0	0.1833332875	0.0652844669295	0.0198471358412	0	1510327919.0752652	48.4733727811	0.556201550388
319.5	0.1833332875	0.0567086752815	0.0164603702721	0	1510327919.5321505	48.4733727811	0.550249169435
320.0	0.187499953125	0.0277361113106	0.00863125889541	0	1510327920.3071728	48.7619047619	0.559523809524
320.5	0.187499953125	0.0321836814128	0.00961282304498	0	1510327921.0749032	48.7619047619	0.553571428571
321.0	0.187499953125	0.0438838921629	0.0132025468738	0	1510327921.5348086	48.7619047619	0.553571428571
321.5	0.187499953125	0.0451528592248	0.0135159144541	0	1510327922.2997682	48.4733727811	0.56215393134
322.5	0.187499953125	0.0236755943998	0.00774652972647	0	1510327923.075689	48.4733727811	0.550249169435
322.5	0.187499953125	0.0313614584853	0.0105130292622	0	1510327923.5364838	48.7619047619	0.547619047619
323.0	0.187499953125	0.0579680845778	0.0173128829879	0	1510327924.3062828	48.7619047619	0.55955757232
324.0	0.187499953125	0.0485442151315	0.0148215442136	0	1510327925.0734081	48.4733727811	0.550249169435
324.0	0.1833332875	0.0302910892933	0.0117116774155	0	1510327925.5309906	48.4733727811	0.550249169435
324.5	0.187499953125	0.0299074711556	0.00928629394846	0	1510327926.2960122	48.1882352941	0.552879291251
325.0	0.1833332875	0.0337858729665	0.0113311937004	0	1510327927.0665503	48.4733727811	0.556201550388
325.5	0.1833332875	0.0393556433988	0.0115549263108	0	1510327927.5337715	48.1882352941	0.547065337763
326.0	0.187499953125	0.0406167989626	0.0124747056727	0	1510327928.301778	48.4733727811	0.550249169435
327.0	0.1833332875	0.0360900245498	0.01118700754	0	1510327929.0777962	48.4733727811	0.550249169435
327.0	0.1833332875	0.0416659449722	0.0141378033873	0	1510327929.535731	48.4733727811	0.550249169435
328.0	0.1833332875	0.0367228540671	0.0105810420494	0	1510327930.2923505	48.1882352941	0.552879291251
328.5	0.187499953125	0.0489300833632	0.014318237041	0	1510327931.0743687	48.4733727811	0.550249169435
329.0	0.1833332875	0.064681260147	0.0176109926873	0	1510327931.529865	48.4733727811	0.550249169435
329.5	0.1833332875	0.0606418651814	0.0180925459546	0	1510327932.2971916	48.1882352941	0.552879291251
330.0	0.187499953125	0.0382551898664	0.0119420309457	0	1510327933.077929	48.4733727811	0.556201550388
330.0	0.1833332875	0.0278115315087	0.0108541933848	0	1510327933.5336618	48.1882352941	0.552879291251
331.0	0.187499953125	0.0370871900409	0.00968344207076	0	1510327934.300866	48.1882352941	0.517718715393
331.5	0.187499953125	0.0569508404631	0.0159528220416	0	1510327935.0759346	48.4733727811	0.550249169435
331.5	0.187499953125	0.0546102059901	0.020108501743	0	1510327935.536797	48.1882352941	0.547065337763
332.5	0.187499953125	0.0361520938321	0.00935036244519	0	1510327936.3046918	48.1882352941	0.541251384275
333.0	0.187499953125	0.0555239846395	0.014801669602	0	1510327937.0756423	48.1882352941	0.547065337763
333.5	0.1833332875	0.0659488283973	0.0260872237332	0	1510327937.539404	48.1882352941	0.547065337763
334.0	0.187499953125	0.0552930327228	0.015488501875	0	1510327938.309156	47.9064327485	0.543881506091
334.5	0.1833332875	0.0708961361221	0.020209558867	0	1510327939.0771575	48.4733727811	0.550249169435
335.0	0.187499953125	0.0638392290544	0.0239372792469	0	1510327939.5339727	47.9064327485	0.549695459579
335.5	0.187499953125	0.0470122389592	0.0132781342848	0	1510327940.3029613	48.1882352941	0.547065337763
336.0	0.1833332875	0.134765631434	0.0350346955455	0	1510327941.0695477	48.1882352941	0.552879291251
336.5	0.187499953125	0.124395125596	0.035062500132	0	1510327941.5936656	48.4733727811	0.550249169435
337.0	0.187499953125	0.0720236391012	0.0186771546208	0	1510327942.3678331	48.1882352941	0.547065337763
337.5	0.187499953125	0.111890641543	0.0301972387836	0	1510327943.1345317	48.1882352941	0.552879291251
338.0	0.1833332875	0.118377819408	0.0297903309298	0	1510327943.552553	48.1882352941	0.552879291251
338.5	0.1833332875	0.0793810971457	0.01958167997	0	1510327944.3219273	47.9064327485	0.543881506091
339.0	0.1833332875	0.0792543848468	0.0198380351803	0	1510327945.0872936	48.1882352941	0.541251384275
339.5	0.1833332875	0.0984677460383	0.0266456913489	0	1510327945.5331585	48.1882352941	0.552879291251
340.0	0.187499953125	0.232957384781	0.0591575952168	0	1510327946.3019462	48.1882352941	0.547065337763
340.5	0.187499953125	0.339076838308	0.0797256427254	0	1510327947.0799713	48.1882352941	0.547065337763
341.0	0.179166621875	0.321848210136	0.112333530135	0	1510327947.6048644	48.1882352941	0.552879291251
341.5	0.29166659375	0.748231127375	0.0719106263643	0	1510327948.3766093	48.1882352941	0.564784053156
342.0	0.1833332875	0.373120710179	0.0921411523512	0	1510327949.205509	47.9064327485	0.543881506091

#$Filter:1
#$	0	1	 1
#$	1	op06	 0.251188643150958
#$	2	op09	0.015848931924611138
#$	3	op18*op18*op18	3.9810717055349725e-06
#$	4	ns12	1e-7
#$	5	0	 1e-22
#$POWER:50.7, mW
#$WAVELENGTH:532,nm
#$OBJECT:cSi_noBlick, on wires	=	=	=	=	=	=	=	=
angle	ref	signal	signal_std	filter	Time	freq	duty_cycle
343.0	0.1833332875	0.0311951488964	0.0543456725742	0	1510327951.6412354	47.9064327485	0.549695459579
343.5	0.1833332875	0.00327934651145	0.00180278835553	0	1510327952.470237	47.9064327485	0.543881506091
344.0	0.1833332875	0.00174697249773	0.00213600954607	0	1510327953.292976	47.9064327485	0.549695459579
345.0	0.1833332875	0.0016178732473	0.0025152739763	0	1510327954.138568	47.9064327485	0.549695459579
345.0	0.187499953125	0.000890509993167	0.00229279834838	0	1510327954.7048748	47.6279069767	0.53488372093
346.0	0.1833332875	0.000145740830755	0.00178176806338	0	1510327955.4702218	47.9064327485	0.538067552602
346.5	0.187499953125	0.000233086456595	0.00112109746637	0	1510327956.3077264	47.9064327485	0.549695459579
347.0	0.187499953125	0.000490017090424	0.00202181577929	0	1510327957.2034678	47.9064327485	0.543881506091
347.5	0.187499953125	0.000297157714943	0.000750847776855	0	1510327957.642025	47.6279069767	0.523255813953
348.0	0.187499953125	0.00186096084275	0.00199318271303	0	1510327958.4080837	47.6279069767	0.552325581395
348.5	0.187499953125	0.00781065331799	0.00309672853738	0	1510327959.1772122	47.9064327485	0.549695459579
349.0	0.1833332875	0.0125858483059	0.00256979777999	0	1510327959.7030141	47.9064327485	0.549695459579
349.5	0.187499953125	0.0	0.0	0	1510327960.4738882	47.9064327485	0.549695459579
350.5	0.187499953125	0.0	0.0	0	1510327961.302895	47.9064327485	0.549695459579
351.0	0.187499953125	0.000959595719697	0.0	0	1510327962.201754	47.9064327485	0.549695459579
351.0	0.1833332875	0.0844249788938	0.0	0	1510327962.6435893	47.9064327485	0.549695459579
352.0	0.1833332875	0.135831734564	0.00107854336633	0	1510327963.4795086	47.6279069767	0.540697674419
352.5	0.187499953125	0.364618142464	0.0741107804306	0	1510327964.2532358	47.6279069767	0.546511627907
353.0	0.187499953125	0.341868584158	0.0753712629093	0	1510327964.7168634	47.6279069767	0.540697674419
353.5	0.187499953125	0.28895159129	0.0731924141651	0	1510327965.476743	47.9064327485	0.549695459579
354.0	0.187499953125	0.244643813483	0.0605122327982	0	1510327966.2440383	47.9064327485	0.543881506091
354.0	0.187499953125	0.218389801345	0.0602020850324	0	1510327966.6538215	47.6279069767	0.558139534884
355.0	0.187499953125	0.132256289755	0.0290613518201	0	1510327967.4218297	47.6279069767	0.53488372093
355.5	0.1833332875	0.141223833537	0.0386363074282	0	1510327968.1887195	47.6279069767	0.558139534884
355.5	0.187499953125	0.195735349927	0.0444198002164	0	1510327968.6456585	47.9064327485	0.543881506091
356.5	0.1833332875	0.220313334019	0.0476489065738	0	1510327969.4125478	47.9064327485	0.538067552602
357.0	0.187499953125	0.126932335417	0.0283850785208	0	1510327970.18099	47.6279069767	0.53488372093
357.5	0.187499953125	0.0873806761605	0.0213198013194	0	1510327970.643526	47.6279069767	0.546511627907
358.0	0.187499953125	0.096321596076	0.0260229507206	0	1510327971.4183593	47.9064327485	0.555509413068
358.5	0.187499953125	0.0290925086595	0.00787766585463	0	1510327972.2550137	47.9064327485	0.538067552602
