
#$Filter:1
#$	0	1	 1
#$	1	op06	 0.251188643150958
#$	2	op09	0.12848931924611138
#$	3	op18*op18*op18	3.9810717055349725e-06
#$	4	ns12	1e-7
#$	5	0	 1e-22
#$POWER:47.7, mW
#$WAVELENGTH:532,nm
#$OBJECT:SiNW22, on wires	=	=	=	=	=	=	=	=
angle	ref	signal	signal_std	filter	Time	freq	duty_cycle
0.5	0.187499953125	0.00281799074849	0.00267662746241	0	1510329324.4649003	48.7619047619	0.547619047619
0.5	0.187499953125	0.00294045602319	0.00238003781877	0	1510329325.2338088	48.7619047619	0.571428571429
0.0	0.187499953125	0.00725083294148	0.00647267920498	0	1510329326.0677814	48.7619047619	0.547619047619
0.0	0.187499953125	0.00403646622735	0.00290652329986	0	1510329326.4803145	48.7619047619	0.5
360.0	0.187499953125	0.00200979631483	0.00103951415183	0	1510329327.3106291	48.7619047619	0.547619047619
359.5	0.187499953125	0.011818567662	0.00201855368502	0	1510329328.1503944	48.7619047619	0.547619047619

#$Filter:1
#$	0	1	 1
#$	1	op06	 0.251188643150958
#$	2	op09	0.12848931924611138
#$	3	op18*op18*op18	3.9810717055349725e-06
#$	4	ns12	1e-7
#$	5	0	 1e-22
#$POWER:47.7, mW
#$WAVELENGTH:532,nm
#$OBJECT:SiNW22, on wires	=	=	=	=	=	=	=	=
angle	ref	signal	signal_std	filter	Time	freq	duty_cycle
359.0	0.187499953125	0.364122904387	0.106783740588	0	1510329339.381671	49.152	0.543941153697
358.5	0.1833332875	0.668422656491	0.172360158694	0	1510329340.1526818	49.152	0.552071234998
358.0	0.1833332875	1.50204044082	0.193444521617	0	1510329340.9685512	48.7619047619	0.547619047619

#$Filter:1
#$	0	1	 1
#$	1	op06	 0.251188643150958
#$	2	op09	0.12848931924611138
#$	3	op18*op18*op18	3.9810717055349725e-06
#$	4	ns12	1e-7
#$	5	0	 1e-22
#$POWER:47.7, mW
#$WAVELENGTH:532,nm
#$OBJECT:SiNW22, on wires	=	=	=	=	=	=	=	=
angle	ref	signal	signal_std	filter	Time	freq	duty_cycle
357.5	0.187499953125	7.499641451	2.02680796867	0	1510329345.883726	48.7619047619	0.553571428571
357.5	0.187499953125	8.1882661332	2.04976560448	0	1510329346.3804924	48.7619047619	0.547619047619
357.0	0.1833332875	7.58526104382	2.12051197578	0	1510329347.146193	49.0538922156	0.562862950058
356.5	0.187499953125	6.744446093	1.94651528718	0	1510329347.915078	49.0538922156	0.562862950058
356.5	0.1833332875	6.96333515375	1.8739076708	0	1510329348.3820095	48.7619047619	0.553571428571
356.0	0.187499953125	6.46086020815	1.53888358242	0	1510329349.148067	49.152	0.543941153697
355.5	0.187499953125	6.45313228985	1.50684760614	0	1510329349.9191496	49.152	0.543941153697
355.5	0.187499953125	6.02936172728	1.6635791591	0	1510329350.384101	49.152	0.552071234998
355.0	0.187499953125	6.23074073923	1.49183460491	0	1510329351.1376271	49.152	0.552071234998
354.5	0.187499953125	5.65855312616	1.3756324657	0	1510329351.8979015	48.7619047619	0.547619047619
354.5	0.187499953125	5.67059150371	1.42472456007	0	1510329352.3798795	48.4733727811	0.550249169435
354.0	0.187499953125	5.47277143658	1.32696738084	0	1510329353.148606	48.7619047619	0.547619047619
353.5	0.187499953125	5.46080010288	1.34655131851	0	1510329353.911534	48.4733727811	0.550249169435
353.5	0.187499953125	5.27068992984	1.37171983884	0	1510329354.378496	48.7619047619	0.547619047619
353.0	0.187499953125	5.16210086918	1.20234973587	0	1510329355.1382654	48.7619047619	0.547619047619
352.5	0.187499953125	5.16661209283	1.22806282101	0	1510329355.90722	48.7619047619	0.547619047619
352.5	0.187499953125	4.87886813274	1.49315551549	0	1510329356.3867702	48.7619047619	0.547619047619
352.0	0.187499953125	5.00449221293	1.18228388927	0	1510329357.1640973	48.7619047619	0.547619047619
351.5	0.187499953125	4.94417611438	1.32150788296	0	1510329357.932872	48.4733727811	0.556201550388
351.5	0.1833332875	4.69535139026	1.36013512991	0	1510329358.389879	48.4733727811	0.556201550388
351.0	0.187499953125	4.86995960872	1.2717512022	0	1510329359.15974	48.7619047619	0.553571428571
350.5	0.187499953125	4.7620229645	1.16942624931	0	1510329359.926128	48.4733727811	0.550249169435
350.5	0.187499953125	4.50711876624	1.17497503053	0	1510329360.3841925	48.4733727811	0.550249169435
350.0	0.187499953125	4.66331538134	1.12552004169	0	1510329361.183527	48.4733727811	0.544435215947
349.5	0.187499953125	4.60225217822	1.11155715741	0	1510329361.9428215	48.4733727811	0.550249169435
349.0	0.187499953125	4.43427595696	1.13834537801	0	1510329362.3861008	48.4733727811	0.550249169435
348.5	0.1833332875	4.4675380569	1.13225434905	0	1510329363.1556559	48.4733727811	0.550249169435
348.0	0.187499953125	4.28443545444	1.03420028116	0	1510329363.9220703	48.4733727811	0.550249169435
347.5	0.1833332875	4.14107802456	1.06216114657	0	1510329364.379936	48.1882352941	0.552879291251
347.0	0.187499953125	4.06575753057	1.03199240548	0	1510329365.148815	48.1882352941	0.552879291251
346.5	0.1833332875	4.12185512067	1.02330955827	0	1510329365.9745245	48.4733727811	0.550249169435
346.0	0.187499953125	1.43145912331	0.609612528784	0	1510329366.394705	48.7619047619	0.52380952381
345.5	0.187499953125	4.36795145135	1.03545703752	0	1510329367.1723206	48.7619047619	0.547619047619
345.0	0.187499953125	4.08261477929	0.980931695943	0	1510329367.9435663	48.7619047619	0.547619047619
345.0	0.187499953125	4.22963804461	0.996142279415	0	1510329368.3840828	48.7619047619	0.547619047619
344.5	0.19166661875	4.08291208468	1.08529781347	0	1510329369.1761248	48.4733727811	0.556201550388
344.0	0.1833332875	3.88739219054	1.02235470106	0	1510329369.9466095	48.4733727811	0.556201550388
343.5	0.187499953125	4.10712860285	1.07888301015	0	1510329370.388861	48.4733727811	0.556201550388
343.0	0.187499953125	4.02436026624	0.976876806622	0	1510329371.1578524	48.4733727811	0.550249169435
342.0	0.187499953125	3.74421637361	0.920274653813	0	1510329371.9388492	48.4733727811	0.550249169435
342.0	0.187499953125	3.6518651839	0.976696253002	0	1510329372.3836846	48.4733727811	0.556201550388
341.0	0.187499953125	3.57119092466	0.877875401331	0	1510329373.1637034	48.4733727811	0.550249169435
340.5	0.1833332875	3.72131673349	0.960270106576	0	1510329373.932531	48.4733727811	0.556201550388
340.0	0.187499953125	3.69008454756	0.98350941638	0	1510329374.3869247	48.7619047619	0.553571428571
339.5	0.1833332875	3.45470495173	0.854719416794	0	1510329375.1651902	48.4733727811	0.550249169435
339.0	0.1833332875	3.54111734834	0.914315541896	0	1510329375.9590936	48.4733727811	0.550249169435
338.5	0.187499953125	3.42609600957	0.888418274222	0	1510329376.3811953	48.4733727811	0.550249169435
338.0	0.187499953125	3.28135942775	0.799855941213	0	1510329377.1600916	48.4733727811	0.550249169435
337.0	0.187499953125	3.61128114846	0.93254459518	0	1510329377.9379497	48.4733727811	0.550249169435
337.0	0.187499953125	3.58044464944	0.922298299482	0	1510329378.3827085	48.4733727811	0.550249169435
336.0	0.187499953125	3.47381679536	0.900098140915	0	1510329379.1616347	48.4733727811	0.550249169435
335.5	0.1833332875	3.33635244226	0.859258170662	0	1510329379.9425132	48.1882352941	0.552879291251
335.0	0.1833332875	3.39209827568	0.835975832529	0	1510329380.3981402	48.7619047619	0.547619047619
334.5	0.187499953125	3.50520567884	0.870964421511	0	1510329381.1924706	48.4733727811	0.550249169435
334.0	0.187499953125	3.29754191066	0.860774145802	0	1510329381.9841747	48.4733727811	0.550249169435
334.0	0.187499953125	3.19996358747	0.835986751099	0	1510329382.403191	48.4733727811	0.556201550388
333.0	0.187499953125	3.40268920282	0.842018477432	0	1510329383.1801267	48.4733727811	0.550249169435
332.5	0.187499953125	3.3661295215	0.85404379226	0	1510329383.9880636	48.7619047619	0.547619047619
332.0	0.187499953125	3.30190113196	0.828526793944	0	1510329384.395752	48.4733727811	0.550249169435
331.5	0.187499953125	3.30323991493	0.8507980953	0	1510329385.164421	48.4733727811	0.550249169435
331.0	0.187499953125	3.29974596009	0.81138969349	0	1510329385.9425008	48.4733727811	0.550249169435
330.5	0.1833332875	3.1932043299	0.84201570118	0	1510329386.3846688	48.4733727811	0.556201550388
330.0	0.187499953125	3.05193655895	0.806910387387	0	1510329387.1533203	48.7619047619	0.553571428571
329.5	0.187499953125	3.20092812887	0.783282682506	0	1510329387.9242156	48.4733727811	0.550249169435
329.5	0.187499953125	3.2696517944	0.83137475768	0	1510329388.3893306	48.4733727811	0.550249169435
328.5	0.187499953125	2.86722150542	0.735899237288	0	1510329389.1562984	48.4733727811	0.556201550388
328.0	0.187499953125	2.80608904207	0.721494674107	0	1510329389.9260867	48.1882352941	0.552879291251
328.0	0.1833332875	2.97845367134	0.755204585107	0	1510329390.3840158	48.4733727811	0.556201550388
327.0	0.187499953125	2.93476422357	0.744926894897	0	1510329391.1518545	48.1882352941	0.552879291251
326.5	0.187499953125	2.77629560222	0.704200053636	0	1510329391.918597	48.4733727811	0.550249169435
326.5	0.187499953125	2.69852496639	0.709156921925	0	1510329392.3875666	48.4733727811	0.550249169435
325.5	0.187499953125	2.77177993384	0.689219341907	0	1510329393.1564724	48.4733727811	0.550249169435
325.0	0.187499953125	2.82710755533	0.710060558259	0	1510329393.9213848	48.1882352941	0.552879291251
325.0	0.1833332875	2.85547494669	0.761419776415	0	1510329394.388386	48.1882352941	0.558831672204
324.5	0.187499953125	2.69165887124	0.688700230214	0	1510329395.1583328	48.1882352941	0.552879291251
323.5	0.187499953125	2.89465027349	0.740877514151	0	1510329395.9361048	48.4733727811	0.550249169435
323.5	0.187499953125	2.84630982973	0.74898012081	0	1510329396.3827205	48.1882352941	0.552879291251
322.5	0.187499953125	2.6129929737	0.620614663132	0	1510329397.1519444	48.4733727811	0.550249169435
322.0	0.187499953125	2.75065458299	0.697378752345	0	1510329397.9179366	48.4733727811	0.550249169435
322.0	0.1833332875	2.69501042218	0.765202703044	0	1510329398.3848026	48.4733727811	0.550249169435
321.0	0.187499953125	2.89678702509	0.751501610717	0	1510329399.1543372	48.4733727811	0.550249169435
320.5	0.1833332875	2.54802642852	0.662990864258	0	1510329399.9203923	48.4733727811	0.550249169435
320.5	0.1833332875	2.4171283931	0.699661943561	0	1510329400.3794188	48.4733727811	0.550249169435
320.0	0.187499953125	2.4963953873	0.656429969485	0	1510329401.144428	48.4733727811	0.556201550388
319.0	0.1833332875	2.55993875913	0.619408961501	0	1510329401.9152036	48.4733727811	0.550249169435
319.0	0.187499953125	2.47798371099	0.636975014732	0	1510329402.382082	48.4733727811	0.550249169435
318.0	0.187499953125	2.55419451815	0.650367035279	0	1510329403.1516535	48.4733727811	0.550249169435
317.5	0.187499953125	2.36308345481	0.60451904816	0	1510329403.9168746	48.1882352941	0.552879291251
317.5	0.187499953125	2.30170882628	0.601282052827	0	1510329404.383959	48.4733727811	0.550249169435
316.5	0.187499953125	2.55229993173	0.658330668201	0	1510329405.1537914	48.1882352941	0.552879291251
316.0	0.187499953125	2.36187632998	0.570285880929	0	1510329405.9224656	48.4733727811	0.550249169435
316.0	0.187499953125	2.43887215687	0.636980402749	0	1510329406.3892057	48.4733727811	0.550249169435
315.5	0.1833332875	2.30397831327	0.557513245539	0	1510329407.1504016	48.4733727811	0.550249169435
314.5	0.187499953125	2.32042305709	0.574376104938	0	1510329407.9162943	48.4733727811	0.550249169435
314.5	0.1833332875	2.25568254749	0.612124038396	0	1510329408.3842688	48.4733727811	0.550249169435
313.5	0.187499953125	2.19387961541	0.535880885261	0	1510329409.1501	48.4733727811	0.550249169435
313.0	0.187499953125	2.07059065044	0.530747573376	0	1510329409.9279764	48.1882352941	0.552879291251
313.0	0.187499953125	2.12490700263	0.587470934072	0	1510329410.3869784	48.4733727811	0.550249169435
312.5	0.187499953125	2.17742823057	0.565221847926	0	1510329411.1527672	48.1882352941	0.552879291251
312.0	0.1833332875	2.09905205291	0.515548265846	0	1510329411.9217741	48.4733727811	0.550249169435
311.5	0.187499953125	2.11831143623	0.558342638554	0	1510329412.388699	48.4733727811	0.556201550388
311.0	0.187499953125	2.09433708325	0.550817927159	0	1510329413.1584787	48.4733727811	0.556201550388
310.0	0.187499953125	2.12056927043	0.559171559837	0	1510329413.9264457	48.7619047619	0.553571428571
310.0	0.187499953125	2.06017753666	0.668577423062	0	1510329414.3834293	48.4733727811	0.56215393134
309.0	0.187499953125	2.03112501856	0.503501124421	0	1510329415.1482809	48.4733727811	0.550249169435
308.5	0.187499953125	2.07795486556	0.491491227114	0	1510329415.9181745	48.7619047619	0.547619047619
308.5	0.187499953125	2.00687617465	0.579607249563	0	1510329416.3838716	48.7619047619	0.559523809524
308.0	0.187499953125	1.88356730404	0.456156860088	0	1510329417.1545475	48.7619047619	0.547619047619
307.5	0.1833332875	1.95092115811	0.554752065435	0	1510329417.9218771	49.0538922156	0.562862950058
307.0	0.187499953125	1.72655540809	0.462418664198	0	1510329418.3794584	48.7619047619	0.547619047619
306.5	0.187499953125	1.86881169534	0.451109979173	0	1510329419.1571321	48.7619047619	0.547619047619
305.5	0.187499953125	1.86086644044	0.461327056832	0	1510329419.93043	48.7619047619	0.547619047619
305.5	0.187499953125	1.67229302922	0.474116029546	0	1510329420.3820937	49.0538922156	0.556910569106
305.0	0.187499953125	1.80504228378	0.466037231929	0	1510329421.1514528	48.7619047619	0.547619047619
304.0	0.187499953125	1.84034508577	0.485662544564	0	1510329421.9172697	48.7619047619	0.547619047619
304.0	0.187499953125	1.72489145452	0.51152842902	0	1510329422.3851979	48.7619047619	0.547619047619
303.5	0.187499953125	1.69409312376	0.423716510346	0	1510329423.1539474	48.7619047619	0.547619047619
303.0	0.187499953125	0.843108763582	0.210483590484	0	1510329423.9828415	48.7619047619	0.547619047619
302.5	0.1833332875	1.69827852975	0.368571116531	0	1510329424.3909223	49.0538922156	0.520905923345
302.0	0.187499953125	1.58516447795	0.385374053704	0	1510329425.1576436	48.7619047619	0.547619047619
301.0	0.187499953125	1.61811908964	0.400557102085	0	1510329425.9277272	48.7619047619	0.547619047619
301.0	0.187499953125	1.58121585931	0.378488023578	0	1510329426.3840246	48.7619047619	0.547619047619
300.5	0.187499953125	1.44358801648	0.350194895196	0	1510329427.1504755	48.7619047619	0.547619047619
299.5	0.187499953125	1.49531230399	0.368034118417	0	1510329427.91892	48.7619047619	0.547619047619
299.5	0.187499953125	1.48241559698	0.404566619614	0	1510329428.3861337	49.0538922156	0.556910569106
299.0	0.187499953125	1.42149537112	0.346875150821	0	1510329429.153025	49.152	0.543941153697
298.5	0.187499953125	1.40126869608	0.37682169722	0	1510329429.9219193	49.0538922156	0.556910569106
298.0	0.1833332875	1.29176947904	0.318165751322	0	1510329430.388596	48.7619047619	0.547619047619
297.5	0.1833332875	1.27913633488	0.245535262817	0	1510329431.1587317	48.7619047619	0.505952380952
296.5	0.187499953125	1.30660223745	0.346410865714	0	1510329431.9357157	48.4733727811	0.556201550388
296.5	0.187499953125	1.273008727	0.357070361418	0	1510329432.3833096	48.7619047619	0.559523809524
295.5	0.187499953125	1.30921393811	0.311813124493	0	1510329433.1484406	48.7619047619	0.547619047619
295.0	0.187499953125	1.16505725349	0.285205850024	0	1510329433.9183025	48.7619047619	0.547619047619
295.0	0.187499953125	1.25674876225	0.334916603143	0	1510329434.3843594	48.7619047619	0.547619047619
294.0	0.187499953125	1.20178998088	0.291182124537	0	1510329435.1542406	48.7619047619	0.547619047619
293.5	0.187499953125	1.04608527414	0.252376791777	0	1510329435.9210284	48.7619047619	0.547619047619
293.5	0.187499953125	1.00685538909	0.260778904581	0	1510329436.3795404	48.7619047619	0.547619047619
293.0	0.187499953125	1.15416137613	0.34274857955	0	1510329437.144952	48.7619047619	0.565493071874
292.0	0.187499953125	0.964783550328	0.302056117392	0	1510329437.9176228	48.7619047619	0.571428571429
292.0	0.187499953125	1.03608089147	0.355513604409	0	1510329438.3823216	48.7619047619	0.559523809524
291.0	0.179166621875	1.00081171561	0.261409530854	0	1510329439.151579	48.4733727811	0.556201550388
290.5	0.187499953125	0.967376991569	0.236018108092	0	1510329439.9304087	48.4733727811	0.550249169435
290.5	0.187499953125	0.87671396086	0.213507095719	0	1510329440.3844376	48.4733727811	0.550249169435
289.5	0.187499953125	0.932442580136	0.2374408714	0	1510329441.15539	48.4733727811	0.550249169435
289.0	0.187499953125	0.899489077506	0.222377582992	0	1510329441.9220798	48.4733727811	0.550249169435
289.0	0.187499953125	0.925010452508	0.246542618554	0	1510329442.3888993	48.1882352941	0.552879291251
288.5	0.1833332875	0.859672149754	0.216534119614	0	1510329443.1559658	48.4733727811	0.550249169435
287.5	0.187499953125	0.763161082964	0.207571811311	0	1510329443.984886	48.4733727811	0.556201550388
287.0	0.1833332875	0.367244800292	0.118439751432	0	1510329444.398697	48.4733727811	0.520764119601
286.5	0.187499953125	0.71372667342	0.192522847706	0	1510329445.1717904	48.4733727811	0.556201550388
286.0	0.187499953125	0.716303239728	0.184787323737	0	1510329445.9305065	48.4733727811	0.556201550388
285.5	0.1833332875	0.697216706038	0.185823693726	0	1510329446.3863158	48.4733727811	0.556201550388
285.0	0.1833332875	0.610537596653	0.167220628069	0	1510329447.1561909	48.4733727811	0.556201550388
284.5	0.187499953125	0.620510549154	0.183534975144	0	1510329447.9213185	48.7619047619	0.565476190476
284.0	0.187499953125	0.606054480484	0.151456605047	0	1510329448.3797688	48.7619047619	0.547619047619
283.5	0.187499953125	0.572179991635	0.16084917302	0	1510329449.145006	48.4733727811	0.56215393134
283.0	0.187499953125	0.607491322978	0.145557245772	0	1510329449.9200423	48.7619047619	0.547619047619
283.0	0.187499953125	0.542961046596	0.150080711532	0	1510329450.3829088	48.4733727811	0.556201550388
282.0	0.187499953125	0.448359930645	0.119129890346	0	1510329451.1506875	48.4733727811	0.556201550388
281.5	0.187499953125	0.460497281598	0.115099961027	0	1510329451.9177144	48.4733727811	0.550249169435
281.0	0.187499953125	0.437122913366	0.10804915023	0	1510329452.3784919	48.7619047619	0.547619047619
280.5	0.187499953125	0.367428683072	0.0974980319926	0	1510329453.151593	48.4733727811	0.556201550388
280.0	0.187499953125	0.141996403247	0.0384486006451	0	1510329453.9829638	48.4733727811	0.556201550388
279.5	0.187499953125	0.375459760359	0.0864707534432	0	1510329454.3917215	48.4733727811	0.520764119601
279.0	0.187499953125	0.273318307739	0.0740926128363	0	1510329455.1579843	48.4733727811	0.556201550388
278.5	0.187499953125	0.288505748795	0.0779712315142	0	1510329455.9301064	48.4733727811	0.556201550388
278.5	0.187499953125	0.269043690563	0.0770408215628	0	1510329456.385014	48.4733727811	0.550249169435
277.5	0.187499953125	0.232089961324	0.0603301008034	0	1510329457.1506853	48.4733727811	0.550249169435
277.0	0.1833332875	0.184324740244	0.0498866294273	0	1510329457.9157104	48.4733727811	0.556201550388
276.5	0.187499953125	0.164789562763	0.0488967606402	0	1510329458.4506116	48.4733727811	0.550249169435
276.0	0.187499953125	0.127273472455	0.0336455271247	0	1510329459.2156787	48.4733727811	0.550249169435
275.5	0.187499953125	0.130157374868	0.0337364741703	0	1510329459.9823668	48.1882352941	0.552879291251
275.0	0.187499953125	0.113110370583	0.0310928971352	0	1510329460.3913543	48.1882352941	0.552879291251
274.5	0.187499953125	0.0730083136546	0.0228924638524	0	1510329461.1590812	48.4733727811	0.556201550388
274.0	0.187499953125	0.0618594786742	0.0163055286835	0	1510329461.9792407	48.4733727811	0.550249169435
273.0	0.187499953125	0.051189212893	0.0120188572486	0	1510329462.8849375	48.7619047619	0.511904761905
273.0	0.1833332875	0.0391591782444	0.0118358488348	0	1510329463.4487896	48.4733727811	0.556201550388
272.0	0.187499953125	0.0308538384404	0.010273354158	0	1510329464.2187078	48.4733727811	0.556201550388
271.5	0.187499953125	0.0183071849657	0.00603512113405	0	1510329464.9876566	48.7619047619	0.547619047619
271.5	0.187499953125	0.00807501929412	0.00378074711183	0	1510329465.4035523	48.7619047619	0.547619047619
271.0	0.187499953125	0.00111770200804	0.00109817468488	0	1510329466.2345188	48.4733727811	0.550249169435
270.0	0.187499953125	0.00250216877243	0.00232197752843	0	1510329467.054434	48.4733727811	0.550249169435
269.5	0.187499953125	0.00160950731686	0.00187120354203	0	1510329467.8793414	48.4733727811	0.520764119601
269.0	0.1833332875	0.00160460725789	0.00212173177621	0	1510329468.445709	48.4733727811	0.550249169435
268.5	0.187499953125	0.00162777357735	0.00226118878452	0	1510329469.2109826	48.4733727811	0.550249169435
268.0	0.1833332875	0.00205947845563	0.00196738739189	0	1510329469.9768636	48.4733727811	0.556201550388
267.5	0.187499953125	0.00213307638981	0.00192428925994	0	1510329470.396781	48.7619047619	0.553571428571
267.0	0.1833332875	0.00195846104885	0.0017009831201	0	1510329471.168226	48.4733727811	0.556201550388
266.5	0.187499953125	0.00205718609539	0.00195663557514	0	1510329471.9336872	48.4733727811	0.550249169435
266.0	0.187499953125	0.00203777127621	0.00208813778923	0	1510329472.3805919	48.4733727811	0.556201550388
265.5	0.187499953125	0.00173896053032	0.00173379912426	0	1510329473.1470459	48.4733727811	0.550249169435
265.0	0.1833332875	0.00238948102321	0.0019805647793	0	1510329473.9149373	48.4733727811	0.550249169435
264.5	0.1833332875	0.00204107498831	0.00181697470534	0	1510329474.3833683	48.4733727811	0.556201550388
264.0	0.1833332875	0.00221527722396	0.00225583496243	0	1510329475.1530545	48.4733727811	0.556201550388
263.5	0.187499953125	0.00178794114846	0.00197918442662	0	1510329475.9200184	48.4733727811	0.556201550388
263.0	0.187499953125	0.00189320824412	0.00208762140171	0	1510329476.3889744	48.4733727811	0.550249169435
262.5	0.187499953125	0.00259046943785	0.00235461494953	0	1510329477.152636	48.4733727811	0.556201550388
262.0	0.187499953125	0.00217286846782	0.00217201790913	0	1510329477.9097736	48.4733727811	0.550249169435
261.5	0.187499953125	0.00203390262543	0.00192431404103	0	1510329478.3825314	48.4733727811	0.550249169435
261.0	0.187499953125	0.00246489966868	0.0019644037594	0	1510329479.1472528	48.4733727811	0.550249169435
260.0	0.187499953125	0.00235916636139	0.00212497566798	0	1510329479.9219759	48.4733727811	0.550249169435
260.0	0.1833332875	0.00231270569245	0.00169052563528	0	1510329480.3839104	48.4733727811	0.550249169435
259.5	0.187499953125	0.0026611959159	0.00216506191379	0	1510329481.1497047	48.4733727811	0.550249169435
259.0	0.1833332875	0.00210713622535	0.00215860988098	0	1510329481.9192095	48.1882352941	0.552879291251
258.5	0.187499953125	0.00241438286061	0.00205409915182	0	1510329482.3859684	48.4733727811	0.550249169435
258.0	0.187499953125	0.00284725000044	0.00201361930551	0	1510329483.1559913	48.1882352941	0.552879291251
257.5	0.1833332875	0.00282365213351	0.00211947917258	0	1510329483.9217222	48.4733727811	0.550249169435
257.0	0.187499953125	0.00293113886835	0.00199187607967	0	1510329484.3796473	48.1882352941	0.552879291251
256.5	0.187499953125	0.00225369601777	0.00203971268247	0	1510329485.145537	48.1882352941	0.552879291251
256.0	0.1833332875	0.00254528426396	0.00210235534432	0	1510329485.9139817	48.4733727811	0.550249169435
255.5	0.1833332875	0.00228988985725	0.00215884497766	0	1510329486.3819132	48.1882352941	0.552879291251
255.0	0.187499953125	0.00275566108416	0.00192117693942	0	1510329487.1513152	47.9064327485	0.543881506091
254.5	0.187499953125	0.00298076629703	0.00220784897139	0	1510329487.9172401	47.9064327485	0.543881506091
254.0	0.187499953125	0.00367438311463	0.00218006391811	0	1510329488.3840728	48.1882352941	0.541251384275
253.5	0.187499953125	0.00350448903578	0.00244500617423	0	1510329489.1538198	48.1882352941	0.541251384275
253.0	0.187499953125	0.00340243314279	0.00232798680272	0	1510329489.919815	48.1882352941	0.547065337763
252.5	0.187499953125	0.00349710422416	0.00225614678954	0	1510329490.379924	47.9064327485	0.543881506091
252.0	0.187499953125	0.0036345290059	0.00243186928181	0	1510329491.1461866	47.9064327485	0.549695459579
251.5	0.1833332875	0.00331534186363	0.00206806621228	0	1510329491.913519	48.1882352941	0.552879291251
251.0	0.187499953125	0.00427559009919	0.00275475396181	0	1510329492.3843954	48.4733727811	0.550249169435
250.0	0.1833332875	0.00426628810722	0.00284045816651	0	1510329493.1508822	48.4733727811	0.550249169435
249.5	0.187499953125	0.011547784307	0.00678087026143	0	1510329493.9793968	48.4733727811	0.556201550388
249.5	0.187499953125	0.00431527526416	0.00250192198215	0	1510329494.3881662	48.1882352941	0.523532668882
249.0	0.187499953125	0.00450507366006	0.00268797916249	0	1510329495.1540072	48.4733727811	0.550249169435
248.0	0.187499953125	0.00477941475956	0.00281508520202	0	1510329495.922908	48.4733727811	0.556201550388
248.0	0.187499953125	0.00544357057643	0.00336988697059	0	1510329496.3888927	48.4733727811	0.550249169435
247.5	0.187499953125	0.00568570014553	0.00287433576532	0	1510329497.1607127	48.1882352941	0.552879291251
246.5	0.187499953125	0.00592724210793	0.00305851380584	0	1510329497.92572	48.4733727811	0.556201550388
246.5	0.187499953125	0.00617524313583	0.00318224342975	0	1510329498.3834467	48.4733727811	0.550249169435
245.5	0.187499953125	0.00623114957457	0.00294609796864	0	1510329499.149418	48.4733727811	0.550249169435
245.0	0.1833332875	0.00717377054069	0.00327237575259	0	1510329499.918398	48.4733727811	0.550249169435
244.5	0.187499953125	0.00734337474319	0.00297079930967	0	1510329500.3852286	48.4733727811	0.550249169435
244.0	0.187499953125	0.00751217760913	0.00332893796229	0	1510329501.1552832	48.4733727811	0.550249169435
243.5	0.187499953125	0.00828403969524	0.00358748554894	0	1510329501.922112	48.4733727811	0.550249169435
243.0	0.187499953125	0.00856661110621	0.0040247504584	0	1510329502.3800943	48.1882352941	0.552879291251
242.5	0.187499953125	0.00929465579599	0.00363419771642	0	1510329503.1488178	48.1882352941	0.552879291251
242.0	0.187499953125	0.00894762636216	0.00359057534674	0	1510329503.9146667	48.1882352941	0.547065337763
242.0	0.187499953125	0.0097992674932	0.00477298076638	0	1510329504.3822854	48.1882352941	0.552879291251
241.0	0.187499953125	0.0110785406777	0.00434709788871	0	1510329505.1515577	48.4733727811	0.550249169435
240.5	0.187499953125	0.0106417352313	0.00410849266723	0	1510329505.919086	48.4733727811	0.550249169435
240.0	0.187499953125	0.0113893311983	0.00400878113837	0	1510329506.3842537	48.4733727811	0.550249169435
239.5	0.187499953125	0.0115634942601	0.00459237443929	0	1510329507.1543086	48.1882352941	0.552879291251
239.0	0.187499953125	0.0134463997723	0.00508259006823	0	1510329507.9310625	48.1882352941	0.552879291251
238.5	0.179166621875	0.0134127637408	0.00501613531938	0	1510329508.3801334	48.1882352941	0.552879291251
238.0	0.187499953125	0.0143970049478	0.00558873907058	0	1510329509.1479354	48.4733727811	0.550249169435
237.5	0.187499953125	0.0154493373058	0.00555201118851	0	1510329509.912779	48.4733727811	0.550249169435
237.0	0.187499953125	0.0158435679764	0.00555263305737	0	1510329510.3846695	48.1882352941	0.552879291251
236.5	0.187499953125	0.0184626200282	0.00576971293356	0	1510329511.1505823	48.1882352941	0.552879291251
236.0	0.187499953125	0.0179500667376	0.00646141332776	0	1510329511.9195156	48.4733727811	0.550249169435
235.5	0.187499953125	0.0180066016237	0.00597743981424	0	1510329512.3860886	48.4733727811	0.550249169435
235.0	0.187499953125	0.0357202546027	0.0113075027131	0	1510329513.2162797	48.4733727811	0.550249169435
234.5	0.187499953125	0.0178549812912	0.00598944683171	0	1510329513.9822788	48.4733727811	0.550249169435
234.0	0.1833332875	0.0184843614758	0.00579110494527	0	1510329514.391267	48.1882352941	0.552879291251
233.5	0.187499953125	0.0212362482522	0.00689781088184	0	1510329515.1585412	48.1882352941	0.552879291251
232.5	0.187499953125	0.0215284244005	0.00707346959457	0	1510329515.9378781	47.9064327485	0.543881506091
232.5	0.187499953125	0.0214264982851	0.00754329569652	0	1510329516.382697	48.1882352941	0.547065337763
232.0	0.187499953125	0.0239247803436	0.00734357415508	0	1510329517.1495605	48.1882352941	0.547065337763
231.5	0.187499953125	0.0205518399172	0.00611266737568	0	1510329517.9276347	47.9064327485	0.543881506091
231.0	0.187499953125	0.0221111768084	0.00775503143902	0	1510329518.3854795	47.9064327485	0.549695459579
230.5	0.187499953125	0.0234508661641	0.00732950951463	0	1510329519.154057	48.1882352941	0.547065337763
230.0	0.187499953125	0.0249524866394	0.00707630673553	0	1510329519.9218144	47.9064327485	0.549695459579
229.5	0.187499953125	0.0260755881095	0.00811796663961	0	1510329520.3801937	47.9064327485	0.543881506091
229.0	0.187499953125	0.0274095729197	0.00866273522681	0	1510329521.1486304	47.9064327485	0.549695459579
228.5	0.187499953125	0.0295551948987	0.00853189435947	0	1510329521.9159703	47.9064327485	0.543881506091
228.0	0.187499953125	0.0305928342321	0.00938448800458	0	1510329522.3827744	48.1882352941	0.547065337763
227.0	0.187499953125	0.0306767017325	0.00867606669119	0	1510329523.1508672	47.9064327485	0.549695459579
226.5	0.187499953125	0.0293815197904	0.00959949986214	0	1510329523.917546	48.1882352941	0.552879291251
226.5	0.1833332875	0.0329304760979	0.0099264180108	0	1510329524.384662	48.1882352941	0.552879291251
225.5	0.187499953125	0.0334815087236	0.00910909262721	0	1510329525.1533558	48.1882352941	0.552879291251
225.0	0.187499953125	0.0322858181394	0.00979974688215	0	1510329525.9233785	48.1882352941	0.552879291251
225.0	0.187499953125	0.0357431928561	0.0117962839782	0	1510329526.3902276	48.1882352941	0.552879291251
224.5	0.187499953125	0.0336244423158	0.0102040690315	0	1510329527.157181	48.1882352941	0.552879291251
223.5	0.187499953125	0.0330112453084	0.010133322794	0	1510329527.927029	48.1882352941	0.552879291251
223.5	0.187499953125	0.0339348561886	0.00994596219757	0	1510329528.3840752	48.1882352941	0.552879291251
222.5	0.187499953125	0.0356167875918	0.0103635848829	0	1510329529.1509805	48.1882352941	0.552879291251
222.0	0.187499953125	0.0360146290981	0.0101591534783	0	1510329529.9186256	47.9064327485	0.543881506091
221.5	0.187499953125	0.0359049445135	0.0109054385016	0	1510329530.3877316	48.1882352941	0.552879291251
221.0	0.187499953125	0.0403397691173	0.0122805459666	0	1510329531.1524446	48.1882352941	0.552879291251
220.5	0.187499953125	0.0411526890213	0.0115917513162	0	1510329531.9225514	48.1882352941	0.558831672204
220.0	0.187499953125	0.0432592128319	0.0122781694189	0	1510329532.387409	48.1882352941	0.552879291251
219.5	0.1833332875	0.048414535919	0.0146224477612	0	1510329533.2057765	48.1882352941	0.552879291251
219.0	0.187499953125	0.0433271163725	0.0120601859163	0	1510329533.9711514	48.3779527559	0.551125876707
218.5	0.187499953125	0.0468403552362	0.0135497537881	0	1510329534.3827202	47.9064327485	0.555509413068
218.0	0.187499953125	0.0441720687291	0.0119514578472	0	1510329535.151992	48.1882352941	0.552879291251
217.5	0.187499953125	0.0489007075882	0.0133489485578	0	1510329535.9177208	48.1882352941	0.547065337763
217.0	0.187499953125	0.043272188577	0.0172630797201	0	1510329536.384772	48.1882352941	0.552879291251
216.5	0.187499953125	0.0465063274048	0.013022074783	0	1510329537.1413274	48.1882352941	0.552879291251
216.0	0.187499953125	0.059301338451	0.0185703124603	0	1510329537.9114442	48.1882352941	0.552879291251
215.5	0.187499953125	0.0598062528547	0.0167006727658	0	1510329538.3805783	48.1882352941	0.552879291251
215.0	0.187499953125	0.0512808038208	0.0142542519887	0	1510329539.1470265	48.1882352941	0.552879291251
214.5	0.1833332875	0.045680166061	0.0126005313888	0	1510329539.9139073	48.4733727811	0.556201550388
214.0	0.187499953125	0.0579776920583	0.0157496647995	0	1510329540.382712	48.4733727811	0.550249169435
213.5	0.187499953125	0.0528672232504	0.0147958730032	0	1510329541.1509314	48.1882352941	0.552879291251
213.0	0.1833332875	0.0496242194137	0.0136365206663	0	1510329541.9308817	48.1882352941	0.547065337763
212.5	0.187499953125	0.0559651569489	0.0184384206972	0	1510329542.3868406	48.1882352941	0.552879291251
212.0	0.187499953125	0.0634353147432	0.0174945508162	0	1510329543.1517577	48.4733727811	0.550249169435
211.5	0.187499953125	0.0639795424097	0.0176331454925	0	1510329543.9106154	48.4733727811	0.550249169435
211.0	0.187499953125	0.0753616620713	0.0208440042774	0	1510329544.3834317	48.1882352941	0.552879291251
210.5	0.187499953125	0.0716828465294	0.017530902702	0	1510329545.1460125	48.1882352941	0.541251384275
210.0	0.187499953125	0.0782407924056	0.0220062801677	0	1510329545.904054	48.1882352941	0.552879291251
209.5	0.187499953125	0.0759227730421	0.0218011104458	0	1510329546.3843598	48.1882352941	0.552879291251
209.0	0.187499953125	0.0809481279111	0.0233366624031	0	1510329547.1507704	48.1882352941	0.552879291251
208.5	0.1833332875	0.0670527139336	0.0190374370762	0	1510329547.9320307	48.1882352941	0.558831672204
208.0	0.187499953125	0.0627297982472	0.018110049173	0	1510329548.387039	48.1882352941	0.547065337763
207.5	0.1833332875	0.0701905177488	0.0193318518836	0	1510329549.1459394	48.1882352941	0.552879291251
207.0	0.187499953125	0.0778240546181	0.0220994893885	0	1510329549.9084284	48.4733727811	0.550249169435
206.5	0.187499953125	0.0759412152243	0.0197093227214	0	1510329550.3806205	48.4733727811	0.544435215947
206.0	0.1833332875	0.080679443963	0.0232142421381	0	1510329551.1444702	48.1882352941	0.552879291251
205.5	0.187499953125	0.0914689942268	0.0255772826233	0	1510329551.9155493	48.1882352941	0.552879291251
205.0	0.187499953125	0.0986636973097	0.0260182747116	0	1510329552.4434834	48.4733727811	0.550249169435
204.5	0.187499953125	0.0928582388937	0.0251094579323	0	1510329553.2223356	48.4733727811	0.550249169435
204.0	0.187499953125	0.117698332399	0.0340945633917	0	1510329553.9922109	48.4733727811	0.556201550388
203.5	0.187499953125	0.142755419814	0.0426794889341	0	1510329554.4110675	48.7619047619	0.547619047619
203.0	0.1833332875	0.117336839051	0.030537068237	0	1510329555.1790514	48.4733727811	0.550249169435
202.5	0.1833332875	0.0963842351632	0.0266622142463	0	1510329555.9559681	48.4733727811	0.556201550388
202.0	0.187499953125	0.107739211429	0.0283987171883	0	1510329556.3797443	48.4733727811	0.550249169435
201.5	0.187499953125	0.0960057612522	0.0283265152228	0	1510329557.1477964	48.4733727811	0.56215393134
200.5	0.187499953125	0.100553931952	0.025276608711	0	1510329557.9280248	48.7619047619	0.547619047619
200.5	0.187499953125	0.101743139182	0.0290449947305	0	1510329558.3845196	48.7619047619	0.547619047619
200.0	0.187499953125	0.110658448119	0.030169128408	0	1510329559.149293	48.4733727811	0.556201550388
199.0	0.187499953125	0.108140905593	0.0272082091576	0	1510329559.9187431	48.4733727811	0.550249169435
199.0	0.1833332875	0.113911147123	0.0301621845567	0	1510329560.3866675	48.4733727811	0.550249169435
198.5	0.187499953125	0.105971152522	0.0274005052313	0	1510329561.1569893	48.4733727811	0.550249169435
198.0	0.187499953125	0.121250823221	0.0294583081342	0	1510329561.9200134	48.4733727811	0.550249169435
197.5	0.1833332875	0.129175181381	0.0368084536481	0	1510329562.3879683	48.4733727811	0.556201550388
197.0	0.1833332875	0.132195301709	0.0356506651101	0	1510329563.1586485	48.7619047619	0.553571428571
196.0	0.187499953125	0.123995339372	0.0325382654873	0	1510329563.929622	48.7619047619	0.553571428571
196.0	0.187499953125	0.133553919603	0.0346755846109	0	1510329564.383419	48.7619047619	0.553571428571
195.5	0.187499953125	0.126194234833	0.0348947612487	0	1510329565.1493878	48.4733727811	0.556201550388
194.5	0.187499953125	0.0597191802269	0.0172202125702	0	1510329565.9183893	48.4733727811	0.556201550388
194.5	0.187499953125	0.0414071759177	0.0125409386453	0	1510329566.3832216	48.7619047619	0.559523809524
194.0	0.187499953125	0.0109351253835	0.00387812090987	0	1510329567.2137654	48.7619047619	0.559523809524
193.0	0.187499953125	0.0270740530386	0.00834065650223	0	1510329567.9808755	48.4733727811	0.556201550388
193.0	0.187499953125	0.0262838253379	0.00815991713681	0	1510329568.3919048	48.7619047619	0.553571428571
192.5	0.187499953125	0.0265431821658	0.00851576259173	0	1510329569.1574628	48.4733727811	0.550249169435
191.5	0.187499953125	0.0272148418363	0.00876437445767	0	1510329569.9306982	48.4733727811	0.550249169435
191.5	0.187499953125	0.0261425148319	0.00850776033222	0	1510329570.3824615	48.4733727811	0.550249169435
190.5	0.187499953125	0.0259450077588	0.0084148293695	0	1510329571.1606112	48.4733727811	0.550249169435
190.0	0.1833332875	0.0243710765283	0.0078213541038	0	1510329571.927541	48.4733727811	0.556201550388
190.0	0.187499953125	0.0253895947922	0.00841244168435	0	1510329572.3843033	48.4733727811	0.556201550388
189.0	0.187499953125	0.0254000648751	0.00826292892779	0	1510329573.1552308	48.4733727811	0.556201550388
188.5	0.187499953125	0.0264069724582	0.00857705157051	0	1510329573.9120362	48.4733727811	0.550249169435
188.5	0.187499953125	0.0261674436006	0.00894167501762	0	1510329574.3889546	48.4733727811	0.550249169435
188.0	0.187499953125	0.0266578401547	0.008864462925	0	1510329575.1568518	48.4733727811	0.550249169435
187.0	0.1833332875	0.0271136981265	0.00805108870107	0	1510329575.9308708	48.4733727811	0.550249169435
187.0	0.1833332875	0.0269326143495	0.00911781951259	0	1510329576.3836963	48.4733727811	0.556201550388
186.0	0.187499953125	0.0267349648262	0.00829687804166	0	1510329577.1495566	48.4733727811	0.550249169435
185.5	0.1833332875	0.0270518450889	0.00802573939612	0	1510329577.918553	48.1882352941	0.552879291251
185.5	0.179166621875	0.0275495657622	0.00937354717062	0	1510329578.3870504	48.4733727811	0.550249169435
184.5	0.1833332875	0.0277304061728	0.00824570816147	0	1510329579.1521113	48.4733727811	0.556201550388
184.0	0.187499953125	0.0283998307287	0.0089140524515	0	1510329579.910137	48.4733727811	0.550249169435
184.0	0.187499953125	0.0268735707256	0.00925827712202	0	1510329580.3880234	48.4733727811	0.550249169435
183.5	0.187499953125	0.0284956398546	0.00821219469243	0	1510329581.1599767	48.4733727811	0.550249169435
182.5	0.1833332875	0.0293846792635	0.00946185093096	0	1510329581.9306936	48.7619047619	0.553571428571
182.5	0.187499953125	0.0286474976748	0.00922069689182	0	1510329582.3836918	48.4733727811	0.550249169435
181.5	0.1833332875	0.028637314778	0.00952381507849	0	1510329583.148581	48.4733727811	0.556201550388
181.0	0.187499953125	0.0296135253601	0.00895451614515	0	1510329583.920524	48.1882352941	0.552879291251
181.0	0.187499953125	0.0276673007755	0.00842075344964	0	1510329584.3833632	48.4733727811	0.550249169435
180.0	0.187499953125	0.0293609093549	0.00846656496854	0	1510329585.1444514	48.4733727811	0.550249169435
179.5	0.187499953125	0.0301133701887	0.00893314048228	0	1510329585.911764	48.4733727811	0.550249169435
179.0	0.187499953125	0.0279926952893	0.00909888450533	0	1510329586.3802898	48.4733727811	0.550249169435
178.5	0.187499953125	0.0280625285969	0.00862274512599	0	1510329587.1450474	48.4733727811	0.550249169435
178.0	0.1833332875	0.0291054058291	0.00898229537827	0	1510329587.9140432	48.4733727811	0.550249169435
178.0	0.187499953125	0.0279833775495	0.00968942521435	0	1510329588.3828123	48.4733727811	0.550249169435
177.0	0.187499953125	0.030016494146	0.00872293077711	0	1510329589.1528585	48.4733727811	0.550249169435
176.5	0.187499953125	0.0285768677847	0.00902710347347	0	1510329589.9206126	48.4733727811	0.550249169435
176.0	0.1833332875	0.0298856762893	0.00954546994755	0	1510329590.3841405	48.4733727811	0.556201550388
175.5	0.187499953125	0.0271941527456	0.00872273429396	0	1510329591.1535494	48.4733727811	0.556201550388
175.0	0.187499953125	0.0273682980012	0.00830045417038	0	1510329591.9204106	48.4733727811	0.556201550388
174.5	0.187499953125	0.0274569411324	0.00868167742494	0	1510329592.388807	48.7619047619	0.547619047619
174.0	0.187499953125	0.0270213742621	0.00821347346313	0	1510329593.1518664	48.4733727811	0.550249169435
173.5	0.187499953125	0.0271475003356	0.00849591592729	0	1510329593.9121377	48.4733727811	0.556201550388
173.0	0.187499953125	0.026298711374	0.00906446195697	0	1510329594.3840811	48.4733727811	0.556201550388
172.5	0.187499953125	0.0258870994802	0.00780657609853	0	1510329595.1628659	48.7619047619	0.547619047619
172.0	0.187499953125	0.025899048948	0.00867870585144	0	1510329595.929598	48.4733727811	0.550249169435
171.5	0.187499953125	0.0240553358665	0.00919940429756	0	1510329596.3877144	48.4733727811	0.550249169435
171.0	0.1833332875	0.0247158382503	0.00769737703664	0	1510329597.1525004	48.4733727811	0.550249169435
170.5	0.187499953125	0.0245649762191	0.00792637200308	0	1510329597.9220936	48.4733727811	0.550249169435
170.0	0.187499953125	0.0235628858472	0.00850783784828	0	1510329598.388332	48.7619047619	0.553571428571
169.5	0.187499953125	0.0231555555059	0.00767540703754	0	1510329599.1583502	48.4733727811	0.520764119601
169.0	0.1833332875	0.0238762048572	0.00794575408132	0	1510329599.9252048	48.7619047619	0.553571428571
168.5	0.187499953125	0.022424029901	0.00802822657022	0	1510329600.3829508	48.4733727811	0.550249169435
168.0	0.187499953125	0.0219461223159	0.00696743731508	0	1510329601.1509328	48.4733727811	0.550249169435
167.5	0.187499953125	0.0210930156668	0.00696204285756	0	1510329601.9179225	48.4733727811	0.550249169435
167.0	0.187499953125	0.0219274161706	0.00768564202139	0	1510329602.379917	48.4733727811	0.556201550388
166.5	0.187499953125	0.0211688693517	0.00750855310386	0	1510329603.1423042	48.4733727811	0.550249169435
166.0	0.187499953125	0.0233295525722	0.00697945924487	0	1510329603.9155202	48.4733727811	0.550249169435
165.5	0.187499953125	0.0241994953746	0.00772729135875	0	1510329604.3794863	48.4733727811	0.550249169435
165.0	0.187499953125	0.0224967892476	0.00741812949082	0	1510329605.1442084	48.1882352941	0.552879291251
164.5	0.187499953125	0.021153271065	0.0063105799275	0	1510329605.914309	48.4733727811	0.550249169435
164.0	0.187499953125	0.0220111056083	0.00685367864628	0	1510329606.3818095	48.1882352941	0.552879291251
163.5	0.1833332875	0.0231475013356	0.00736584144194	0	1510329607.1499977	48.1882352941	0.552879291251
162.5	0.1833332875	0.0483439192899	0.0136297824484	0	1510329607.9166272	48.4733727811	0.550249169435
162.5	0.1833332875	0.0875092373819	0.0260607691582	0	1510329608.3846684	48.4733727811	0.556201550388
162.0	0.1833332875	0.374558202707	0.0391195853351	0	1510329609.226774	48.4733727811	0.550249169435
161.0	0.1833332875	0.3681001555	0.0681873906575	0	1510329610.046693	48.7619047619	0.547619047619
160.5	0.187499953125	0.49267843801	0.113771105848	0	1510329610.8824346	48.4733727811	0.520764119601
160.0	0.187499953125	0.453232436549	0.140867211943	0	1510329611.384468	48.1882352941	0.552879291251
159.5	0.1833332875	0.475100527065	0.116371892013	0	1510329612.1543908	48.4733727811	0.550249169435
159.0	0.187499953125	0.418492768371	0.102946573455	0	1510329612.916283	48.4733727811	0.550249169435
158.5	0.187499953125	0.455571467304	0.117487436601	0	1510329613.3797514	48.4733727811	0.550249169435
158.0	0.1833332875	0.485689320367	0.121578455313	0	1510329614.1469176	48.4733727811	0.550249169435
157.5	0.187499953125	0.636452476214	0.165407953651	0	1510329614.9697075	48.4733727811	0.550249169435
157.0	0.187499953125	1.36641276381	0.340662424077	0	1510329615.3839107	48.4733727811	0.550249169435
156.5	0.187499953125	0.442329661497	0.109644764262	0	1510329616.1626215	48.4733727811	0.550249169435
156.0	0.187499953125	0.442338530059	0.119422189631	0	1510329616.9403996	48.4733727811	0.556201550388
155.5	0.1833332875	0.451704075854	0.118134997126	0	1510329617.3875062	48.4733727811	0.556201550388
155.0	0.187499953125	0.493715735226	0.123744385624	0	1510329618.153329	48.4733727811	0.550249169435
154.5	0.187499953125	0.459673674255	0.123830035169	0	1510329618.935275	48.4733727811	0.556201550388
154.0	0.187499953125	0.421501829301	0.130849759618	0	1510329619.3808298	48.4733727811	0.550249169435
153.5	0.187499953125	0.458515305879	0.112412501566	0	1510329620.159044	48.4733727811	0.550249169435
153.0	0.1833332875	0.492760489078	0.125825702684	0	1510329620.9288821	48.4733727811	0.550249169435
152.5	0.1833332875	0.434787076918	0.109796788825	0	1510329621.3829532	48.4733727811	0.550249169435
152.0	0.187499953125	0.563745306884	0.144728077891	0	1510329622.149717	48.4733727811	0.550249169435
151.5	0.187499953125	0.381889343472	0.0995710138808	0	1510329622.917613	48.7619047619	0.547619047619
151.0	0.187499953125	0.20831391142	0.192933762803	0	1510329623.3846443	48.4733727811	0.520764119601
150.5	0.179166621875	0.556847439136	0.147651167754	0	1510329624.1553607	48.4733727811	0.556201550388
150.0	0.187499953125	0.650558901887	0.171746691082	0	1510329624.9470074	48.7619047619	0.547619047619
149.5	0.187499953125	0.51799907155	0.141184698474	0	1510329625.3803232	48.4733727811	0.556201550388
149.0	0.187499953125	0.358915864687	0.096450346988	0	1510329626.1482084	48.4733727811	0.550249169435
148.5	0.187499953125	0.535575364682	0.140398979948	0	1510329626.915003	48.4733727811	0.550249169435
148.0	0.187499953125	0.549190033643	0.139011088316	0	1510329627.3830588	48.4733727811	0.550249169435
147.5	0.187499953125	0.366123127842	0.0944684817382	0	1510329628.1509333	48.4733727811	0.550249169435
147.0	0.187499953125	0.552228494421	0.141338971597	0	1510329628.9176764	48.4733727811	0.550249169435
146.5	0.187499953125	0.62483648706	0.182219123932	0	1510329629.3875892	48.4733727811	0.556201550388
146.0	0.187499953125	0.487971387979	0.131071593712	0	1510329630.1675746	48.4733727811	0.550249169435
145.5	0.1833332875	0.454241948577	0.118141691757	0	1510329630.9329588	48.4733727811	0.550249169435
145.0	0.187499953125	0.293938672954	0.0738822529325	0	1510329631.3882036	48.4733727811	0.550249169435
144.5	0.187499953125	0.348556729749	0.0824257686001	0	1510329632.156206	48.4733727811	0.550249169435
144.0	0.187499953125	0.366992340254	0.0925174451287	0	1510329632.9257634	48.7619047619	0.547619047619
143.5	0.187499953125	0.304030025278	0.189046618918	0	1510329633.3840475	48.4733727811	0.550249169435
143.0	0.187499953125	0.342655257457	0.086085501273	0	1510329634.1478088	48.4733727811	0.550249169435
142.5	0.187499953125	0.424878098909	0.118408047159	0	1510329634.9199808	48.7619047619	0.553571428571
142.0	0.187499953125	0.450470901875	0.102429349757	0	1510329635.3868337	48.7619047619	0.547619047619
141.5	0.187499953125	0.49450612815	0.122158365848	0	1510329636.1447213	48.7619047619	0.547619047619
141.0	0.19166661875	0.349610597451	0.0849992065411	0	1510329636.9085948	48.7619047619	0.547619047619
140.5	0.187499953125	0.409496913824	0.105603678113	0	1510329637.3803544	48.7619047619	0.547619047619
140.0	0.187499953125	0.340183675638	0.0904565469143	0	1510329638.1574106	48.4733727811	0.556201550388

#$Filter:1
#$	0	1	 1
#$	1	op06	 0.251188643150958
#$	2	op09	0.12848931924611138
#$	3	op18*op18*op18	3.9810717055349725e-06
#$	4	ns12	1e-7
#$	5	0	 1e-22
#$POWER:47.7, mW
#$WAVELENGTH:532,nm
#$OBJECT:SiNW22, on wires	=	=	=	=	=	=	=	=
angle	ref	signal	signal_std	filter	Time	freq	duty_cycle
139.0	0.1833332875	0.328795297339	0.0833620431723	0	1510329645.8602068	48.4733727811	0.550249169435
138.5	0.1833332875	0.282558333919	0.100056320262	0	1510329646.3547404	48.1882352941	0.552879291251
138.0	0.187499953125	0.27341374931	0.069561101632	0	1510329647.1210425	48.1882352941	0.552879291251
137.5	0.187499953125	0.447342553465	0.111320787622	0	1510329647.889801	47.9064327485	0.543881506091
137.5	0.187499953125	0.308801988351	0.0775335874671	0	1510329648.3577135	47.9064327485	0.543881506091
137.0	0.187499953125	0.406184460876	0.0926084094974	0	1510329649.1277237	47.9064327485	0.543881506091
136.0	0.187499953125	0.320501344376	0.0783653630011	0	1510329649.8964632	47.9064327485	0.543881506091
135.5	0.187499953125	0.271441408184	0.101175392401	0	1510329650.3522437	47.9064327485	0.543881506091
135.0	0.187499953125	0.280184435473	0.0659366373261	0	1510329651.1194925	47.9064327485	0.543881506091
134.5	0.187499953125	0.315545917804	0.0857961116313	0	1510329651.8871021	48.1882352941	0.552879291251
134.5	0.187499953125	0.334203620153	0.0804150094357	0	1510329652.3548002	48.1882352941	0.547065337763
133.5	0.187499953125	0.274606876506	0.0717265406114	0	1510329653.1230354	47.9064327485	0.549695459579
133.0	0.187499953125	0.36632042124	0.0962036667334	0	1510329653.8830261	48.1882352941	0.547065337763
133.0	0.187499953125	0.261585422248	0.0669600484628	0	1510329654.3589208	47.9064327485	0.549695459579
132.5	0.187499953125	0.275561184671	0.0684528718316	0	1510329655.125841	47.9064327485	0.549695459579
131.5	0.187499953125	0.260976936411	0.0674043925008	0	1510329655.8966835	47.9064327485	0.549695459579
131.0	0.187499953125	0.250234043971	0.0809389320974	0	1510329656.3626137	47.6279069767	0.558139534884
130.5	0.187499953125	0.323581192194	0.0681022017586	0	1510329657.1283147	47.6279069767	0.53488372093
130.0	0.187499953125	0.252497234019	0.0543024911039	0	1510329657.8962603	47.9064327485	0.538067552602
130.0	0.187499953125	0.24291945494	0.0668370375701	0	1510329658.3562644	47.9064327485	0.543881506091
129.5	0.187499953125	0.190053738939	0.0494614918442	0	1510329659.1227908	47.9064327485	0.549695459579
128.5	0.187499953125	0.209521005658	0.0557786534416	0	1510329659.8920255	47.6279069767	0.552325581395
128.5	0.187499953125	0.269266769853	0.0784110011453	0	1510329660.357858	47.6279069767	0.53488372093
128.0	0.187499953125	0.341741886716	0.0782372286204	0	1510329661.1238592	47.6279069767	0.53488372093
127.0	0.187499953125	0.275756730879	0.0666945127793	0	1510329661.894251	47.6279069767	0.540697674419
127.0	0.187499953125	0.229605467806	0.066457733912	0	1510329662.3527222	47.6279069767	0.511627906977
126.0	0.187499953125	0.261678510108	0.0749023669864	0	1510329663.1184804	47.6279069767	0.53488372093
125.5	0.187499953125	0.23142642286	0.0641071591264	0	1510329663.886499	47.6279069767	0.53488372093
125.5	0.187499953125	0.214368180026	0.0493058486806	0	1510329664.355248	47.6279069767	0.511627906977
125.0	0.187499953125	0.227870076593	0.0527912220004	0	1510329665.1228745	47.6279069767	0.53488372093
124.5	0.187499953125	0.170648105486	0.0418884464039	0	1510329665.890059	47.6279069767	0.546511627907
124.0	0.187499953125	0.108318387243	0.0247340338589	0	1510329666.3579903	47.6279069767	0.53488372093
123.0	0.187499953125	0.137835099595	0.0366154676285	0	1510329667.1870184	47.6279069767	0.558139534884
122.5	0.187499953125	0.11414981396	0.0310889096278	0	1510329667.956785	47.6279069767	0.558139534884
122.5	0.187499953125	0.113508070515	0.0242262041869	0	1510329668.363853	47.6279069767	0.53488372093
122.0	0.1833332875	0.0743015994086	0.0218852159061	0	1510329669.128586	47.6279069767	0.558139534884
121.0	0.187499953125	0.110378975504	0.0316841755924	0	1510329669.897555	47.6279069767	0.53488372093
121.0	0.187499953125	0.0989170420975	0.0264873885583	0	1510329670.3553143	47.2615384615	0.523079633545
120.5	0.187499953125	0.0899428618889	0.022595041163	0	1510329671.123001	47.6279069767	0.511627906977
120.0	0.187499953125	0.108090049226	0.027679209489	0	1510329671.8912039	47.6279069767	0.511627906977
119.5	0.187499953125	0.0979212789495	0.0329541213368	0	1510329672.35896	47.6279069767	0.511627906977
118.5	0.187499953125	0.0808066339101	0.0221135375118	0	1510329673.178099	47.6279069767	0.511627906977
118.0	0.187499953125	0.0692904029053	0.0186459551637	0	1510329673.945029	47.6279069767	0.546524212222
118.0	0.187499953125	0.0688033189962	0.0206417937876	0	1510329674.3527763	47.6279069767	0.558139534884
117.5	0.187499953125	0.0654025108544	0.0197925678259	0	1510329675.1178122	47.6279069767	0.558139534884
117.0	0.1833332875	0.0508065599274	0.0151099088973	0	1510329675.885701	47.6279069767	0.55233816571
116.5	0.187499953125	0.032567837837	0.00857460066199	0	1510329676.355533	47.6279069767	0.53488372093
116.0	0.1833332875	0.0325955300664	0.00945766879308	0	1510329677.1234312	47.9064327485	0.555509413068
115.0	0.187499953125	0.0279199671295	0.00825452007559	0	1510329677.9462378	47.6279069767	0.540697674419
115.0	0.187499953125	0.00787903808942	0.00253691590971	0	1510329678.358188	47.6279069767	0.540697674419
114.5	0.187499953125	0.0220730714048	0.00702598238885	0	1510329679.1259587	47.9064327485	0.543881506091
114.0	0.187499953125	0.0155691766133	0.00570751104651	0	1510329679.8950794	47.6279069767	0.552325581395
113.5	0.187499953125	0.0127441074319	0.0056310094952	0	1510329680.4259758	47.9064327485	0.543881506091
113.0	0.187499953125	0.010371329316	0.00431166377586	0	1510329681.1907613	47.9064327485	0.543881506091
112.5	0.187499953125	0.00826734123801	0.00384117710211	0	1510329681.9573255	47.9064327485	0.549695459579
112.0	0.1833332875	0.00805861621896	0.00383728239073	0	1510329682.3665278	47.9064327485	0.549695459579
111.5	0.187499953125	0.00257322683609	0.0017688188376	0	1510329683.192456	47.6279069767	0.53488372093
111.0	0.187499953125	0.00494848523011	0.00286771958207	0	1510329683.962893	47.9064327485	0.549695459579
110.5	0.187499953125	0.0043137987791	0.00246813823267	0	1510329684.3753405	47.9064327485	0.543881506091
110.0	0.187499953125	0.00442028023396	0.00229890928129	0	1510329685.150071	47.9064327485	0.549695459579
109.5	0.187499953125	0.00552433978701	0.00279547673391	0	1510329685.917057	47.9064327485	0.549695459579
109.0	0.187499953125	0.00453732080299	0.00273569347891	0	1510329686.351976	48.1882352941	0.547065337763
108.5	0.187499953125	0.00422532826539	0.0025367754119	0	1510329687.1188445	47.9064327485	0.543881506091
108.0	0.187499953125	0.00146627082952	0.000890100769531	0	1510329687.9452808	47.9064327485	0.543881506091
107.5	0.187499953125	0.00392256804697	0.00231779964895	0	1510329688.3542247	48.1882352941	0.517718715393
107.0	0.187499953125	0.00367234238676	0.00247693866228	0	1510329689.12758	48.1882352941	0.552879291251
106.5	0.187499953125	0.00349827995634	0.00214777946571	0	1510329689.8903313	48.1882352941	0.552879291251
106.0	0.187499953125	0.00368725398015	0.00213533027922	0	1510329690.358095	48.1882352941	0.541251384275
105.5	0.187499953125	0.00309979153187	0.00238675141525	0	1510329691.140215	48.1882352941	0.547065337763
105.0	0.187499953125	0.00328784818089	0.0019504460371	0	1510329691.9062116	48.1882352941	0.552879291251
104.5	0.187499953125	0.00356192930895	0.00243948438593	0	1510329692.410041	48.4733727811	0.550249169435
104.0	0.187499953125	0.00379782668587	0.00235691439746	0	1510329693.1790287	48.1882352941	0.552879291251
103.5	0.187499953125	0.00134824752619	0.000852518368437	0	1510329694.0088305	48.1882352941	0.552879291251
103.0	0.187499953125	0.00310698640274	0.00222608090501	0	1510329694.8692362	48.1882352941	0.552879291251
102.5	0.187499953125	0.00350517718638	0.00226198098599	0	1510329695.352579	48.1882352941	0.552879291251
102.0	0.187499953125	0.00371421559566	0.0022766840713	0	1510329696.1211355	48.1882352941	0.552879291251
101.5	0.187499953125	0.00347462784421	0.00236462625664	0	1510329696.886271	48.4733727811	0.550249169435
101.0	0.187499953125	0.00371633810225	0.00268456193097	0	1510329697.3554866	48.4733727811	0.556201550388
100.5	0.187499953125	0.0036234606326	0.00255554419715	0	1510329698.1232615	48.4733727811	0.550249169435
100.0	0.187499953125	0.00381075641615	0.00257686106344	0	1510329698.8899567	48.4733727811	0.550249169435
99.5	0.187499953125	0.00330958606719	0.00198272383451	0	1510329699.3519318	48.7619047619	0.553571428571
99.0	0.187499953125	0.00334880970411	0.00228577920046	0	1510329700.1160529	48.4733727811	0.556201550388
98.5	0.187499953125	0.00337014692672	0.00211944192911	0	1510329700.895672	48.7619047619	0.547619047619
98.0	0.187499953125	0.00329795313971	0.00249512800551	0	1510329701.361263	48.7619047619	0.547619047619
97.5	0.187499953125	0.00301953805244	0.00203235780439	0	1510329702.1286008	48.4733727811	0.550249169435
97.0	0.187499953125	0.00286164148329	0.00219064525203	0	1510329702.90014	48.4733727811	0.550249169435
96.5	0.187499953125	0.00256735514105	0.00195524681485	0	1510329703.3645105	48.7619047619	0.547619047619
96.0	0.187499953125	0.00321012495142	0.00251897913071	0	1510329704.1314325	48.4733727811	0.550249169435
95.5	0.1833332875	0.00298573812918	0.00225323251025	0	1510329704.9012654	48.4733727811	0.550249169435
95.0	0.1833332875	0.00269504206128	0.00183383835377	0	1510329705.3586411	48.1882352941	0.552879291251
94.5	0.187499953125	0.0033105333604	0.00221891134522	0	1510329706.1259496	48.7619047619	0.553571428571
94.0	0.187499953125	0.00309833682132	0.00202884317313	0	1510329706.89353	48.7619047619	0.547619047619
93.5	0.187499953125	0.00316326843995	0.00221063657322	0	1510329707.3527625	48.7619047619	0.553571428571
93.0	0.187499953125	0.00336323462067	0.00235451845118	0	1510329708.117553	48.4733727811	0.550249169435
92.5	0.1833332875	0.00365402330302	0.00244381389192	0	1510329708.8881109	48.4733727811	0.556201550388
92.0	0.187499953125	0.00350447482721	0.00209626494636	0	1510329709.3555105	48.7619047619	0.547619047619
91.5	0.187499953125	0.00601134404988	0.00257225225705	0	1510329710.1203294	48.7619047619	0.547619047619
91.0	0.1833332875	0.0301982830487	0.0085853319315	0	1510329710.963286	48.4733727811	0.556201550388
90.5	0.187499953125	0.0197329457325	0.00653385554394	0	1510329711.3708558	48.7619047619	0.547619047619
90.0	0.187499953125	0.0595910265913	0.016567043762	0	1510329712.2000716	48.7619047619	0.547619047619
89.5	0.1833332875	0.0461339980539	0.0143394852576	0	1510329712.965856	48.4733727811	0.56215393134
89.0	0.187499953125	0.0533261262696	0.01616254584	0	1510329713.372869	48.7619047619	0.553571428571
88.5	0.187499953125	0.0697991634619	0.0173439557071	0	1510329714.187883	48.4733727811	0.556201550388
88.0	0.187499953125	0.105065358349	0.0287662798383	0	1510329714.9585972	48.4733727811	0.556201550388
87.5	0.1833332875	0.122084299963	0.033760825584	0	1510329715.4256127	48.4733727811	0.550249169435
87.0	0.1833332875	0.148647503822	0.0365573334505	0	1510329716.1951723	48.7619047619	0.52380952381
86.5	0.187499953125	0.159862139522	0.0441106609106	0	1510329716.961319	48.4733727811	0.556201550388
86.0	0.187499953125	0.162390272793	0.0465778223168	0	1510329717.376247	48.7619047619	0.553571428571
85.5	0.187499953125	0.183957645331	0.0543137645689	0	1510329718.15134	48.4733727811	0.56215393134
85.0	0.187499953125	0.237772893499	0.0626362140064	0	1510329718.9185984	48.4733727811	0.550249169435
85.0	0.1833332875	0.277005094566	0.07484728464	0	1510329719.3566916	48.4733727811	0.556201550388
84.0	0.187499953125	0.278916582712	0.0708560895369	0	1510329720.1178265	48.4733727811	0.550249169435
83.5	0.1833332875	0.312645556014	0.0794306548409	0	1510329720.8867226	48.4733727811	0.550249169435
83.0	0.1833332875	0.306887584027	0.0776509735868	0	1510329721.4158013	48.4733727811	0.550249169435
82.5	0.187499953125	0.405292162817	0.102911375229	0	1510329722.1826494	48.7619047619	0.547619047619
82.0	0.187499953125	0.389596149157	0.0876566530986	0	1510329722.9444244	48.7619047619	0.52380952381
81.5	0.187499953125	0.384469633227	0.0999812665274	0	1510329723.3574684	48.4733727811	0.556201550388
81.0	0.1833332875	0.479682578953	0.123861351432	0	1510329724.1259263	48.4733727811	0.550249169435
80.5	0.187499953125	0.454969615602	0.121230397326	0	1510329724.891688	48.7619047619	0.553571428571
80.5	0.187499953125	0.502190401518	0.134234615844	0	1510329725.3520703	48.4733727811	0.556201550388
79.5	0.187499953125	0.626560028545	0.167656778663	0	1510329726.1859326	48.4733727811	0.556201550388
79.0	0.187499953125	0.574118924387	0.139509751397	0	1510329726.9709055	48.7619047619	0.547619047619
78.5	0.187499953125	0.647060793051	0.160172657398	0	1510329727.8686593	48.7619047619	0.547619047619
78.0	0.187499953125	0.656854055735	0.155519666984	0	1510329728.3525724	48.7619047619	0.547619047619
77.5	0.187499953125	0.650167498725	0.153251083452	0	1510329729.1115146	48.7619047619	0.547619047619
77.0	0.1833332875	0.746929937314	0.187166223786	0	1510329729.8763795	48.4733727811	0.550249169435
76.5	0.179166621875	0.706762643822	0.184837535729	0	1510329730.3538456	48.4733727811	0.556201550388
76.0	0.187499953125	0.762662202497	0.199347816766	0	1510329731.1232312	48.4733727811	0.550249169435
75.5	0.187499953125	0.838949313746	0.231289048111	0	1510329731.8920968	48.4733727811	0.556201550388
75.5	0.187499953125	0.907960599221	0.248645998404	0	1510329732.359582	48.4733727811	0.556201550388
75.0	0.179166621875	0.881474850856	0.227254647274	0	1510329733.126973	48.4733727811	0.556201550388
74.0	0.1833332875	0.929659311745	0.244983476385	0	1510329733.8946252	48.4733727811	0.556201550388
74.0	0.187499953125	0.892311742734	0.258480007241	0	1510329734.360667	48.4733727811	0.550249169435
73.0	0.187499953125	0.973664286498	0.257660703878	0	1510329735.1314628	48.7619047619	0.553571428571
73.0	0.187499953125	0.951308878982	0.248026294909	0	1510329735.910266	48.4733727811	0.556201550388
72.5	0.187499953125	1.0122742718	0.270999673423	0	1510329736.3563411	48.4733727811	0.550249169435
72.0	0.1833332875	1.0008679834	0.260136166588	0	1510329737.1354613	48.4733727811	0.550249169435
71.5	0.1833332875	1.10261225996	0.294032100237	0	1510329737.9011345	48.4733727811	0.556201550388
71.0	0.187499953125	1.12041958349	0.290886172765	0	1510329738.3580482	48.7619047619	0.547619047619
70.5	0.187499953125	1.16294923697	0.292582395724	0	1510329739.116519	48.7619047619	0.547619047619
69.5	0.187499953125	1.11939342676	0.278678048286	0	1510329739.8805764	48.7619047619	0.547619047619
69.5	0.187499953125	1.15966953482	0.307622306129	0	1510329740.350852	48.4733727811	0.550249169435
69.0	0.1833332875	1.08676682233	0.285197512186	0	1510329741.117773	48.4733727811	0.556201550388
68.5	0.1833332875	1.21466482664	0.298238654498	0	1510329741.9495184	48.4733727811	0.550249169435
68.0	0.187499953125	3.06585215376	0.800048629397	0	1510329742.355516	48.4733727811	0.556201550388
67.5	0.187499953125	1.44154166241	0.370601515801	0	1510329743.122459	48.4733727811	0.550249169435
67.0	0.187499953125	1.3766396131	0.350802459252	0	1510329743.8889093	48.1882352941	0.552879291251
66.5	0.187499953125	1.34741063181	0.343555597465	0	1510329744.3580487	48.4733727811	0.550249169435
66.0	0.187499953125	1.4014076245	0.341738191898	0	1510329745.1230257	48.4733727811	0.550249169435
65.5	0.187499953125	1.37281660836	0.352226973208	0	1510329745.8849518	48.1882352941	0.552879291251
65.0	0.187499953125	1.33404346991	0.445314746614	0	1510329746.3627608	48.1882352941	0.552879291251
64.5	0.1833332875	1.35939338554	0.355777815478	0	1510329747.12276	48.1882352941	0.552879291251
64.0	0.187499953125	1.50431052136	0.374199291657	0	1510329747.8853965	48.1882352941	0.552879291251
63.5	0.1833332875	1.5270384359	0.385794464797	0	1510329748.3561156	48.1882352941	0.552879291251
63.0	0.187499953125	1.51333117437	0.385772027793	0	1510329749.1229937	48.1882352941	0.552879291251
62.5	0.187499953125	1.57219579196	0.421176626892	0	1510329749.892411	48.1882352941	0.552879291251
62.5	0.187499953125	1.50993617652	0.374561665854	0	1510329750.360312	48.1882352941	0.547065337763
62.0	0.187499953125	1.76935140951	0.448745251694	0	1510329751.1251109	48.4733727811	0.550249169435
61.0	0.187499953125	1.52493907745	0.387244432158	0	1510329751.9040432	48.1882352941	0.552879291251
60.5	0.1833332875	1.61455443967	0.415137745774	0	1510329752.3550708	48.4733727811	0.550249169435
60.0	0.187499953125	1.54749790109	0.409711705311	0	1510329753.130919	48.1882352941	0.558831672204
59.5	0.187499953125	1.7470584286	0.421310072113	0	1510329753.8976045	48.1882352941	0.547065337763
59.5	0.187499953125	1.70827414558	0.530586014672	0	1510329754.358608	48.1882352941	0.552879291251
58.5	0.187499953125	1.75395071094	0.431999679153	0	1510329755.1240964	48.4733727811	0.550249169435
58.0	0.1833332875	1.76164673724	0.432443857738	0	1510329755.8900874	48.4733727811	0.550249169435
58.0	0.187499953125	1.83373119059	0.451008300583	0	1510329756.357293	48.4733727811	0.550249169435
57.5	0.187499953125	1.76214521473	0.453479559009	0	1510329757.126233	48.4733727811	0.556201550388
56.5	0.1833332875	1.87369255152	0.483197752036	0	1510329757.894087	48.1882352941	0.552879291251
56.5	0.1833332875	1.81031471836	0.487562869126	0	1510329758.35167	48.1882352941	0.552879291251
55.5	0.187499953125	2.03038054654	0.525898032918	0	1510329759.1160607	48.4733727811	0.550249169435
55.0	0.187499953125	2.02345922157	0.487356532245	0	1510329759.886679	48.4733727811	0.550249169435
55.0	0.187499953125	1.86215765412	0.490404859007	0	1510329760.3542914	48.4733727811	0.550249169435
55.0	0.187499953125	1.82778481099	0.491087685546	0	1510329761.122578	48.4733727811	0.556201550388
55.0	0.179166621875	2.10849306262	0.539329289709	0	1510329761.8891575	48.1882352941	0.552879291251
55.0	0.187499953125	2.29581421233	0.677332894204	0	1510329762.3523743	48.4733727811	0.556201550388
55.0	0.1833332875	1.95818505176	0.498483917662	0	1510329763.1130195	48.4733727811	0.556201550388
55.0	0.187499953125	2.09717176356	0.579223457137	0	1510329763.882156	48.4733727811	0.556201550388
55.0	0.187499953125	2.04937388131	0.568998352057	0	1510329764.3616886	48.4733727811	0.556201550388
54.5	0.187499953125	2.07418751564	0.530312196571	0	1510329765.128011	48.1882352941	0.552879291251
54.0	0.187499953125	2.27269986997	0.552072211352	0	1510329765.8990183	48.4733727811	0.544435215947
53.5	0.187499953125	2.25826448608	0.559537989648	0	1510329766.355977	48.4733727811	0.550249169435
53.0	0.1833332875	2.24509381195	0.579886220526	0	1510329767.1216755	48.4733727811	0.550249169435
52.5	0.187499953125	2.34801045288	0.604234498874	0	1510329767.9007149	48.1882352941	0.552879291251
52.0	0.1833332875	2.17244247683	0.584352298315	0	1510329768.3595777	48.1882352941	0.552879291251
51.5	0.1833332875	2.23278295722	0.544341623496	0	1510329769.1252549	48.4733727811	0.550249169435
51.0	0.1833332875	2.25207208655	0.590297208716	0	1510329769.893982	48.4733727811	0.556201550388
50.5	0.187499953125	2.18380643411	0.588287682441	0	1510329770.3611794	48.4733727811	0.556201550388
50.0	0.1833332875	2.20324909306	0.570628595776	0	1510329771.1320627	48.4733727811	0.550249169435
49.5	0.1833332875	2.54961278299	0.637384440609	0	1510329771.8970075	48.7619047619	0.547619047619
49.0	0.187499953125	2.32592475242	0.607780550593	0	1510329772.3549662	48.7619047619	0.547619047619
48.5	0.187499953125	2.41985080906	0.604677410839	0	1510329773.1198869	48.7619047619	0.547619047619
48.0	0.187499953125	2.41199219429	0.543647914718	0	1510329773.88675	48.4733727811	0.520764119601
47.5	0.1833332875	2.33874201802	0.627406874938	0	1510329774.3566122	48.4733727811	0.550249169435
47.0	0.187499953125	2.56501194837	0.626988845206	0	1510329775.1254692	48.4733727811	0.550249169435
46.5	0.187499953125	2.53887505723	0.691337320648	0	1510329775.8914385	48.4733727811	0.556201550388
46.0	0.187499953125	1.52693016184	1.25977698328	0	1510329776.3512988	48.4733727811	0.52657807309
45.5	0.187499953125	2.56777357458	0.668710847969	0	1510329777.1263037	48.4733727811	0.556201550388
45.0	0.187499953125	2.5961994934	0.677408158661	0	1510329777.8820274	48.4733727811	0.556201550388
44.5	0.187499953125	2.63374806126	0.785385294314	0	1510329778.3538458	48.4733727811	0.550249169435
44.0	0.187499953125	2.65148616049	0.685062515467	0	1510329779.1220047	48.1882352941	0.552879291251
43.5	0.1833332875	2.77054239853	0.714303087206	0	1510329779.8887627	48.4733727811	0.556201550388
43.0	0.187499953125	2.89085753939	0.779046386114	0	1510329780.3566935	48.4733727811	0.550249169435
42.5	0.187499953125	2.75113001022	0.685225086064	0	1510329781.1256597	48.1882352941	0.552879291251
42.0	0.187499953125	2.66400759905	0.617855693086	0	1510329781.894433	47.9064327485	0.543881506091
41.5	0.1833332875	2.7923052136	0.942543767224	0	1510329782.3613954	47.6279069767	0.546511627907
41.0	0.187499953125	2.80766814759	0.685344094587	0	1510329783.1289597	47.9064327485	0.549695459579
40.5	0.1833332875	3.01992127606	0.699906794186	0	1510329783.9591637	47.2615384615	0.523079633545
40.0	0.187499953125	5.71416167687	1.26304383523	0	1510329784.3672166	47.2615384615	0.51532769556
39.5	0.1833332875	3.06810820733	0.682718051746	0	1510329785.1350887	47.0804597701	0.517177589852
39.0	0.187499953125	2.9855184613	0.73845905623	0	1510329785.904016	47.0804597701	0.52299154334
39.0	0.187499953125	2.88593944946	0.643226118782	0	1510329786.3578541	47.0804597701	0.517177589852
38.0	0.1833332875	2.94701532785	0.673152563809	0	1510329787.123593	47.2615384615	0.51532769556
37.5	0.187499953125	3.0433415761	0.743120921326	0	1510329787.8875961	47.2615384615	0.523079633545
37.0	0.187499953125	3.15790596165	0.741539026217	0	1510329788.3516428	47.2615384615	0.523079633545
36.5	0.187499953125	3.03538369133	0.769726161737	0	1510329789.118041	47.6279069767	0.527131782946
36.0	0.187499953125	3.20095458191	0.756559543811	0	1510329789.885348	47.2615384615	0.523079633545
35.5	0.187499953125	2.92958466965	0.720864464033	0	1510329790.3542166	47.6279069767	0.519379844961
35.0	0.187499953125	3.30499519059	0.698024353366	0	1510329791.1192117	47.6279069767	0.511627906977
34.5	0.187499953125	3.24974668386	0.719890764511	0	1510329791.8788316	47.6279069767	0.540697674419
34.5	0.187499953125	3.16125667066	0.926006406654	0	1510329792.3568275	47.6279069767	0.53488372093
34.0	0.187499953125	3.03779634823	0.824717335137	0	1510329793.1258616	47.6279069767	0.558139534884
33.0	0.1833332875	3.42814583694	0.728172445982	0	1510329793.8918037	47.6279069767	0.511627906977
32.5	0.187499953125	3.33695894967	0.995488264042	0	1510329794.3517354	47.2615384615	0.51532769556
32.0	0.1833332875	3.35521107414	0.861451330246	0	1510329795.114136	47.2615384615	0.523079633545
31.5	0.187499953125	3.28894504671	0.777152808693	0	1510329795.874247	47.6279069767	0.546511627907
31.5	0.187499953125	3.1311352571	0.738463504059	0	1510329796.3632286	47.9064327485	0.543881506091
31.0	0.187499953125	3.401768098	0.758521425695	0	1510329797.131199	47.9064327485	0.538067552602
30.0	0.187499953125	3.474333177	0.827471752824	0	1510329797.8890123	47.9064327485	0.549695459579
30.0	0.187499953125	3.67322557742	0.882881870781	0	1510329798.3579402	47.9064327485	0.543881506091
29.5	0.187499953125	3.48251693564	0.82296442356	0	1510329799.137957	47.6279069767	0.546511627907
28.5	0.187499953125	3.67472201397	0.744278382822	0	1510329799.8996882	47.6279069767	0.53488372093
28.5	0.187499953125	3.43041224781	0.871074832341	0	1510329800.3613267	47.6279069767	0.546511627907
27.5	0.187499953125	3.7253943678	0.880967682224	0	1510329801.130523	47.9064327485	0.543881506091
27.0	0.187499953125	3.46826940629	0.867189438787	0	1510329801.8962514	47.6279069767	0.552325581395
27.0	0.187499953125	3.40245476222	0.994248015374	0	1510329802.3540113	47.2615384615	0.530831571529
26.5	0.1833332875	3.6683349843	0.836326467427	0	1510329803.1192765	47.6279069767	0.511627906977
26.0	0.187499953125	3.71626057554	0.91819278275	0	1510329803.8880801	47.6279069767	0.527131782946
25.5	0.187499953125	3.9513380435	1.18765315175	0	1510329804.3547804	47.6279069767	0.511627906977
25.0	0.187499953125	3.80362877418	0.969497676797	0	1510329805.1220384	47.2615384615	0.523079633545
24.5	0.187499953125	3.91864879492	0.877798787946	0	1510329805.885799	47.6279069767	0.519379844961
24.0	0.1833332875	3.73366003525	0.8843683933	0	1510329806.3507226	47.6279069767	0.511627906977
23.5	0.187499953125	3.9834629045	1.1171937166	0	1510329807.1156828	47.6279069767	0.53488372093
23.0	0.187499953125	3.75260010227	0.938378904367	0	1510329807.8853788	47.6279069767	0.527131782946
22.5	0.187499953125	3.97895228852	0.988551181488	0	1510329808.3545477	47.9064327485	0.538067552602
22.0	0.187499953125	4.14763301671	1.07728116677	0	1510329809.1222992	47.6279069767	0.527131782946
21.5	0.187499953125	4.24381082024	0.940106294765	0	1510329809.890219	47.6279069767	0.540697674419
21.0	0.187499953125	4.20923807812	1.0200041826	0	1510329810.3572664	47.6279069767	0.53488372093
20.5	0.187499953125	3.97500474546	1.12003369702	0	1510329811.1250367	47.6279069767	0.53488372093
20.0	0.187499953125	4.41688436984	1.21734469175	0	1510329811.8839567	47.6279069767	0.53488372093
19.5	0.1833332875	4.40383543365	1.36454967974	0	1510329812.3619778	47.2615384615	0.523079633545
19.0	0.187499953125	4.51593024357	1.07126340471	0	1510329813.1284528	47.6279069767	0.527131782946
18.5	0.187499953125	4.57864905793	1.0238486621	0	1510329813.8977096	47.2615384615	0.523079633545
18.0	0.187499953125	4.87037193167	1.16830831339	0	1510329814.3546243	47.6279069767	0.519379844961
17.5	0.1833332875	4.77598666757	1.29010001757	0	1510329815.120571	47.6279069767	0.53488372093
17.0	0.187499953125	4.88542979333	1.35919272305	0	1510329815.8892674	47.6279069767	0.53488372093
16.5	0.1833332875	5.06014779459	1.45072255568	0	1510329816.358236	47.9064327485	0.555509413068
16.0	0.187499953125	5.34521747586	1.08409536015	0	1510329817.1230772	47.6279069767	0.53488372093
15.5	0.1833332875	5.54680773011	1.28036726299	0	1510329817.8940017	47.6279069767	0.511627906977
15.0	0.187499953125	5.75874039038	1.44432887996	0	1510329818.3600383	47.6279069767	0.53488372093
14.5	0.187499953125	10.6515351202	2.34595130671	0	1510329819.189754	47.6279069767	0.540697674419
14.0	0.187499953125	6.17869977262	1.65395443698	0	1510329819.9545596	47.6279069767	0.558139534884
13.5	0.187499953125	6.70009068076	1.34777899838	0	1510329820.3626049	47.6279069767	0.53488372093
13.0	0.187499953125	7.26983432809	2.04514629659	0	1510329821.120445	47.6279069767	0.53488372093
12.5	0.187499953125	8.04795195221	1.60436117145	0	1510329821.8889458	47.6279069767	0.53488372093
12.0	0.187499953125	8.22246881679	1.64638054625	0	1510329822.357428	47.6279069767	0.53488372093
11.5	0.187499953125	8.61170440125	2.38867797344	0	1510329823.1261973	47.6279069767	0.53488372093
11.0	0.187499953125	8.50854929619	2.34633354733	0	1510329823.8919935	47.6279069767	0.53488372093
10.5	0.187499953125	6.78176398113	1.45541543696	0	1510329824.3512042	47.6279069767	0.511627906977
10.0	0.187499953125	0.154558365919	0.038156956945	0	1510329825.119008	47.9064327485	0.543881506091
9.5	0.187499953125	0.0353107256356	0.0411790285106	0	1510329825.944493	47.9064327485	0.549695459579
9.0	0.187499953125	0.0	0.0	0	1510329826.3532534	47.9064327485	0.520487264673
8.5	0.187499953125	0.00106837580128	0.00658591074986	0	1510329827.1836407	47.6279069767	0.546511627907
8.0	0.187499953125	0.00709033436187	0.00956978077892	0	1510329827.9514947	47.9064327485	0.520487264673
8.0	0.1833332875	0.00610987670173	0.00891499320659	0	1510329828.421377	47.9064327485	0.543881506091
7.0	0.187499953125	0.00336891559487	0.00430096173357	0	1510329829.1862538	47.9064327485	0.526301218162
6.5	0.1833332875	0.00025288186339	0.00183377950944	0	1510329830.0251336	47.9064327485	0.549695459579
6.0	0.187499953125	0.00170204831043	0.00283014970341	0	1510329830.9209862	47.6279069767	0.55233816571
5.5	0.187499953125	0.000727563920673	0.00134505076545	0	1510329831.3584971	47.9064327485	0.549695459579
5.0	0.187499953125	0.00119996408747	0.00227864519573	0	1510329832.1979246	47.9064327485	0.549695459579
4.5	0.187499953125	0.00230425668582	0.00267109710624	0	1510329832.9658144	48.0	0.539128829827
4.0	0.187499953125	0.00236819959004	0.00265158164589	0	1510329833.4346309	47.9064327485	0.543881506091
3.5	0.1833332875	0.00350977912598	0.00289167248398	0	1510329834.2005036	48.0	0.554632705795
3.0	0.187499953125	0.00231439142095	0.00142443927145	0	1510329835.038393	47.9064327485	0.543881506091
2.0	0.1833332875	0.0365648412861	0.00371539877698	0	1510329835.9138212	48.1882352941	0.547065337763
1.5	0.1833332875	0.0683574630796	0.00064930462245	0	1510329836.3512568	48.1882352941	0.552879291251
1.0	0.1833332875	0.0109259231944	0.0	0	1510329837.1720617	48.1882352941	0.552879291251
0.5	0.187499953125	0.0932416433563	0.0	0	1510329837.9439697	48.0	0.546880767811
0.5	0.1833332875	0.198114428586	0.0	0	1510329838.410732	48.1882352941	0.552879291251

#$Filter:1
#$	0	1	 1
#$	1	op06	 0.251188643150958
#$	2	op09	0.12848931924611138
#$	3	op18*op18*op18	3.9810717055349725e-06
#$	4	ns12	1e-7
#$	5	0	 1e-22
#$POWER:47.7, mW
#$WAVELENGTH:532,nm
#$OBJECT:SiNW22, on wires	=	=	=	=	=	=	=	=
angle	ref	signal	signal_std	filter	Time	freq	duty_cycle
360.0	0.1833332875	6.98999112999	1.85779325742	0	1510329847.8604543	48.4733727811	0.556201550388
359.0	0.187499953125	6.36338510093	1.66292824821	0	1510329848.8573847	48.1882352941	0.552879291251
358.0	0.187499953125	6.02111672834	1.49640396288	0	1510329849.864118	47.9064327485	0.549695459579
357.5	0.187499953125	5.44122371092	1.36792976669	0	1510329850.868973	48.1882352941	0.552879291251
357.0	0.1833332875	5.34162971872	1.31821507821	0	1510329851.8563912	48.1882352941	0.547065337763
356.0	0.187499953125	5.38400110792	1.40759749318	0	1510329852.8647654	48.1882352941	0.552879291251
355.0	0.187499953125	5.03657281493	1.22807318571	0	1510329853.8735065	48.1882352941	0.552879291251
354.5	0.187499953125	4.29327776021	1.12525061194	0	1510329854.8630364	48.1882352941	0.552879291251
353.5	0.187499953125	4.46246963711	1.1709737277	0	1510329855.864212	48.1882352941	0.552879291251
353.0	0.1833332875	4.71406505569	1.11419213116	0	1510329856.8600674	47.9064327485	0.543881506091
352.0	0.187499953125	4.48671540254	1.09989287301	0	1510329857.8649185	47.9064327485	0.549695459579
351.5	0.187499953125	4.27910149433	1.0267308236	0	1510329858.8596597	47.9064327485	0.549695459579
351.0	0.187499953125	4.15659440245	1.01626496005	0	1510329859.8607337	47.9064327485	0.549695459579
