
#$Filter:op09
#$	0	1	 1
#$	1	op06	0.251188643150958
#$	2	op09	0.02848931924611138
#$	3	op18*op18*op18	3.9810717055349725e-06
#$	4	ns12	1e-7
#$	5	0	 1e-22
#$POWER:47.4, mW
#$WAVELENGTH:532,nm
#$OBJECT:ZnO2, bscat, on wires	=	=	=	=	=	=	=	=	=	=	=
angle	ref	signal	signal_std	filter	Time	freq	duty_cycle
283.0	0.181249954688	0.0027059997206	0.00219474745425	2	1510584854.373331	52.178343949	0.560576923077
283.0	0.181249954688	0.00304869915257	0.00203285423935	2	1510584855.144342	52.5128205128	0.538461538462
282.5	0.181249954688	0.00312111335632	0.00195818061721	2	1510584855.9073324	52.178343949	0.547756410256
282.0	0.181249954688	0.00259018386806	0.00246535134518	2	1510584856.3692596	51.8481012658	0.544230769231
281.5	0.181249954688	0.00561070163283	0.00289794506443	2	1510584857.21011	51.8481012658	0.550641025641
281.0	0.364583242188	0.0152981679124	0.0117841392692	2	1510584857.9868724	nan	nan
280.5	0.181249954688	0.0140055735635	0.00627401447173	2	1510584858.8728974	52.178343949	0.554166666667
280.0	0.181249954688	0.0162822671713	0.00693883779084	2	1510584859.3683743	52.5128205128	0.557692307692
279.5	0.181249954688	0.0217259216876	0.00704432999098	2	1510584860.1335833	52.178343949	0.541346153846
279.5	0.181249954688	0.0186291691137	0.010050180069	2	1510584860.9704657	52.178343949	0.547756410256
279.0	0.364583242188	0.0266578401547	0.0223460505103	2	1510584861.3844986	52.5128205128	0.666666666667
278.5	0.181249954688	0.0224378418491	0.00714174130654	2	1510584862.1663144	52.178343949	0.560576923077
278.0	0.181249954688	0.0248998458292	0.00834631409821	2	1510584862.933268	52.178343949	0.547756410256
278.0	0.181249954688	0.0200776239488	0.0117653257628	2	1510584863.3760045	52.178343949	0.522275641026
277.0	0.1833332875	0.0249258370225	0.00866014240053	2	1510584864.140938	52.0677966102	0.525427350427
276.5	0.179166621875	0.0255605094829	0.00750948463532	2	1510584864.9015307	52.178343949	0.541346153846
276.5	0.181249954688	0.0270244921935	0.0105973882644	2	1510584865.3683107	52.178343949	0.547756410256
276.0	0.181249954688	0.0282239477318	0.00828175152877	2	1510584866.1336386	52.5128205128	0.551282051282
275.5	0.181249954688	0.0285100221425	0.00820604580836	2	1510584866.9015343	51.8481012658	0.544230769231
275.5	0.181249954688	0.0280264266851	0.00934333650096	2	1510584867.3724258	51.5220125786	0.515705128205
275.0	0.181249954688	0.0320833253125	0.00818309787721	2	1510584868.15247	51.5220125786	0.515705128205
274.0	0.181249954688	0.0344280348713	0.00924528838178	2	1510584868.9212513	51.5220125786	0.515705128205
274.0	0.181249954688	0.0347076526134	0.0090390205796	2	1510584869.3772545	52.0677966102	0.533974358974
273.5	0.181249954688	0.0364991937738	0.00958794953355	2	1510584870.143044	51.8481012658	0.51266025641
273.0	0.181249954688	0.0375294471394	0.00891500010813	2	1510584870.9114928	51.5220125786	0.509455128205
273.0	0.185416620313	0.0356651118775	0.0164069280333	2	1510584871.3684084	52.0677966102	0.542307692308
272.5	0.185416620313	0.0387764498975	0.0100053592962	2	1510584872.1256416	51.6302521008	0.546153846154
272.0	0.181249954688	0.0425080257565	0.0112212960898	2	1510584872.9037287	51.5220125786	0.515705128205
271.5	0.181249954688	0.0330282848117	0.0185984493409	2	1510584873.3711183	51.2	0.51875
271.0	0.181249954688	0.0430480120801	0.0103289516059	2	1510584874.136409	51.5220125786	0.509455128205
270.5	0.181249954688	0.0462059815295	0.0117707675649	2	1510584874.8985507	51.5220125786	0.515705128205
270.5	0.181249954688	0.0436704600969	0.0158881117823	2	1510584875.436353	51.5220125786	0.509455128205
270.0	0.366666575	0.0836939566675	0.0391111404086	2	1510584876.213083	51.6302521008	0.596581196581
269.5	0.185416620313	0.0522498860323	0.0127461448041	2	1510584876.9725664	51.6302521008	0.546153846154
269.0	0.181249954688	0.0378144833	0.0252228669115	2	1510584877.3806317	51.8481012658	0.51266025641
268.5	0.181249954688	0.0543306950787	0.0142465441814	2	1510584878.1448143	51.5220125786	0.521955128205
268.0	0.181249954688	0.0559822323812	0.0145008009502	2	1510584878.902717	51.5220125786	0.521955128205
268.0	0.181249954688	0.0585044327346	0.0153327113959	2	1510584879.3715997	51.5220125786	0.521955128205
267.5	0.181249954688	0.0587177740028	0.0140302389414	2	1510584880.1406329	51.5220125786	0.515705128205
267.0	0.181249954688	0.0691022984958	0.0178839134727	2	1510584880.900274	51.5220125786	0.515705128205
266.5	0.181249954688	0.0617965795329	0.0219678089767	2	1510584881.3741055	51.8481012658	0.51266025641
266.0	0.181249954688	0.0714285844608	0.0154038364347	2	1510584882.1327946	51.5220125786	0.509455128205
265.5	0.181249954688	0.075077850083	0.0189929738272	2	1510584882.901799	51.5220125786	0.515705128205
265.5	0.181249954688	0.0732530015314	0.0224560990677	2	1510584883.3789742	51.5220125786	0.521955128205
265.0	0.181249954688	0.073266788406	0.0181977493673	2	1510584884.1379533	51.5220125786	0.521955128205
264.5	0.181249954688	0.0817184789976	0.0222013909412	2	1510584884.9159582	51.2	0.525
264.0	0.181249954688	0.0887908895078	0.0265754035349	2	1510584885.3717396	51.2	0.525
264.0	0.181249954688	0.0929233870079	0.0221463776054	2	1510584886.1625152	51.5220125786	0.515705128205
263.0	0.181249954688	0.102125706218	0.0260047918093	2	1510584886.9427006	51.2	0.525
263.0	0.181249954688	0.102218968362	0.0264349818693	2	1510584887.3882878	51.5220125786	0.515705128205
262.5	0.181249954688	0.0992212667182	0.0248607159652	2	1510584888.1514485	51.5220125786	0.521955128205
262.5	0.181249954688	0.101442927183	0.0271675151619	2	1510584888.9102333	51.2	0.525
262.0	0.181249954688	0.0919366067402	0.0309716120215	2	1510584889.376102	51.2	0.525
262.0	0.279166596875	0.290192103449	0.090335795916	2	1510584890.2099762	51.2	0.525
261.5	0.181249954688	0.131094905201	0.0334435820195	2	1510584890.9769902	51.2	0.525
261.5	0.181249954688	0.1179415687	0.0348592922042	2	1510584891.380914	51.2	0.525
261.0	0.181249954688	0.144921682457	0.0368785908732	2	1510584892.1415887	51.2	0.525
261.0	0.179166621875	0.157618103875	0.03211051403	2	1510584892.9065824	51.2	0.5
260.5	0.181249954688	0.147381478046	0.0380577477972	2	1510584893.3724074	51.2	0.51875
260.5	0.181249954688	0.150666272875	0.0393264457937	2	1510584894.1439488	51.2	0.525
260.0	0.181249954688	0.146234392136	0.0355603231933	2	1510584894.9103382	51.5220125786	0.521955128205
260.0	0.181249954688	0.163427257253	0.0404505256139	2	1510584895.3691869	51.5220125786	0.521955128205
259.5	0.181249954688	0.187244851148	0.0445361592393	2	1510584896.133229	51.5220125786	0.521955128205
259.0	0.181249954688	0.169949306024	0.0428721309584	2	1510584896.9038599	51.2	0.525
259.0	0.181249954688	0.185590501662	0.0685165130173	2	1510584897.3735368	51.5220125786	0.515705128205
259.0	0.181249954688	0.258618886958	0.0597650608539	2	1510584898.1398652	51.5220125786	0.515705128205

#$Filter:op09
#$	0	1	 1
#$	1	op06	0.251188643150958
#$	2	op09	0.02848931924611138
#$	3	op18*op18*op18	3.9810717055349725e-06
#$	4	ns12	1e-7
#$	5	0	 1e-22
#$POWER:47.4, mW
#$WAVELENGTH:532,nm
#$OBJECT:ZnO2, bscat, on wires	=	=	=	=	=	=	=	=	=	=	=
angle	ref	signal	signal_std	filter	Time	freq	duty_cycle
258.5	0.181249954688	0.229926324987	0.0509521290887	2	1510584904.801338	51.5220125786	0.509455128205
258.0	0.181249954688	0.305914778594	0.0648245333274	2	1510584905.7976425	51.6302521008	0.537820512821
258.0	0.181249954688	0.350413861672	0.0662562200397	2	1510584906.793148	51.8481012658	0.51266025641
257.5	0.364583242188	0.047782120691	0.377019832386	2	1510584907.8838804	nan	nan
257.5	0.1833332875	0.557345632881	0.106791921442	2	1510584908.7979016	51.5220125786	0.509455128205

#$Filter:op09
#$	0	1	 1
#$	1	op06	0.251188643150958
#$	2	op09	0.02848931924611138
#$	3	op18*op18*op18	3.9810717055349725e-06
#$	4	ns12	1e-7
#$	5	0	 1e-22
#$POWER:47.4, mW
#$WAVELENGTH:532,nm
#$OBJECT:ZnO2, bscat, on wires	=	=	=	=	=	=	=	=	=	=	=
angle	ref	signal	signal_std	filter	Time	freq	duty_cycle
257.0	0.181249954688	0.72034700665	0.206542058207	2	1510584911.3759193	50.7768595041	0.537195121951
257.0	0.181249954688	0.528043724635	0.129724685898	2	1510584912.1447532	51.2	0.525
257.0	0.181249954688	0.483718366465	0.109057128703	2	1510584912.9096403	51.2	0.51875
256.5	0.181249954688	0.54969496703	0.151573078993	2	1510584913.3705232	51.2	0.525
256.5	0.181249954688	0.815801116578	0.183833473845	2	1510584914.1480439	51.2	0.51875
256.5	0.181249954688	1.21441289619	0.258790735119	2	1510584914.9157944	51.2	0.5125
256.5	0.179166621875	1.41532077462	0.357659776934	2	1510584915.4223108	51.2	0.525

#$Filter:op09
#$	0	1	 1
#$	1	op06	0.251188643150958
#$	2	op09	0.02848931924611138
#$	3	op18*op18*op18	3.9810717055349725e-06
#$	4	ns12	1e-7
#$	5	0	 1e-22
#$POWER:47.4, mW
#$WAVELENGTH:532,nm
#$OBJECT:ZnO2, bscat, on wires	=	=	=	=	=	=	=	=	=	=	=
angle	ref	signal	signal_std	filter	Time	freq	duty_cycle
256.0	0.181249954688	2.07576342987	0.449143366895	2	1510584919.308669	51.2	0.51875
256.0	0.181249954688	2.44466784761	0.548740368337	2	1510584920.0786343	51.5220125786	0.515705128205
255.5	0.181249954688	3.088608465	0.576667131186	2	1510584920.8423028	51.5220125786	0.509455128205
255.5	0.181249954688	3.09979761215	1.30274343676	2	1510584921.3102884	51.2	0.51875
255.5	0.181249954688	3.9039342092	0.311317927336	2	1510584922.128247	51.5220125786	0.515705128205
255.0	0.364583242188	5.20386774665	3.77232576866	2	1510584922.8970256	nan	nan

#$Filter:op18*op18*op18
#$	0	1	 1
#$	1	op06	0.251188643150958
#$	2	op09	0.02848931924611138
#$	3	op18*op18*op18	3.9810717055349725e-06
#$	4	ns12	1e-7
#$	5	0	 1e-22
#$POWER:47.4, mW
#$WAVELENGTH:532,nm
#$OBJECT:ZnO2, bscat, on wires	=	=	=	=	=	=	=	=	=	=	=
angle	ref	signal	signal_std	filter	Time	freq	duty_cycle
255.0	0.181249954688	0.0137927315946	0.00461186717679	3	1510584939.801555	51.5220125786	0.515705128205
255.0	0.1833332875	0.00661029457981	0.00314777261826	3	1510584940.7994013	51.6302521008	0.546153846154
254.5	0.0	nan	0.000591823217227	3	1510584941.866334	nan	nan

#$Filter:op18*op18*op18
#$	0	1	 1
#$	1	op06	0.251188643150958
#$	2	op09	0.02848931924611138
#$	3	op18*op18*op18	3.9810717055349725e-06
#$	4	ns12	1e-7
#$	5	0	 1e-22
#$POWER:47.4, mW
#$WAVELENGTH:532,nm
#$OBJECT:ZnO2, bscat, on wires	=	=	=	=	=	=	=	=	=	=	=
angle	ref	signal	signal_std	filter	Time	freq	duty_cycle
255.0	0.181249954688	0.00394592130461	0.00283809147436	3	1510584958.4126174	51.5220125786	0.515705128205
255.0	0.368749907812	0.0107902271875	0.00352976246055	3	1510584959.182519	nan	nan
255.0	0.181249954688	0.00254444954754	0.00114839540124	3	1510584960.0213778	51.8481012658	0.544230769231
255.0	0.179166621875	0.0061826190871	0.00306186436268	3	1510584960.919321	52.178343949	0.541346153846
255.0	0.364583242188	0.0154297988712	0.011166458979	3	1510584961.3548663	52.178343949	0.566826923077
255.0	0.181249954688	0.0119295015803	0.00477511992186	3	1510584962.124063	52.178343949	0.541346153846
255.0	0.181249954688	0.0114104982978	0.00400176401318	3	1510584962.8909304	51.5220125786	0.509455128205
255.0	0.181249954688	0.00694731710375	0.00570415738817	3	1510584963.3493843	51.6302521008	0.537820512821
255.0	0.185416620313	0.0118727568884	0.00410455083394	3	1510584964.1107345	52.0677966102	0.542307692308
255.0	0.181249954688	0.0127583152069	0.00472536519283	3	1510584964.8845146	52.178343949	0.541346153846
255.0	0.181249954688	0.0113628399459	0.00566393213317	3	1510584965.3535628	52.178343949	0.554166666667
255.0	0.181249954688	0.0129951606949	0.00489738487803	3	1510584966.1195486	52.178343949	0.528685897436
255.0	0.181249954688	0.0136263883519	0.00483289423084	3	1510584966.8785102	51.8481012658	0.544230769231
255.0	0.1833332875	0.0132016847005	0.0048744104882	3	1510584967.355795	52.0677966102	0.542307692308
255.0	0.181249954688	0.0132830401575	0.00435845684359	3	1510584968.1257787	51.6302521008	0.546153846154
255.0	0.181249954688	0.0139423234452	0.00443570614877	3	1510584968.8817239	51.8481012658	0.544230769231
255.0	0.181249954688	0.0124494092808	0.00548185591311	3	1510584969.350002	52.178343949	0.554166666667
255.0	0.181249954688	0.0121005937353	0.00451454614695	3	1510584970.1139941	52.178343949	0.547756410256
255.0	0.181249954688	0.00776160270146	0.00324278479265	3	1510584970.8706326	51.8481012658	0.550641025641
255.0	0.1833332875	0.00345219521705	0.00350044653099	3	1510584971.3525336	52.0677966102	0.533974358974
254.5	0.181249954688	0.000429603473162	0.000626950066686	3	1510584972.1916566	52.5128205128	0.525641025641
254.5	0.181249954688	0.000965082368166	0.00160056634056	3	1510584972.9655712	52.5128205128	0.525641025641

#$Filter:op09
#$	0	1	 1
#$	1	op06	0.251188643150958
#$	2	op09	0.02848931924611138
#$	3	op18*op18*op18	3.9810717055349725e-06
#$	4	ns12	1e-7
#$	5	0	 1e-22
#$POWER:47.4, mW
#$WAVELENGTH:532,nm
#$OBJECT:ZnO2, bscat, on wires	=	=	=	=	=	=	=	=	=	=	=
angle	ref	signal	signal_std	filter	Time	freq	duty_cycle
254.5	0.364583242188	1.60713197221	0.831023047979	2	1510584989.9398377	52.178343949	0.611538461538
254.5	0.181249954688	1.44258527723	0.803806881872	2	1510584990.4327722	52.178343949	0.547756410256
254.5	0.181249954688	5.44469791419	1.80675858654	2	1510584991.298812	51.6302521008	0.546153846154
254.5	0.179166621875	1.64998322811	0.979136312781	2	1510584992.0775435	52.178343949	0.547756410256
254.0	0.181249954688	0.142063456548	1.10934453119	2	1510584992.939389	52.5128205128	0.532051282051
254.0	0.181249954688	1.68134878601	0.758692000405	2	1510584993.4324248	52.5128205128	0.551282051282
254.0	0.181249954688	1.30024769081	0.344312321039	2	1510584994.1973126	52.178343949	0.528685897436
254.0	0.185416620313	1.05359809213	0.298060910959	2	1510584994.965045	52.5128205128	0.538461538462
254.0	0.179166621875	0.357194010793	0.442459905727	2	1510584995.4341407	52.8516129032	0.516194331984
254.0	0.364583242188	0.118624919891	0.188382322931	2	1510584996.2669628	60.8316831683	0.656713900135
253.5	0.179166621875	0.619431107725	0.127008746124	2	1510584997.023906	53.5424836601	0.542510121457
253.5	0.179166621875	0.507551282373	0.170653353226	2	1510584997.4386837	53.1948051948	0.545546558704
253.5	0.179166621875	0.457795503798	0.0981013838194	2	1510584998.19864	52.8516129032	0.516194331984
253.5	0.179166621875	0.415470972879	0.0855999400198	2	1510584998.9614635	52.8516129032	0.516194331984
253.5	0.179166621875	0.349934695125	0.125126127277	2	1510584999.4833488	53.1948051948	0.538967611336
253.0	0.366666575	0.10712595747	0.084703528679	2	1510585000.2463577	nan	nan
253.0	0.364583242188	0.0339267707154	0.112173965277	2	1510585001.075707	nan	nan
253.0	0.179166621875	0.241456525266	0.196537053259	2	1510585001.9299362	53.5424836601	0.549089068826
253.0	0.179166621875	0.129296287653	0.217766650415	2	1510585002.4334967	53.5424836601	0.529352226721
252.5	0.177083289063	0.430808899923	0.122622419644	2	1510585003.2278323	54.1798941799	0.529160739687
252.5	0.179166621875	0.21587590511	0.21034413705	2	1510585004.05226	53.8947368421	0.552631578947
252.0	0.179166621875	0.272470016249	0.120278538617	2	1510585004.930311	53.5424836601	0.549089068826
252.0	0.179166621875	0.261550263937	0.0698833092239	2	1510585005.4344926	53.5424836601	0.549089068826
251.5	0.179166621875	0.164603873571	0.121007463072	2	1510585006.213389	53.8947368421	0.526315789474
251.5	0.179166621875	0.264593568407	0.0704011157409	2	1510585006.9813344	53.8947368421	0.526315789474
251.0	0.179166621875	0.208395443781	0.0767824301562	2	1510585007.4238904	53.8947368421	0.526315789474
250.5	0.177083289063	0.198872854516	0.0572304687181	2	1510585008.1911325	53.8947368421	0.526315789474
250.0	0.179166621875	0.200722811428	0.0530800060198	2	1510585008.9718103	54.1798941799	0.523755334282
250.0	0.1833332875	0.128916264573	0.0697428921753	2	1510585009.4300096	53.8947368421	0.526315789474
249.5	0.179166621875	0.161946551724	0.0393339389807	2	1510585010.1957839	54.2516556291	0.523115220484
249.0	0.1833332875	0.151967614663	0.0325243395199	2	1510585010.9746907	53.1948051948	0.532388663968
248.5	0.1833332875	0.072364289951	0.0661393005372	2	1510585011.4321485	52.5128205128	0.538461538462
248.0	0.364583242188	0.00482500728848	0.0348946249545	2	1510585012.2574441	nan	nan
248.0	0.181249954688	0.149953299535	0.0416019426861	2	1510585013.0183759	52.178343949	0.554166666667
247.5	0.1833332875	0.10739274328	0.0403894557985	2	1510585013.4331706	52.5128205128	0.521367521368
247.0	0.1833332875	0.106733998012	0.0315884657509	2	1510585014.1902013	52.5128205128	0.538461538462
246.5	0.179166621875	0.107135656977	0.0271176003712	2	1510585014.9470289	52.8516129032	0.516194331984
246.5	0.179166621875	0.0637091343995	0.046977472841	2	1510585015.4300115	52.8516129032	0.522604588394
246.0	0.185416620313	0.100532784439	0.0299734548456	2	1510585016.1949973	52.5128205128	0.538461538462
245.5	0.1833332875	0.0888842488787	0.0267065172745	2	1510585016.9656076	52.5128205128	0.538461538462
245.0	0.1833332875	0.0919317177767	0.0295673280707	2	1510585017.4328012	52.5128205128	0.538461538462
244.5	0.185416620313	0.0817935040581	0.0229380465804	2	1510585018.1993039	52.0677966102	0.525427350427
244.0	0.179166621875	0.0799385278983	0.0195844596035	2	1510585018.9575214	52.5128205128	0.512820512821
244.0	0.181249954688	0.0791954083724	0.0236820060912	2	1510585019.4359167	52.5128205128	0.525641025641
243.5	0.179166621875	0.0775261298953	0.0188054476691	2	1510585020.2024379	52.8516129032	0.516194331984
243.0	0.181249954688	0.0737262496844	0.017231475283	2	1510585020.9728568	52.8516129032	0.542004048583
242.5	0.179166621875	0.0321740510963	0.0353947291329	2	1510585021.4889305	53.1948051948	0.512989203779
242.0	0.364583242188	0.0260584618002	0.0098425834056	2	1510585022.2660148	52.8516129032	0.561234817814
242.0	0.179166621875	0.0416528389568	0.0290659888062	2	1510585023.0744824	53.5424836601	0.549089068826
241.5	0.179166621875	0.0538810750696	0.0205528368847	2	1510585023.936699	53.5424836601	0.549089068826
241.0	0.179166621875	0.0643793227011	0.0174567857589	2	1510585024.4291754	53.5424836601	0.549089068826
240.5	0.179166621875	0.0617458640748	0.0159549150425	2	1510585025.1934917	53.8947368421	0.552631578947
240.0	0.179166621875	0.0528842578787	0.021147507245	2	1510585025.9775188	53.8947368421	0.526315789474
240.0	0.179166621875	0.052121186174	0.0183794470511	2	1510585026.4333112	53.8947368421	0.526315789474
239.5	0.179166621875	0.0525813309865	0.0150811670704	2	1510585027.2102203	53.8947368421	0.552631578947
239.0	0.179166621875	0.0455060983137	0.0166148902304	2	1510585027.993753	53.8947368421	0.526315789474
238.5	0.179166621875	0.0444712165037	0.0190406469834	2	1510585028.4327273	53.8947368421	0.526315789474
238.0	0.179166621875	0.0459238482895	0.0128511341743	2	1510585029.2390041	53.1948051948	0.519568151147
237.5	0.179166621875	0.0475109082493	0.0117619952717	2	1510585030.0094557	52.5128205128	0.512820512821
237.0	0.181249954688	0.0413568709417	0.0151259539421	2	1510585030.4293926	52.178343949	0.554166666667
236.5	0.179166621875	0.0405374140823	0.0114023613914	2	1510585031.2085712	52.5128205128	0.519230769231
236.0	0.181249954688	0.0388275691507	0.0099384079356	2	1510585031.9786465	52.5128205128	0.512820512821
235.5	0.179166621875	0.0290298466944	0.0167608278863	2	1510585032.4323902	52.8516129032	0.522604588394
235.0	0.181249954688	0.0373807585611	0.00928911744117	2	1510585033.2008543	52.8516129032	0.516194331984
234.5	0.185416620313	0.0383812066593	0.0126903165003	2	1510585033.968164	52.5128205128	0.538461538462
234.0	0.181249954688	0.023026703645	0.0170750653585	2	1510585034.435775	52.8516129032	0.529014844804
233.5	0.366666575	0.00464122077029	0.00842443965734	2	1510585035.2740104	52.5128205128	0.769230769231
233.0	0.179166621875	0.0350946656146	0.00916205224	2	1510585036.033399	52.5128205128	0.512820512821
232.0	0.179166621875	0.029349560787	0.0116207209409	2	1510585036.9317243	52.8516129032	0.516194331984
232.0	0.179166621875	0.0216453798933	0.0135007113876	2	1510585037.436568	53.1948051948	0.512989203779
231.5	0.181249954688	0.0299459707744	0.00844810484226	2	1510585038.2015183	52.8516129032	0.542004048583
230.5	0.1833332875	0.0266974583308	0.00933479719353	2	1510585038.9553852	52.5128205128	0.538461538462
230.5	0.181249954688	0.0238246468216	0.0122120687875	2	1510585039.439312	52.178343949	0.547756410256
229.5	0.1833332875	0.0278095625276	0.00925702071263	2	1510585040.2073367	52.178343949	0.535096153846
229.0	0.179166621875	0.027322956069	0.0075109208562	2	1510585040.9770741	52.8516129032	0.516194331984
229.0	0.179166621875	0.0228295835824	0.00854650827985	2	1510585041.4331155	52.178343949	0.528685897436
228.0	0.1833332875	0.0237588615817	0.00811334178279	2	1510585042.2014663	52.5128205128	0.538461538462
227.5	0.181249954688	0.0251233828944	0.00804719716811	2	1510585042.9708102	52.8516129032	0.522604588394
227.0	0.181249954688	0.0196373500326	0.0099944839727	2	1510585043.43671	52.5128205128	0.525641025641
226.5	0.181249954688	0.0248754439612	0.00686499927066	2	1510585044.2015014	52.8516129032	0.516194331984
226.0	0.181249954688	0.0216974945756	0.00675073160582	2	1510585044.970654	53.1948051948	0.512989203779
225.5	0.179166621875	0.0217999497471	0.00915267271756	2	1510585045.43998	53.1948051948	0.545546558704
225.0	0.179166621875	0.0214815160561	0.0060680678325	2	1510585046.2083051	53.1948051948	0.538967611336
224.5	0.179166621875	0.0207938450306	0.0056992248449	2	1510585046.9883049	53.5424836601	0.549089068826
224.0	0.179166621875	0.017623998443	0.00844212203386	2	1510585047.4327931	53.8947368421	0.552631578947
223.5	0.179166621875	0.0198542329282	0.00630549528842	2	1510585048.2110941	53.5424836601	0.549089068826
223.0	0.179166621875	0.0209027725521	0.00642021146014	2	1510585048.9917276	53.1948051948	0.538967611336
222.5	0.179166621875	0.018005866354	0.00780594286296	2	1510585049.4368014	53.5424836601	0.549089068826
222.0	0.179166621875	0.0198838981629	0.00671713241671	2	1510585050.2024624	53.5424836601	0.555499325236
221.5	0.179166621875	0.0205041324428	0.00604591784101	2	1510585050.960597	53.5424836601	0.542510121457
221.0	0.179166621875	0.0188493132757	0.00660567398705	2	1510585051.4405024	53.5424836601	0.549089068826
220.5	0.179166621875	0.0203308709857	0.00704065327249	2	1510585052.2073839	53.8947368421	0.552631578947
220.0	0.179166621875	0.0200871338815	0.00655104921865	2	1510585052.977259	52.8516129032	0.516194331984
219.5	0.1833332875	0.00970007706172	0.00980514449324	2	1510585053.4333386	52.5128205128	0.538461538462
219.0	0.181249954688	0.0187125939706	0.00629165027342	2	1510585054.2101429	52.5128205128	0.551282051282
218.5	0.181249954688	0.0183130706518	0.00631965688209	2	1510585054.9679642	52.8516129032	0.535425101215
218.0	0.185416620313	0.0198646582904	0.00779038394601	2	1510585055.4339328	52.5128205128	0.538461538462
217.5	0.181249954688	0.0193115031086	0.00607438064113	2	1510585056.1944523	52.5128205128	0.512820512821
217.0	0.179166621875	0.0186923106791	0.00631584671233	2	1510585056.962743	52.8516129032	0.529014844804
216.5	0.181249954688	0.0173076687423	0.00759482729064	2	1510585057.4395893	52.8516129032	0.516194331984
215.5	0.179166621875	0.0190756681979	0.00619353584784	2	1510585058.20539	52.8516129032	0.516194331984
215.0	0.179166621875	0.0189415275227	0.00562889842247	2	1510585058.9783478	53.1948051948	0.519568151147
215.0	0.1833332875	0.0157088195174	0.00713353812192	2	1510585059.4534435	52.9655172414	0.534412955466
214.5	0.179166621875	0.0149103640747	0.00796507052334	2	1510585060.239303	53.5424836601	0.549089068826
213.5	0.181249954688	0.0194775614217	0.00570284071009	2	1510585061.0187702	53.5424836601	0.549089068826
213.5	0.179166621875	0.0191017933354	0.00634915081234	2	1510585061.434016	53.5424836601	0.549089068826
213.0	0.179166621875	0.0200865597789	0.00650291760649	2	1510585062.1907706	53.5424836601	0.549089068826
212.5	0.179166621875	0.0199869763991	0.00686515428575	2	1510585062.9504483	53.5424836601	0.549089068826
212.0	0.179166621875	0.0207152548382	0.00752646545472	2	1510585063.433684	53.8947368421	0.552631578947
211.0	0.179166621875	0.0227856903553	0.00713375048752	2	1510585064.19861	53.8947368421	0.519736842105
210.5	0.177083289063	0.021877125818	0.00744221586704	2	1510585064.9614415	53.8947368421	0.526315789474
210.0	0.177083289063	0.0229142479477	0.00787756491285	2	1510585065.4341204	53.8947368421	0.526315789474
209.5	0.179166621875	0.0227348976979	0.00747243575904	2	1510585066.2008219	53.8947368421	0.526315789474
209.0	0.177083289063	0.0245384280797	0.00739831998253	2	1510585066.9619715	53.8947368421	0.526315789474
209.0	0.1833332875	0.0239951630833	0.00883646630514	2	1510585067.4340982	53.8947368421	0.526315789474
208.0	0.1833332875	0.0273609266636	0.00843903293812	2	1510585068.1928487	53.8947368421	0.526315789474
207.5	0.179166621875	0.00953942643015	0.00677428375522	2	1510585069.0448277	53.5424836601	0.549089068826
207.5	0.179166621875	0.0136640169023	0.00387266290407	2	1510585069.4533207	53.8947368421	0.552631578947
206.5	0.364583242188	0.017699368335	0.0274901266793	2	1510585070.2906868	53.8947368421	0.745614035088
206.0	0.179166621875	0.0205198168765	0.0120906695317	2	1510585071.0635133	53.5424836601	0.52294197031
205.5	0.177083289063	0.0206043568836	0.0128593636642	2	1510585071.9341726	53.8947368421	0.526315789474
205.0	0.181249954688	0.0179287394792	0.0144593737138	2	1510585072.429978	54.2516556291	0.523115220484
204.5	0.1833332875	0.0313624921594	0.00916682624869	2	1510585073.1872175	54.2516556291	0.523115220484
204.0	0.179166621875	0.0317503327199	0.0093784446637	2	1510585073.9520774	53.8947368421	0.521052631579
203.5	0.1833332875	0.0326791265276	0.0127591379913	2	1510585074.4337044	53.8947368421	0.526315789474
203.0	0.1833332875	0.0364704015104	0.00948096857813	2	1510585075.1988957	54.2516556291	0.516536273115
202.0	0.181249954688	0.0329567937551	0.00974201481486	2	1510585075.9584608	54.2516556291	0.523115220484
202.0	0.181249954688	0.0326145485386	0.0120896597268	2	1510585076.4357812	53.8947368421	0.526315789474
201.0	0.181249954688	0.0429437570703	0.0117646185461	2	1510585077.19548	53.8947368421	0.526315789474
200.5	0.181249954688	0.0421422528915	0.0119235384901	2	1510585077.9593277	54.2516556291	0.516536273115
200.5	0.181249954688	0.0422016083184	0.014173486557	2	1510585078.4304109	53.8947368421	0.519736842105
200.0	0.179166621875	0.054008503875	0.0149199327916	2	1510585079.2073996	54.2516556291	0.523115220484
199.0	0.177083289063	0.104013841485	0.0357360732963	2	1510585080.0481505	54.2516556291	0.523115220484
198.5	0.1833332875	0.059294458038	0.0191420316614	2	1510585080.938194	53.8947368421	0.526315789474
198.0	0.1833332875	0.0584767543493	0.0157874482318	2	1510585081.4306211	53.8947368421	0.526315789474
197.5	0.181249954688	0.0773282070251	0.0207379291369	2	1510585082.197528	54.2516556291	0.523115220484
197.0	0.179166621875	0.0813835978877	0.0204942909794	2	1510585082.9747784	54.2516556291	0.516536273115
196.5	0.179166621875	0.0869511178634	0.0209280127349	2	1510585083.434691	54.2516556291	0.516536273115
196.0	0.179166621875	0.0955061679856	0.022314979538	2	1510585084.1986	54.2516556291	0.516536273115
195.5	0.179166621875	0.0973842705806	0.0239157894666	2	1510585084.970192	53.5424836601	0.549089068826
195.0	0.181249954688	0.1013079952	0.0306314890165	2	1510585085.4368985	52.8516129032	0.516194331984
194.5	0.179166621875	0.256711540654	0.144857660719	2	1510585086.2777736	53.1948051948	0.538967611336

#$Filter:op09
#$	0	1	 1
#$	1	op06	0.251188643150958
#$	2	op09	0.02848931924611138
#$	3	op18*op18*op18	3.9810717055349725e-06
#$	4	ns12	1e-7
#$	5	0	 1e-22
#$POWER:47.4, mW
#$WAVELENGTH:532,nm
#$OBJECT:ZnO2, bscat, on wires	=	=	=	=	=	=	=	=	=	=	=
angle	ref	signal	signal_std	filter	Time	freq	duty_cycle
193.5	0.177083289063	0.217298760686	0.06133454018	2	1510585092.30236	54.1798941799	0.529160739687
193.0	0.181249954688	0.219085622978	0.0516480898367	2	1510585093.066377	54.2516556291	0.516536273115
192.5	0.181249954688	0.227978041296	0.0541430994841	2	1510585093.8210723	54.2516556291	0.523115220484
192.5	0.179166621875	0.230891841495	0.0931393534194	2	1510585094.3056705	54.2516556291	0.523115220484
192.0	0.179166621875	0.339649524932	0.0850454629972	2	1510585095.1288638	54.2516556291	0.523115220484
191.5	0.0062499984375	0.00178459074882	0.000800768226988	2	1510585095.890357	nan	nan
191.0	0.179166621875	0.365249624516	0.185626175065	2	1510585096.3086793	53.8947368421	0.526315789474
190.5	0.179166621875	0.610108898339	0.155739358873	2	1510585097.0765612	53.8947368421	0.526315789474
190.5	0.204166615625	1.10798542111	0.553148774896	2	1510585097.9285564	53.8947368421	0.526315789474

#$Filter:op09
#$	0	1	 1
#$	1	op06	0.251188643150958
#$	2	op09	0.02848931924611138
#$	3	op18*op18*op18	3.9810717055349725e-06
#$	4	ns12	1e-7
#$	5	0	 1e-22
#$POWER:47.4, mW
#$WAVELENGTH:532,nm
#$OBJECT:ZnO2, bscat, on wires	=	=	=	=	=	=	=	=	=	=	=
angle	ref	signal	signal_std	filter	Time	freq	duty_cycle
189.5	0.179166621875	2.27033191324	0.523279850326	2	1510585109.31768	53.5424836601	0.549089068826
189.0	0.179166621875	5.13402649427	1.07176572153	2	1510585110.0826466	53.5424836601	0.542510121457
188.5	0.179166621875	7.41368862277	0.0	2	1510585110.8936033	53.5424836601	0.549089068826

#$Filter:op18*op18*op18
#$	0	1	 1
#$	1	op06	0.251188643150958
#$	2	op09	0.02848931924611138
#$	3	op18*op18*op18	3.9810717055349725e-06
#$	4	ns12	1e-7
#$	5	0	 1e-22
#$POWER:47.4, mW
#$WAVELENGTH:532,nm
#$OBJECT:ZnO2, bscat, on wires	=	=	=	=	=	=	=	=	=	=	=
angle	ref	signal	signal_std	filter	Time	freq	duty_cycle
188.5	0.181249954688	0.123260894415	0.0304367958393	3	1510585132.3092127	52.178343949	0.547756410256
188.5	0.181249954688	0.114746929278	0.0314919991148	3	1510585133.0880723	52.178343949	0.560576923077
188.0	0.181249954688	0.0991790426656	0.0278154099659	3	1510585133.8669777	52.5128205128	0.557692307692
188.0	0.179166621875	0.065030710953	0.0405421570873	3	1510585134.3019364	52.8516129032	0.522604588394
188.0	0.179166621875	0.0899107376661	0.0230179080092	3	1510585135.069355	52.8516129032	0.529014844804
188.0	0.179166621875	0.107361263251	0.0240220948713	3	1510585135.8273573	52.8516129032	0.516194331984
188.0	0.181249954688	0.0717328962469	0.0610941828978	3	1510585136.3045878	52.8516129032	0.522604588394
187.5	0.179166621875	0.384106863398	0.0665432381236	3	1510585137.1246107	52.8516129032	0.535425101215

#$Filter:op18*op18*op18
#$	0	1	 1
#$	1	op06	0.251188643150958
#$	2	op09	0.02848931924611138
#$	3	op18*op18*op18	3.9810717055349725e-06
#$	4	ns12	1e-7
#$	5	0	 1e-22
#$POWER:47.4, mW
#$WAVELENGTH:532,nm
#$OBJECT:ZnO2, bscat, on wires	=	=	=	=	=	=	=	=	=	=	=
angle	ref	signal	signal_std	filter	Time	freq	duty_cycle
187.5	0.179166621875	12.870265521	2.60118053231	3	1510585144.7910082	52.8516129032	0.516194331984
187.0	0.179166621875	27.0062845915	4.93605219544	3	1510585145.8082721	53.1948051948	0.50641025641
187.0	0.179166621875	1.91758292584	0.462054202782	3	1510585146.8055692	53.1948051948	0.532388663968
187.0	0.179166621875	0.0777810929997	0.0860874494385	3	1510585147.8639324	53.1948051948	0.545546558704

#$Filter:op18*op18*op18
#$	0	1	 1
#$	1	op06	0.251188643150958
#$	2	op09	0.02848931924611138
#$	3	op18*op18*op18	3.9810717055349725e-06
#$	4	ns12	1e-7
#$	5	0	 1e-22
#$POWER:47.4, mW
#$WAVELENGTH:532,nm
#$OBJECT:ZnO2, bscat, on wires	=	=	=	=	=	=	=	=	=	=	=
angle	ref	signal	signal_std	filter	Time	freq	duty_cycle
186.5	0.179166621875	0.0169797983599	0.0058819832338	3	1510585154.8097594	53.1948051948	0.545546558704
186.5	0.1833332875	0.0137129849722	0.00454017448285	3	1510585155.2737021	53.1948051948	0.545546558704
186.5	0.1833332875	0.00968237076781	0.0034744591214	3	1510585156.0346558	52.9655172414	0.54318488529

#$Filter:op09
#$	0	1	 1
#$	1	op06	0.251188643150958
#$	2	op09	0.02848931924611138
#$	3	op18*op18*op18	3.9810717055349725e-06
#$	4	ns12	1e-7
#$	5	0	 1e-22
#$POWER:47.4, mW
#$WAVELENGTH:532,nm
#$OBJECT:ZnO2, bscat, on wires	=	=	=	=	=	=	=	=	=	=	=
angle	ref	signal	signal_std	filter	Time	freq	duty_cycle
186.0	0.181249954688	38.2352027336	6.75673572253	2	1510585171.3172433	52.8516129032	0.516194331984
186.0	0.181249954688	34.7476403727	7.12649331906	2	1510585172.0782158	52.8516129032	0.522604588394
186.0	0.179166621875	29.6700690534	7.0691049727	2	1510585172.8447335	52.8516129032	0.529014844804
185.5	0.181249954688	20.7680520309	10.773466016	2	1510585173.312673	52.8516129032	0.509615384615
185.5	0.179166621875	23.7555944195	4.77218919205	2	1510585174.0809655	53.1948051948	0.519568151147
185.5	0.181249954688	20.1113355519	4.11496353166	2	1510585174.8383372	53.4260869565	0.539136302294
185.5	0.179166621875	18.3293382419	4.18654033944	2	1510585175.3115532	53.1948051948	0.545546558704
185.5	0.179166621875	44.8644067733	7.21758036424	2	1510585176.0742538	53.1948051948	0.519568151147
185.0	0.181249954688	42.710573556	6.26045172114	2	1510585176.8426425	52.8516129032	0.529014844804
185.0	0.179166621875	38.8691555175	9.08952413214	2	1510585177.31836	52.8516129032	0.516194331984
185.0	0.179166621875	38.8344984503	5.75827806754	2	1510585178.0788374	52.8516129032	0.516194331984
185.0	0.1833332875	40.7005392754	6.46003065123	2	1510585178.8347132	52.9655172414	0.54318488529
184.5	0.179166621875	43.0325162162	7.46047367807	2	1510585179.3147926	53.5424836601	0.542510121457
184.5	0.179166621875	4.00273947223	0.791726305043	2	1510585180.1429543	53.5424836601	0.542510121457
184.5	0.364583242188	1.02243564183	0.631457411677	2	1510585180.8993862	nan	nan
184.5	0.181249954688	1.74848726476	0.870414758715	2	1510585181.3686352	53.5424836601	0.549089068826
184.0	0.364583242188	0.430502752958	0.405134787749	2	1510585182.1305885	nan	nan
184.0	0.366666575	0.541688008908	0.361550790336	2	1510585182.9616148	52.5128205128	0.641025641026
184.0	0.179166621875	1.60306582572	0.438175794379	2	1510585183.8149426	53.1948051948	0.525978407557
183.5	0.179166621875	0.75200944674	0.731053255912	2	1510585184.3133216	52.8516129032	0.509615384615
183.5	0.179166621875	1.31274895956	0.302822928541	2	1510585185.082385	52.8516129032	0.516194331984
183.5	0.179166621875	1.20405651003	0.33960786812	2	1510585185.8611786	52.5128205128	0.538461538462
183.5	0.179166621875	0.702760825173	0.521993672085	2	1510585186.3741336	52.8516129032	0.516194331984
183.5	0.364583242188	0.441939165225	0.19124807263	2	1510585187.1358588	53.4260869565	0.600089968511
183.0	0.181249954688	0.938957883373	0.216202251452	2	1510585187.8939466	53.5424836601	0.549089068826
183.0	0.179166621875	0.793963476723	0.246791341319	2	1510585188.3143783	53.5424836601	0.549089068826
183.0	0.179166621875	0.808123017342	0.172841684655	2	1510585189.0795605	53.5424836601	0.542510121457
183.0	0.179166621875	0.779488229057	0.18057837992	2	1510585189.838492	52.8516129032	0.522604588394
182.5	0.179166621875	0.648519839018	0.265495689737	2	1510585190.3171003	52.8516129032	0.509615384615
182.5	0.179166621875	0.746921914719	0.165089664982	2	1510585191.085385	52.8516129032	0.516194331984
182.5	0.181249954688	0.687666279973	0.172335461634	2	1510585191.843121	52.5128205128	0.525641025641
182.5	0.181249954688	0.54887820618	0.220139049036	2	1510585192.3096502	52.8516129032	0.516194331984
182.0	0.179166621875	0.579959230909	0.116123328569	2	1510585193.0728495	52.8516129032	0.509615384615
182.0	0.364583242188	0.135127971753	0.0823634612582	2	1510585193.9045308	52.9655172414	0.63787674314
182.0	0.179166621875	0.125116448445	0.0984155452219	2	1510585194.3133495	53.1948051948	0.545546558704
182.0	0.181249954688	0.464593260803	0.105517302459	2	1510585195.0832255	53.1948051948	0.545546558704
181.5	0.179166621875	0.434849606387	0.0993385499994	2	1510585195.85064	53.5424836601	0.549089068826
181.5	0.179166621875	0.26389743173	0.198717631963	2	1510585196.3174486	53.1948051948	0.545546558704
181.5	0.1833332875	0.406519819952	0.0803801557698	2	1510585197.0970423	53.4260869565	0.53036437247
181.5	0.179166621875	0.42404646768	0.0973424125332	2	1510585197.8622901	52.8516129032	0.516194331984
181.0	0.179166621875	0.357237805849	0.148734546022	2	1510585198.3103566	52.8516129032	0.522604588394
181.0	0.179166621875	0.411990118458	0.0885372163873	2	1510585199.0791652	52.8516129032	0.516194331984
181.0	0.1833332875	0.440415331285	0.0859201258804	2	1510585199.8439386	53.1948051948	0.532388663968
181.0	0.181249954688	0.417159393918	0.117882904591	2	1510585200.312438	53.1948051948	0.532388663968
180.5	0.179166621875	0.450315312737	0.101310896523	2	1510585201.071342	53.1948051948	0.545546558704
180.5	0.179166621875	0.469919447738	0.0994257933868	2	1510585201.8345804	53.1948051948	0.545546558704
180.5	0.179166621875	0.356859991314	0.185613629837	2	1510585202.3176641	53.1948051948	0.538967611336
180.5	0.179166621875	0.404865305427	0.0905534026945	2	1510585203.0831778	53.1948051948	0.545546558704
180.0	0.179166621875	0.344159550094	0.0754056879076	2	1510585203.8512166	53.5424836601	0.542510121457
180.0	0.181249954688	0.253379066941	0.114562731214	2	1510585204.319122	52.8516129032	0.535425101215
180.0	0.179166621875	0.220812516389	0.0535574133155	2	1510585205.0910792	52.5128205128	0.519230769231
180.0	0.366666575	0.00429910935641	0.0388199139432	2	1510585205.918202	nan	nan
180.0	0.179166621875	0.0253077588246	0.0289022774061	2	1510585206.326486	53.5424836601	0.549089068826
179.5	0.364583242188	0.0217234794176	0.0198249453087	2	1510585207.164983	53.8947368421	0.552631578947
179.5	0.179166621875	0.0821817072181	0.0232762374639	2	1510585207.9343212	53.5424836601	0.529352226721
179.5	0.179166621875	0.0836675693076	0.0234098571676	2	1510585208.8117273	53.5424836601	0.529352226721
179.0	0.179166621875	0.0889195927175	0.0247973636524	2	1510585209.3136363	53.5424836601	0.549089068826
179.0	0.179166621875	0.0779166471875	0.0228429257322	2	1510585210.081372	53.5424836601	0.529352226721
