
#$Filter:1
#$	0	1	 1
#$	1	op06	0.251188643150958
#$	2	op09*op09	0.015848931924611138
#$	3	op18*op18*op18	3.9810717055349725e-06
#$	4	ns12	1e-7
#$	5	0	 1e-22
#$POWER:19.9, mW
#$WAVELENGTH:1064,nm
#$OBJECT:Air1, bscat	=
angle	ref	signal	signal_std	filter	Time	freq	duty_cycle
0.0	0.087499978125	5.30576681415e-06	0.000272293396082	0	1510754015.0007956	84.3294117647	0.453095238095
0.0	0.0854166453125	7.06933638459e-05	0.000284359016763	0	1510754015.9966865	84.8284023669	0.44380952381
359.5	0.087499978125	2.70787578502e-05	0.000230209437768	0	1510754016.9987574	84.3294117647	0.447142857143
359.0	0.0854166453125	4.52967058475e-05	0.00025251310538	0	1510754017.9946065	82.8670520231	0.455714285714
358.5	0.0854166453125	0.000149453816343	0.000297157305736	0	1510754018.990354	84.8284023669	0.455714285714
358.0	0.087499978125	0.000185781740496	0.000300582884685	0	1510754019.9871914	84.3294117647	0.44119047619
357.5	0.0854166453125	0.000126420036422	0.000236318399405	0	1510754021.0017772	84.8284023669	0.44380952381
357.0	0.087499978125	0.000176861846374	0.00028900081784	0	1510754021.9905684	84.8284023669	0.446455026455
356.5	0.0833333125	0.000179982772874	0.000274541936868	0	1510754022.986295	84.8284023669	0.44380952381
356.0	0.087499978125	0.00017389743648	0.000218639688277	0	1510754024.002578	84.3294117647	0.44119047619
355.5	0.0854166453125	0.000136054387755	0.000256174340192	0	1510754025.0013306	84.3294117647	0.447142857143
355.0	0.0833333125	0.000135982184018	0.000286123667719	0	1510754025.99827	84.3294117647	0.44119047619
354.0	0.0812499796875	0.000118926751507	0.00018627928015	0	1510754026.9936907	84.3294117647	0.447142857143
353.5	0.0833333125	0.000151984498086	0.000239053339664	0	1510754027.9896536	84.3294117647	0.45880952381
353.0	0.087499978125	8.73973897668e-05	0.000180533435187	0	1510754028.9865088	84.3294117647	0.453095238095
352.5	0.087499978125	7.71987564735e-05	0.000249040828915	0	1510754029.994362	84.8284023669	0.443778467909
352.0	0.087499978125	7.03546706784e-05	0.000316667146934	0	1510754030.9904168	84.3294117647	0.447111801242
351.5	0.087499978125	0.000145857160939	0.000205199917172	0	1510754031.9875505	84.3294117647	0.453095238095
351.0	0.0854166453125	0.000109340803655	0.000265169485764	0	1510754033.0020647	83.8362573099	0.444523809524
350.5	0.087499978125	1.87074783163e-05	0.000200202237278	0	1510754033.995092	84.8284023669	0.442040816327
350.0	0.0854166453125	7.04467177835e-05	0.000250354694504	0	1510754034.9974568	84.3294117647	0.447142857143
349.0	0.0854166453125	3.95408064413e-05	0.000227847071108	0	1510754035.9938805	84.3294117647	0.447142857143
348.5	0.0854166453125	0.000107993170281	0.000218299002817	0	1510754036.9904583	85.8443113772	0.44867965368
348.0	0.087499978125	0.000107006464275	0.000228234750371	0	1510754037.9861372	84.8284023669	0.449761904762
347.5	0.0854166453125	5.93747659965e-05	0.000240590418745	0	1510754039.0013163	84.3294117647	0.44119047619
347.0	0.0833333125	8.92414034266e-05	0.00029885539247	0	1510754039.9906962	84.8284023669	0.437857142857
346.5	0.0854166453125	6.81646225521e-05	0.000233446604444	0	1510754040.9931574	84.3294117647	0.453095238095
346.0	0.087499978125	7.08068482082e-05	0.000242065148973	0	1510754042.002814	84.8284023669	0.449761904762
345.5	0.0854166453125	3.67871330591e-05	0.00020237057702	0	1510754042.998804	84.3294117647	0.447142857143
345.0	0.087499978125	4.21970229033e-05	0.00029735070739	0	1510754043.9965394	84.8284023669	0.449761904762
344.0	0.0854166453125	6.48625267397e-05	0.000180416416967	0	1510754044.9943483	84.8284023669	0.437826086957
343.5	0.0854166453125	5.59764169823e-05	0.000193276649844	0	1510754045.9903564	84.3294117647	0.453095238095
343.0	0.0854166453125	8.90642492759e-05	0.000391872668048	0	1510754046.9869695	84.8284023669	0.437857142857
342.5	0.0812499796875	7.56153336201e-06	0.000204445816623	0	1510754047.9944477	84.8284023669	0.449761904762
342.0	0.0833333125	2.66106011435e-05	0.000197879992236	0	1510754048.9938302	84.8284023669	0.443778467909
341.5	0.0833333125	6.67516839923e-05	0.000203719866613	0	1510754049.9861858	84.8284023669	0.449761904762
341.0	0.0854166453125	3.16905033334e-05	0.000264882135417	0	1510754051.002504	84.8284023669	0.437857142857
340.5	0.0854166453125	8.94303374152e-05	0.000225526452921	0	1510754051.9995048	84.8284023669	0.44380952381
340.0	0.0854166453125	1.63402021005e-05	0.000279107762581	0	1510754052.996852	84.8284023669	0.449730848861
339.0	0.0833333125	6.09965483247e-05	0.000232643388504	0	1510754053.9939032	85.3333333333	0.444659863946
338.5	0.079166646875	5.56081510811e-05	0.000218246444905	0	1510754054.989542	84.8284023669	0.449730848861
338.0	0.0833333125	7.34714879322e-06	0.000268518485323	0	1510754055.9855993	84.8284023669	0.44380952381
337.5	0.0833333125	1.99829882015e-05	0.000296371521998	0	1510754057.0004492	85.8443113772	0.441957671958
337.0	0.0854166453125	6.71768539541e-05	0.000334412865044	0	1510754057.9974012	84.3294117647	0.447142857143
336.5	0.079166646875	4.71938657526e-05	0.000286031808028	0	1510754058.9862168	85.3333333333	0.444659863946
336.0	0.0833333125	3.30755931057e-05	0.000204681065251	0	1510754060.0030491	85.8443113772	0.442727272727
335.5	0.0854166453125	1.00250601504e-06	0.000216613335134	0	1510754060.9989386	85.3333333333	0.440476190476
335.0	0.087499978125	2.5607632487e-05	0.000259510801943	0	1510754061.996629	84.8284023669	0.44380952381
334.5	0.0854166453125	6.76406757305e-06	0.000289242159381	0	1510754062.99373	84.8284023669	0.44380952381
334.0	0.079166646875	5.4964717675e-05	0.000251165272902	0	1510754063.9905808	84.8284023669	0.437795031056
333.0	0.079166646875	2.29385907566e-05	0.000195741786431	0	1510754064.9863288	84.8284023669	0.44380952381
332.5	0.0854166453125	4.67686957908e-06	0.000156314590759	0	1510754066.003195	84.8284023669	0.449761904762
332.0	0.0812499796875	6.6002157565e-05	0.000326953212574	0	1510754066.9991372	84.8284023669	0.449761904762
331.5	0.0833333125	1.70067984694e-05	0.0002341385926	0	1510754067.986441	85.3333333333	0.45234989648
331.0	0.087499978125	3.86729337359e-05	0.000223864400441	0	1510754068.984392	84.8284023669	0.449761904762
330.5	0.087499978125	6.49712847776e-05	0.000259601690051	0	1510754069.9996462	84.3294117647	0.453095238095
329.5	0.0854166453125	1.33042767193e-05	0.000288369626361	0	1510754070.9971025	84.3294117647	0.459047619048
329.5	0.0854166453125	3.39225504419e-05	0.000274092282517	0	1510754071.9939306	83.8362573099	0.444523809524
329.0	0.087499978125	3.6602450607e-05	0.000311776298142	0	1510754072.989796	84.3294117647	0.44119047619
328.5	0.0854166453125	2.14002214073e-05	0.000198701806758	0	1510754073.9865196	83.8362573099	0.450476190476
327.5	0.087499978125	3.55889635338e-05	0.000261904696429	0	1510754075.00181	83.8362573099	0.444523809524
327.0	0.0854166453125	5.73705664654e-05	0.000316871320454	0	1510754075.997645	83.8362573099	0.450476190476
326.5	0.0854166453125	3.43089781753e-05	0.000252245853102	0	1510754076.9865026	83.8362573099	0.444523809524
326.0	0.0895833109375	5.76039550218e-05	0.000172052578145	0	1510754078.0044427	83.8362573099	0.444523809524
325.5	0.0854166453125	3.83091285109e-05	0.000209465150034	0	1510754079.0003057	83.3488372093	0.441904761905
325.0	0.0854166453125	3.01418364362e-05	0.000283810922259	0	1510754079.9980586	83.3488372093	0.459285714286
324.5	0.0854166453125	1.9264808263e-05	0.000265650018004	0	1510754080.9950325	83.8362573099	0.450476190476
324.0	0.0833333125	9.16267713517e-05	0.000365158758547	0	1510754081.9906268	84.8284023669	0.448231292517
323.5	0.087499978125	3.36080015218e-05	0.000261797978957	0	1510754082.9865928	84.3294117647	0.447142857143
323.0	0.0854166453125	8.72921709379e-05	0.000306391448489	0	1510754083.9894068	84.3294117647	0.452857142857
322.0	0.0854166453125	3.12840057844e-05	0.000265707518774	0	1510754084.998294	83.8362573099	0.450238095238
321.5	0.0833333125	1.75438552632e-06	0.000296851025771	0	1510754085.9928727	86.3614457831	0.42658008658
321.0	0.0833333125	2.59353676658e-05	0.000286752790951	0	1510754086.9936569	83.8362573099	0.444694218825
320.5	0.0854166453125	1.65107668474e-05	0.000253324598051	0	1510754087.9993806	84.8284023669	0.449761904762
320.0	0.0854166453125	2.79109872467e-05	0.000249382405364	0	1510754088.997784	84.3294117647	0.45880952381
319.5	0.087499978125	8.56633557771e-06	0.000238596422787	0	1510754089.9944432	84.8284023669	0.440925925926
319.0	0.087499978125	2.65666806393e-05	0.000273666710285	0	1510754091.007554	84.3294117647	0.447142857143
318.5	0.0812499796875	2.95919170006e-05	0.000213896907052	0	1510754091.986338	84.3294117647	0.45880952381
317.5	0.087499978125	1.82823083546e-05	0.000283155533692	0	1510754093.0030835	84.3294117647	0.44119047619
317.0	0.0812499796875	3.77393130983e-06	0.00028672000818	0	1510754093.9980726	84.8284023669	0.449761904762
316.5	0.079166646875	5.00219173191e-05	0.000256016338354	0	1510754094.993735	84.8284023669	0.44380952381
316.0	0.079166646875	4.10288348953e-05	0.000301133613967	0	1510754095.9894965	84.8284023669	0.455714285714
315.5	0.087499978125	4.15742792269e-05	0.000286556910651	0	1510754097.0006065	84.8284023669	0.425952380952
315.0	0.0812499796875	6.94798579135e-05	0.000322373330516	0	1510754097.9994907	84.8284023669	0.443778467909
314.5	0.0812499796875	9.7789091199e-06	0.000302564519313	0	1510754098.9938283	84.8284023669	0.449761904762
314.0	0.0812499796875	3.10526238158e-05	0.000209171392069	0	1510754099.9911146	84.8284023669	0.443778467909
313.5	0.0854166453125	2.33405620795e-05	0.000247377123501	0	1510754100.9864068	85.3333333333	0.4466563147
312.5	0.0812499796875	2.47127300761e-05	0.000277729951497	0	1510754101.9857216	84.3294117647	0.44119047619
312.5	0.0854166453125	1.20274884021e-05	0.000239701438804	0	1510754102.9997	83.8362573099	0.455714285714
311.5	0.0812499796875	8.27446156299e-06	0.000292432905633	0	1510754103.9873815	85.3333333333	0.428250517598
311.0	0.0854166453125	1.70776601297e-05	0.000287739249129	0	1510754104.994331	84.3294117647	0.447142857143
310.5	0.0854166453125	1.52529723772e-05	0.000285900165633	0	1510754106.000132	84.8284023669	0.443778467909
310.0	0.0833333125	2.80826907049e-05	0.00029328869906	0	1510754106.9980545	85.3333333333	0.446428571429
309.5	0.0854166453125	4.09275200211e-05	0.000219684263778	0	1510754107.9933355	85.8443113772	0.467132505176
309.0	0.0833333125	4.60386059575e-06	0.000276757886826	0	1510754108.9906511	84.3294117647	0.447142857143
308.5	0.0812499796875	1.82823083546e-05	0.000236606988204	0	1510754109.9944718	84.8284023669	0.449761904762
307.5	0.087499978125	4.11806971226e-05	0.000274677173831	0	1510754111.0035117	85.3333333333	0.452608695652
307.0	0.087499978125	2.92359138636e-06	0.000249194940076	0	1510754111.99928	83.8362573099	0.450476190476
306.5	0.09166664375	1.35159293099e-06	0.0002872236298	0	1510754112.9970133	83.8362573099	0.450476190476
306.0	0.087499978125	2.29236783901e-06	0.000279186442892	0	1510754113.993422	84.3294117647	0.453095238095
305.5	0.087499978125	1.47856718326e-06	0.000215663920632	0	1510754115.000251	84.8284023669	0.441164021164
305.0	0.0854166453125	5.66007511559e-06	0.000223762627091	0	1510754115.9981143	84.3294117647	0.44119047619
304.5	0.0833333125	2.3337017147e-05	0.000257653431448	0	1510754116.9939706	83.8362573099	0.444523809524
304.0	0.087499978125	3.51970597189e-06	0.000242785450687	0	1510754117.9903803	84.3294117647	0.447142857143
303.5	0.0812499796875	4.74910275538e-07	0.00027935721537	0	1510754118.9856694	84.3294117647	0.44119047619
302.5	0.0833333125	3.02933597736e-05	0.00035367803581	0	1510754119.988672	83.8362573099	0.444523809524
302.5	0.0833333125	1.34548577474e-05	0.000267050491851	0	1510754120.9997911	84.3294117647	0.435476190476
301.5	0.079166646875	1.42707104453e-05	0.000194974777044	0	1510754121.9976318	84.3294117647	0.453095238095
301.0	0.0854166453125	1.38494283558e-05	0.000240814248915	0	1510754123.0050435	83.8362573099	0.450476190476
300.5	0.087499978125	3.65635430477e-06	0.0003138979411	0	1510754124.0004685	83.8362573099	0.450238095238
300.0	0.0833333125	1.4559655451e-05	0.000216252110018	0	1510754124.99619	83.8362573099	0.450476190476
299.5	0.0854166453125	2.06185515464e-05	0.000250134966718	0	1510754125.999165	83.8362573099	0.438571428571
299.0	0.087499978125	1.67525731314e-05	0.000204146691448	0	1510754126.9909945	83.3488372093	0.435695970696
298.0	0.0833333125	2.8749689088e-05	0.000234382587655	0	1510754127.9864204	83.3488372093	0.447619047619
297.5	0.087499978125	1.85355816436e-05	0.000224960311768	0	1510754128.9894783	83.3488372093	0.447857142857
297.0	0.087499978125	1.4705341063e-05	0.000277906618175	0	1510754129.9995937	83.8362573099	0.438281573499
296.5	0.087499978125	1.84839353468e-05	0.000279482350391	0	1510754130.9972658	87.4146341463	0.465242357813
296.0	0.0854166453125	1.36784477588e-06	0.000279814040405	0	1510754131.993694	83.3488372093	0.447857142857
295.5	0.0854166453125	1.45664605959e-05	0.000227886171142	0	1510754133.000149	83.3488372093	0.447857142857
295.0	0.087499978125	4.37488814959e-05	0.000205122211185	0	1510754133.9983745	84.3294117647	0.445519480519
294.5	0.0833333125	2.82142786607e-05	0.000246424369001	0	1510754134.9935613	83.3488372093	0.447857142857
293.5	0.0833333125	5.45102956508e-06	0.000183697981495	0	1510754135.990066	83.8362573099	0.450476190476
293.0	0.0812499796875	4.25169961735e-07	0.000238930765701	0	1510754136.985959	83.8362573099	0.444523809524
292.5	0.0833333125	1.04943321717e-05	0.000244754279322	0	1510754138.0044336	84.8284023669	0.437826086957
292.0	0.0854166453125	2.77734761873e-05	0.000244885064596	0	1510754139.0001035	84.3294117647	0.453095238095
291.5	0.0854166453125	6.33417350063e-05	0.000289664359299	0	1510754139.997471	84.3294117647	0.45880952381
291.0	0.087499978125	4.23612528446e-06	0.000254985301326	0	1510754140.993313	84.3294117647	0.447142857143
290.5	0.079166646875	1.2782254869e-05	0.0002486570627	0	1510754141.9905891	84.3294117647	0.44119047619
290.0	0.0854166453125	1.95906383772e-05	0.000257804597156	0	1510754142.9963248	84.3294117647	0.447142857143
289.5	0.0833333125	2.9244326057e-05	0.00019398562891	0	1510754143.9943182	83.8362573099	0.450476190476
288.5	0.087499978125	3.32926304904e-05	0.000245230840311	0	1510754144.9902627	84.3294117647	0.44119047619
288.0	0.087499978125	1.86805508854e-05	0.000334275667538	0	1510754145.9865582	84.3294117647	0.453095238095
287.5	0.087499978125	5.95237946429e-07	0.000206904059457	0	1510754146.9948072	83.8362573099	0.450238095238
287.0	0.0854166453125	1.54639136598e-05	0.00023998531728	0	1510754147.9998586	84.3294117647	0.441360885491
286.5	0.0854166453125	7.25901446488e-06	0.000271633875103	0	1510754148.9975038	84.3294117647	0.44115942029
286.0	0.0833333125	2.46337431633e-05	0.000255780059632	0	1510754149.994173	83.8362573099	0.432619047619
285.5	0.0833333125	2.26765970975e-05	0.000405763950299	0	1510754150.990223	83.8362573099	0.45619047619
285.0	0.087499978125	1.74794779534e-05	0.000335226594463	0	1510754151.9950907	83.3488372093	0.453571428571
284.0	0.0895833109375	2.34072261757e-06	0.000234475454555	0	1510754152.9940383	83.8362573099	0.438571428571
283.5	0.0833333125	6.00917448659e-06	0.000200437070367	0	1510754153.9967513	83.8362573099	0.438571428571
283.0	0.087499978125	6.73410484568e-05	0.000265367537705	0	1510754154.9861786	83.8362573099	0.444492753623
282.5	0.0854166453125	1.00877167763e-05	0.000299410119774	0	1510754155.9821615	83.8362573099	0.450207039337
282.0	0.0812499796875	2.14487311248e-05	0.00025166526965	0	1510754157.00026	82.8670520231	0.439285714286
281.5	0.0833333125	1.62325877306e-06	0.000207432816317	0	1510754157.998286	83.8362573099	0.438571428571
281.0	0.0812499796875	1.89023478821e-05	0.000235610534289	0	1510754158.9940946	83.8362573099	0.444523809524
280.5	0.0833333125	1.51835737046e-05	0.000223571586397	0	1510754159.989421	84.3294117647	0.44119047619
279.5	0.0833333125	1.86636463615e-05	0.000229156749006	0	1510754160.9862647	84.3294117647	0.453095238095
279.0	0.0854166453125	3.21814212274e-05	0.000256690004374	0	1510754161.9946811	83.8362573099	0.450476190476
278.5	0.0854166453125	7.10033836097e-05	0.000265265171245	0	1510754162.990318	84.3294117647	0.447142857143
278.0	0.0812499796875	3.72023716518e-07	0.00034009052216	0	1510754163.986366	84.3294117647	0.453095238095
277.5	0.0854166453125	4.20918262117e-05	0.000226679396001	0	1510754165.0022306	84.8284023669	0.443778467909
277.0	0.0854166453125	7.67848184502e-05	0.000411421340805	0	1510754166.001084	84.8284023669	0.44380952381
276.5	0.087499978125	2.17932479355e-05	0.000255990452293	0	1510754166.9977756	84.8284023669	0.449461697723
276.0	0.0854166453125	1.32898487008e-05	0.000256630842009	0	1510754167.9936385	85.3333333333	0.446366459627
275.5	0.0854166453125	7.63990972478e-06	0.000199822108254	0	1510754168.9904547	84.8284023669	0.44380952381
274.5	0.0854166453125	8.16680634832e-06	0.0002519081038	0	1510754169.986325	84.8284023669	0.443778467909
274.0	0.0833333125	3.64140356811e-05	0.000250433408605	0	1510754170.9941561	85.3333333333	0.458333333333
273.5	0.0833333125	2.04738599566e-05	0.00027149222303	0	1510754171.9910493	84.8284023669	0.431904761905
273.0	0.0812499796875	1.24524227081e-05	0.000387300932852	0	1510754172.9865568	86.8848484848	0.435998494259
272.5	0.0833333125	7.24423501597e-06	0.000289651934811	0	1510754174.0017014	85.3333333333	0.434523809524
272.0	0.0833333125	2.22207248422e-05	0.000230890899314	0	1510754175.001658	84.8284023669	0.431904761905
271.0	0.0854166453125	3.75352067228e-06	0.000250896393316	0	1510754175.9979787	84.8284023669	0.443778467909
270.5	0.0854166453125	2.29166609375e-05	0.000211606183004	0	1510754176.9938314	84.8284023669	0.437826086957
270.0	0.079166646875	1.17681795082e-05	0.000250439669368	0	1510754177.9900007	84.3294117647	0.447142857143
269.5	0.079166646875	1.92641795811e-05	0.000217801973095	0	1510754178.9970586	84.8284023669	0.443778467909
269.0	0.0854166453125	4.55404270125e-05	0.000219590304011	0	1510754180.0000067	84.8284023669	0.443778467909
268.5	0.079166646875	1.93298920747e-05	0.000255907712934	0	1510754180.997784	84.8284023669	0.455714285714
268.0	0.0833333125	7.75935180166e-06	0.000180446970875	0	1510754181.986061	86.3614457831	0.444502164502
267.5	0.0833333125	1.90972174479e-05	0.000282162294861	0	1510754183.002249	84.8284023669	0.455476190476
267.0	0.0854166453125	1.00198925936e-05	0.000269869034325	0	1510754184.0003457	84.8284023669	0.443747412008
266.0	0.0854166453125	1.87995254214e-05	0.000290924701674	0	1510754184.9971447	84.8284023669	0.44380952381
265.5	0.0854166453125	5.04003558806e-06	0.000252285981757	0	1510754185.993578	85.3333333333	0.445791454922
265.0	0.087499978125	3.00687210052e-06	0.000251751867061	0	1510754186.9902878	85.3333333333	0.440476190476
264.5	0.0833333125	0.000118334678037	0.000363470337729	0	1510754187.9861493	85.3333333333	0.452380952381
264.0	0.0833333125	2.76211629114e-05	0.000307422044647	0	1510754188.9944487	84.8284023669	0.44380952381
263.5	0.0833333125	8.76297668502e-05	0.000242206884788	0	1510754189.993416	84.8284023669	0.437857142857
263.0	0.087499978125	1.56249960938e-05	0.000318707259346	0	1510754190.986693	84.8284023669	0.449730848861
262.5	0.0854166453125	4.28808013985e-05	0.000302539628262	0	1510754192.00298	84.8284023669	0.449761904762
261.5	0.0833333125	1.0278218235e-05	0.000297434969671	0	1510754192.9988005	85.8443113772	0.43701863354
261.0	0.079166646875	4.15658427539e-05	0.000214535893981	0	1510754193.9963462	88.0860215054	0.432363176964
260.5	0.0854166453125	6.49970332839e-06	0.000259260152168	0	1510754195.005516	85.8443113772	0.454968944099
260.0	0.0833333125	3.47850393436e-05	0.000298449931542	0	1510754195.9899263	85.8443113772	0.454968944099
259.5	0.0854166453125	4.82575636932e-05	0.000199932230219	0	1510754196.986212	85.3333333333	0.458333333333
259.0	0.0833333125	5.52720950255e-06	0.000279383254943	0	1510754198.0009506	85.8443113772	0.448985507246
258.5	0.0833333125	6.99806069108e-05	0.000290578639373	0	1510754198.9968119	85.8443113772	0.442489177489
258.0	0.0854166453125	3.19318101989e-05	0.000230085599837	0	1510754199.9938712	85.3333333333	0.458333333333
257.0	0.0812499796875	1.31802688138e-05	0.000226776267627	0	1510754201.00377	84.8284023669	0.455714285714
256.5	0.0833333125	7.77578878471e-06	0.000239913802333	0	1510754201.999515	84.8284023669	0.449730848861
256.0	0.0854166453125	4.64946547566e-05	0.000227137376631	0	1510754202.9984105	84.8284023669	0.455714285714
255.5	0.0833333125	4.27725271441e-06	0.000209413174191	0	1510754203.9942896	84.8284023669	0.437857142857
255.0	0.0812499796875	3.77990336124e-05	0.000271903581019	0	1510754204.9895663	84.8284023669	0.431904761905
254.5	0.087499978125	3.62838182486e-05	0.00023950423906	0	1510754205.9867473	84.8284023669	0.436691641692
254.0	0.0833333125	4.91750701103e-05	0.000254371410141	0	1510754206.994711	84.3294117647	0.447142857143
253.5	0.079166646875	5.13471049577e-05	0.000315446250298	0	1510754207.9975524	81.4545454545	0.448333333333
252.5	0.0833333125	1.27130378853e-05	0.000215326985008	0	1510754208.993387	84.3294117647	0.453095238095
252.0	0.0895833109375	1.66795623936e-05	0.000214749257956	0	1510754209.992341	84.3294117647	0.453095238095
251.5	0.087499978125	2.35842234946e-05	0.000215049042663	0	1510754210.9990666	84.3294117647	0.447142857143
251.0	0.0854166453125	4.29824453947e-05	0.00019991312562	0	1510754211.9968243	83.8362573099	0.450476190476
250.5	0.087499978125	3.98238732055e-05	0.000282243852216	0	1510754212.9943466	84.3294117647	0.453095238095
250.0	0.0812499796875	1.23954568772e-05	0.000309595840831	0	1510754213.9901876	84.3294117647	0.44119047619
249.5	0.087499978125	3.02845020661e-05	0.000153801083273	0	1510754214.9861615	84.3294117647	0.447142857143
249.0	0.0854166453125	3.91244028706e-05	0.000225851027457	0	1510754216.001236	84.3294117647	0.447142857143
248.5	0.09166664375	8.95514231904e-06	0.000300482986148	0	1510754216.993065	84.3294117647	0.447142857143
247.5	0.0833333125	1.9455777449e-05	0.000233391303484	0	1510754217.9865785	84.3294117647	0.453095238095
247.0	0.087499978125	8.32638897675e-06	0.00024141226137	0	1510754219.0038059	83.8362573099	0.450476190476
246.5	0.0812499796875	1.66007109041e-05	0.000330736238043	0	1510754219.9998538	83.8362573099	0.450238095238
246.0	0.0833333125	6.37754942602e-05	0.000272597614035	0	1510754220.997118	84.3294117647	0.44119047619
245.5	0.0812499796875	8.46228028288e-07	0.00025660446538	0	1510754221.9934313	83.8362573099	0.450238095238
245.0	0.087499978125	3.32772200978e-05	0.000352107475727	0	1510754222.9898095	84.3294117647	0.447313266444
244.5	0.0854166453125	2.84600882633e-05	0.000242394984752	0	1510754223.9871137	83.8362573099	0.444523809524
244.0	0.0854166453125	1.81340669381e-05	0.000283561379019	0	1510754224.994873	83.8362573099	0.450476190476
243.0	0.0854166453125	1.37457010309e-05	0.000285666091106	0	1510754225.995861	83.8362573099	0.432619047619
242.5	0.0854166453125	4.55326346649e-06	0.000261007597471	0	1510754226.9862068	83.3488372093	0.447857142857
242.0	0.0854166453125	4.44625267945e-05	0.000306964636555	0	1510754228.0032268	83.8362573099	0.438571428571
241.5	0.0833333125	3.46564517736e-05	0.000221197107354	0	1510754228.9995353	83.8362573099	0.450476190476
241.0	0.0854166453125	2.08078179273e-05	0.000348332000235	0	1510754229.9982975	83.8362573099	0.450476190476
240.5	0.0854166453125	1.27951356901e-05	0.000270787107857	0	1510754230.9940577	83.3488372093	0.447857142857
240.0	0.0854166453125	2.49158186869e-05	0.000238658200366	0	1510754231.9898863	83.3488372093	0.447857142857
239.0	0.0854166453125	1.56565617424e-05	0.000270685330225	0	1510754232.9868484	83.3488372093	0.441904761905
238.5	0.0812499796875	2.3282242617e-05	0.000299465664596	0	1510754233.9956548	82.8670520231	0.450952380952
238.0	0.087499978125	2.04521225465e-05	0.000304120639677	0	1510754234.9904294	82.8670520231	0.450714285714
237.5	0.087499978125	2.19119171858e-05	0.000330992016231	0	1510754235.9942775	82.8670520231	0.439285714286
237.0	0.0812499796875	3.58371567706e-05	0.000220830555936	0	1510754237.0031226	82.3908045977	0.454029304029
236.5	0.0833333125	4.38194334896e-05	0.000240703480397	0	1510754237.9939694	83.3488372093	0.447857142857
236.0	0.0833333125	4.48730938746e-05	0.00022179017178	0	1510754238.9968078	83.3488372093	0.447857142857
235.5	0.087499978125	8.93742690396e-06	0.00024514910657	0	1510754239.9933517	83.3488372093	0.447857142857
234.5	0.087499978125	1.88864972476e-06	0.000272284101636	0	1510754240.990225	82.8670520231	0.439285714286
234.0	0.0833333125	3.45231805302e-05	0.000271068886491	0	1510754241.985916	82.8670520231	0.450952380952
233.5	0.0812499796875	4.6726792442e-05	0.000215269480075	0	1510754242.9964333	83.3488372093	0.453571428571
233.0	0.0833333125	4.75290831325e-05	0.000249303228978	0	1510754243.9971654	83.3488372093	0.453571428571
232.5	0.087499978125	2.93951539415e-05	0.000197101782133	0	1510754244.994035	82.8670520231	0.450952380952
232.0	0.0833333125	1.21354136328e-05	0.000223149744422	0	1510754246.0028021	83.3488372093	0.446912972085
231.5	0.0854166453125	1.34649089145e-05	0.000215801101952	0	1510754246.998276	82.8670520231	0.450952380952
230.5	0.0854166453125	6.1514321539e-06	0.000205133289498	0	1510754247.9965634	83.3488372093	0.453064182195
230.0	0.0895833109375	6.97987353848e-06	0.00022604691922	0	1510754248.9941845	82.8670520231	0.439285714286
229.5	0.0812499796875	1.06869870799e-05	0.000223489956477	0	1510754249.9898255	82.8670520231	0.456666666667
229.0	0.0854166453125	2.77083264062e-05	0.000192517988544	0	1510754250.9865448	83.3488372093	0.453571428571
228.5	0.087499978125	4.09934704773e-05	0.00021258668154	0	1510754252.000378	83.8362573099	0.444523809524
228.0	0.0833333125	1.69665361624e-05	0.000282439010444	0	1510754252.9964983	82.8670520231	0.456666666667
227.5	0.087499978125	5.87882222827e-06	0.000287966077354	0	1510754253.9875772	82.8670520231	0.445238095238
227.0	0.0854166453125	1.05697385422e-05	0.000221717745959	0	1510754255.003556	83.3488372093	0.453571428571
226.5	0.087499978125	2.34020633105e-05	0.000433877769528	0	1510754255.9992144	83.8362573099	0.442873977874
225.5	0.0854166453125	2.25694388021e-05	0.000195940299902	0	1510754256.996118	83.8362573099	0.438571428571
225.0	0.0833333125	2.73492839428e-05	0.000314707402345	0	1510754257.9936109	83.3488372093	0.453571428571
224.5	0.087499978125	2.19498855801e-05	0.00037451405208	0	1510754258.9903274	84.3294117647	0.434710144928
224.0	0.0854166453125	1.88891182326e-05	0.000265020365553	0	1510754259.9867325	83.3488372093	0.453571428571
223.5	0.0854166453125	7.77479218448e-05	0.000311239513289	0	1510754260.997149	83.3488372093	0.441904761905
222.5	0.087499978125	2.85500987322e-05	0.000210454492168	0	1510754261.9974654	83.3488372093	0.447619047619
222.0	0.0895833109375	7.32269320479e-06	0.000268171468028	0	1510754262.9931507	82.8670520231	0.450952380952
221.5	0.087499978125	1.0542386363e-05	0.000236632963031	0	1510754264.003026	82.8670520231	0.445238095238
221.0	0.0833333125	4.66344315924e-06	0.000221941978009	0	1510754265.0029395	83.8362573099	0.444236343367
220.5	0.087499978125	2.57404981e-05	0.00027044720045	0	1510754265.996607	83.8362573099	0.450476190476
220.0	0.0854166453125	2.10792079147e-05	0.000200077414318	0	1510754266.9936695	83.8362573099	0.450476190476
219.5	0.0812499796875	1.64768208683e-05	0.000232266745699	0	1510754267.9900832	83.8362573099	0.45619047619
219.0	0.0833333125	2.30124154955e-05	0.000215136243007	0	1510754268.9872308	83.8362573099	0.438741837872
218.0	0.0833333125	1.4455778699e-05	0.000238569984425	0	1510754270.0008085	84.3294117647	0.447142857143
217.5	0.079166646875	2.06011958633e-05	0.00027048370044	0	1510754270.9980714	83.8362573099	0.450238095238
217.0	0.087499978125	2.42324500822e-05	0.000189880671667	0	1510754271.9939055	83.8362573099	0.450476190476
216.5	0.0833333125	3.23041507009e-06	0.00022730216027	0	1510754273.0036979	84.3294117647	0.447142857143
216.0	0.0833333125	2.59791996206e-05	0.000291984058886	0	1510754273.9984696	84.8284023669	0.449761904762
215.5	0.0833333125	3.60506012567e-05	0.000202743114167	0	1510754274.9972281	84.8284023669	0.455714285714
215.0	0.0854166453125	7.38379269194e-06	0.000232850302818	0	1510754275.9943018	84.8284023669	0.44380952381
214.5	0.087499978125	2.6184844542e-05	0.000409418018456	0	1510754276.9911656	84.8284023669	0.449761904762
214.0	0.0833333125	7.6355265293e-06	0.000236417438437	0	1510754277.9864388	84.8284023669	0.449761904762
213.0	0.0833333125	3.40135969388e-06	0.00028198225786	0	1510754278.9942775	84.8284023669	0.449730848861
212.5	0.0812499796875	1.87074783163e-05	0.000203735838169	0	1510754279.9902496	84.8284023669	0.449761904762
212.0	0.0812499796875	1.01464977347e-05	0.000255095993231	0	1510754280.994406	84.8284023669	0.443778467909
211.5	0.0833333125	2.42346878189e-05	0.000229443836786	0	1510754282.003154	84.8284023669	0.449761904762
211.0	0.0854166453125	1.023476145e-05	0.000272619761544	0	1510754282.9992309	85.3333333333	0.446428571429
210.5	0.079166646875	4.20918262117e-05	0.000246515362402	0	1510754283.996515	84.8284023669	0.449761904762
210.0	0.079166646875	2.37280642434e-05	0.000242617151692	0	1510754284.993331	84.8284023669	0.443778467909
209.0	0.0854166453125	1.41752541881e-05	0.00026571048638	0	1510754285.989222	84.8284023669	0.44380952381
208.5	0.0854166453125	8.32795837363e-06	0.000261476670203	0	1510754286.986063	85.3333333333	0.440452918009
208.0	0.0854166453125	3.99309108392e-06	0.0002956923627	0	1510754288.0013416	85.3333333333	0.452080745342
207.5	0.087499978125	5.32556424707e-05	0.000223086844332	0	1510754288.9913187	85.3333333333	0.440476190476
207.0	0.0854166453125	6.09109653261e-05	0.00028657684266	0	1510754289.9940624	84.8284023669	0.449730848861
206.5	0.0833333125	1.73611067708e-06	0.000244079117204	0	1510754291.0040622	85.3333333333	0.443121693122
206.0	0.0833333125	1.50433095267e-05	0.000240801998282	0	1510754291.999688	84.8284023669	0.44380952381
205.0	0.087499978125	4.08249056187e-05	0.000193208817714	0	1510754292.9964197	84.8284023669	0.449730848861
204.5	0.0833333125	2.81207412691e-05	0.000297807597918	0	1510754293.994436	84.8284023669	0.455714285714
204.0	0.0812499796875	7.43634073351e-05	0.00020726902182	0	1510754294.9902775	84.8284023669	0.461428571429
203.5	0.0854166453125	2.33748509719e-05	0.000252634231558	0	1510754295.985697	84.8284023669	0.449761904762
203.0	0.0833333125	6.68882811503e-05	0.000320490904801	0	1510754296.99	84.8284023669	0.44380952381
202.5	0.087499978125	4.36084118484e-05	0.000260511152518	0	1510754297.9988182	84.8284023669	0.449761904762
202.0	0.0833333125	3.40135969388e-06	0.000240606006659	0	1510754298.9935675	85.3333333333	0.452380952381
201.5	0.0812499796875	6.36051888524e-05	0.000288366172241	0	1510754300.0044632	85.3333333333	0.445791454922
200.5	0.0854166453125	1.09126956845e-05	0.000266215139087	0	1510754300.9999428	83.3488372093	0.45835978836
200.0	0.0854166453125	3.22164867912e-05	0.000239150417115	0	1510754301.9971695	84.8284023669	0.443203463203
199.5	0.0812499796875	2.47838656861e-05	0.00027480910111	0	1510754302.9937556	84.8284023669	0.44380952381
199.0	0.0854166453125	2.55101977041e-05	0.000247879921859	0	1510754303.9898481	84.8284023669	0.44380952381
198.5	0.079166646875	3.39330723248e-06	0.000331755033265	0	1510754304.986856	84.8284023669	0.449761904762
198.0	0.079166646875	4.13981278531e-06	0.000292859576433	0	1510754306.0036883	85.8443113772	0.44867965368
197.5	0.0812499796875	1.51044916303e-05	0.000265626447706	0	1510754306.9985635	84.8284023669	0.449761904762
197.0	0.087499978125	4.00624067037e-05	0.000256888521234	0	1510754307.988298	84.8284023669	0.449761904762
196.5	0.079166646875	3.99144653399e-05	0.000230455719014	0	1510754308.9931614	84.8284023669	0.437857142857
195.5	0.079166646875	3.59161703582e-05	0.000248508880101	0	1510754310.0001698	85.3333333333	0.446366459627
195.0	0.087499978125	3.57098935902e-05	0.000238682401357	0	1510754310.9979572	84.8284023669	0.444016563147
194.5	0.0812499796875	8.20446530284e-05	0.00024628756778	0	1510754311.9942586	84.8284023669	0.449761904762
194.0	0.0895833109375	6.44329735825e-06	0.000218781337133	0	1510754312.990664	85.3333333333	0.446428571429
193.5	0.087499978125	1.11918476796e-05	0.000240841463513	0	1510754313.9860737	84.8284023669	0.449761904762
193.0	0.0812499796875	1.14489065985e-05	0.000313905605857	0	1510754315.0023963	84.8284023669	0.449761904762
192.5	0.0812499796875	8.65203197955e-05	0.00027891640199	0	1510754315.9981983	85.3333333333	0.440476190476
192.0	0.0812499796875	2.73993549567e-05	0.000332708195579	0	1510754316.9939153	84.8284023669	0.449730848861
191.5	0.0854166453125	3.28787145753e-05	0.000288366812107	0	1510754317.9887588	84.8284023669	0.437857142857
190.5	0.087499978125	3.40135969388e-06	0.000214174699743	0	1510754319.0031888	83.8362573099	0.450476190476
190.0	0.0854166453125	2.67857075893e-05	0.000247879557227	0	1510754319.9980261	84.3294117647	0.447142857143
189.5	0.0854166453125	1.37342781579e-05	0.000233418527671	0	1510754320.9943275	84.3294117647	0.453095238095
189.0	0.0833333125	3.93583503951e-05	0.000232605111623	0	1510754321.9891565	84.3294117647	0.452857142857
188.5	0.0833333125	6.40034204253e-05	0.000277894002851	0	1510754322.9865797	83.3488372093	0.453068783069
188.0	0.087499978125	4.0660026629e-05	0.00028617602704	0	1510754324.0028594	84.8284023669	0.449761904762
187.5	0.0854166453125	2.49140831186e-05	0.000304564396629	0	1510754324.9908316	84.8284023669	0.443281573499
186.5	0.0833333125	5.57375442468e-05	0.000276282997775	0	1510754325.995521	84.3294117647	0.435238095238
186.0	0.0812499796875	6.62202215402e-05	0.000298688479859	0	1510754326.9935381	84.8284023669	0.449233954451
185.5	0.0833333125	6.48405664876e-05	0.000243161536897	0	1510754327.999957	85.3333333333	0.45234989648
185.0	0.0812499796875	9.82142611607e-05	0.000266544606886	0	1510754328.9949968	85.3333333333	0.452380952381
184.5	0.0833333125	0.000151351917085	0.000215245528498	0	1510754329.994045	85.8443113772	0.461180124224
184.0	0.0833333125	0.000205610475636	0.000270674205224	0	1510754330.9907858	85.3333333333	0.458333333333
183.5	0.0833333125	0.000212095391214	0.00026652475599	0	1510754331.9863312	85.3333333333	0.458333333333
182.5	0.079166646875	0.000247461394807	0.0002462225554	0	1510754333.0025578	88.0860215054	0.421946510297
182.0	0.0854166453125	0.000464776516108	0.000317716634148	0	1510754333.9983225	85.3333333333	0.452380952381
181.5	0.0812499796875	0.000784483334133	0.000209256903069	0	1510754334.994081	85.8443113772	0.443064182195
181.0	0.087499978125	0.00290245924827	0.000335640609779	0	1510754335.9941413	85.3333333333	0.458333333333
180.5	0.0833333125	0.00230969435727	0.000229458142221	0	1510754336.9999483	85.3333333333	0.422587991718
180.0	0.087499978125	0.00414756303924	0.000271472082473	0	1510754337.9977965	85.3333333333	0.458333333333
179.5	0.0854166453125	0.00926851620139	0.0	0	1510754338.9925873	84.8284023669	0.425921325052
178.5	0.0770833140625	0.00897264085448	0.0	0	1510754339.9905734	85.3333333333	0.458333333333
178.0	0.0833333125	0.0	0.0	0	1510754340.9858322	85.8443113772	0.454968944099
177.5	0.0854166453125	0.00877039711296	0.0	0	1510754342.003008	84.3294117647	0.447111801242
177.0	0.079166646875	0.00919916436688	0.0	0	1510754343.0000029	84.3294117647	0.453095238095
176.5	0.0833333125	0.00450314214907	0.000194845424388	0	1510754343.994713	83.8362573099	0.438571428571

#$Filter:1
#$	0	1	 1
#$	1	op06	0.251188643150958
#$	2	op09*op09	0.015848931924611138
#$	3	op18*op18*op18	3.9810717055349725e-06
#$	4	ns12	1e-7
#$	5	0	 1e-22
#$POWER:19.9, mW
#$WAVELENGTH:1064,nm
#$OBJECT:Air1, bscat	=
angle	ref	signal	signal_std	filter	Time	freq	duty_cycle
183.5	0.0854166453125	0.000243625511328	0.000203781593961	0	1510754369.1000133	84.3294117647	0.447142857143
183.5	0.0854166453125	0.000190520248762	0.000262350608774	0	1510754369.6029928	84.3294117647	0.435238095238
183.5	0.0854166453125	0.000155815933268	0.000210819530249	0	1510754370.3734744	84.3294117647	0.44119047619
183.0	0.0854166453125	0.000260416601563	0.000291418149188	0	1510754371.1402571	84.3294117647	0.44119047619
182.5	0.087499978125	0.000393548792584	0.000289166152219	0	1510754371.5982878	85.3333333333	0.446060606061

#$Filter:1
#$	0	1	 1
#$	1	op06	0.251188643150958
#$	2	op09*op09	0.015848931924611138
#$	3	op18*op18*op18	3.9810717055349725e-06
#$	4	ns12	1e-7
#$	5	0	 1e-22
#$POWER:19.9, mW
#$WAVELENGTH:1064,nm
#$OBJECT:Air1, bscat	=
angle	ref	signal	signal_std	filter	Time	freq	duty_cycle
182.0	0.0854166453125	0.000879496380257	0.000241363010231	0	1510754379.0000343	84.8284023669	0.449761904762
181.5	0.0812499796875	0.001011508195	0.000476210443416	0	1510754379.9980223	85.8443113772	0.439757303888
181.5	0.0854166453125	0.0014275438513	0.000298359224768	0	1510754381.0043097	84.8284023669	0.44380952381
181.0	0.087499978125	0.00262519452451	0.000250332926942	0	1510754382.0015829	84.3294117647	0.44119047619
180.5	0.0895833109375	0.00276340988171	0.000286882768199	0	1510754383.0200415	84.8284023669	0.447993197279
180.0	0.0854166453125	0.00479549199841	0.000325643555185	0	1510754384.0018027	84.8284023669	0.449761904762

#$Filter:op06
#$	0	1	 1
#$	1	op06	0.251188643150958
#$	2	op09*op09	0.015848931924611138
#$	3	op18*op18*op18	3.9810717055349725e-06
#$	4	ns12	1e-7
#$	5	0	 1e-22
#$POWER:19.9, mW
#$WAVELENGTH:1064,nm
#$OBJECT:Air1, bscat	=
angle	ref	signal	signal_std	filter	Time	freq	duty_cycle
179.5	0.087499978125	0.00442830539545	0.000438678484856	1	1510754392.4889824	83.8362573099	0.450476190476
179.5	0.087499978125	0.00602115888898	0.000646757107522	1	1510754393.2463984	83.8362573099	0.450476190476

#$Filter:op09*op09
#$	0	1	 1
#$	1	op06	0.251188643150958
#$	2	op09*op09	0.015848931924611138
#$	3	op18*op18*op18	3.9810717055349725e-06
#$	4	ns12	1e-7
#$	5	0	 1e-22
#$POWER:19.9, mW
#$WAVELENGTH:1064,nm
#$OBJECT:Air1, bscat	=
angle	ref	signal	signal_std	filter	Time	freq	duty_cycle
179.0	0.0854166453125	0.00924092178218	0.0	2	1510754406.0021696	83.8362573099	0.426428571429
178.5	0.0854166453125	0.00867491102572	0.0	2	1510754406.9929519	83.3488372093	0.447857142857

#$Filter:op09*op09
#$	0	1	 1
#$	1	op06	0.251188643150958
#$	2	op09*op09	0.015848931924611138
#$	3	op18*op18*op18	3.9810717055349725e-06
#$	4	ns12	1e-7
#$	5	0	 1e-22
#$POWER:19.9, mW
#$WAVELENGTH:1064,nm
#$OBJECT:Air1, bscat	=
angle	ref	signal	signal_std	filter	Time	freq	duty_cycle
178.5	0.087499978125	0.0946282997287	0.00120944493064	2	1510754423.5056798	84.3294117647	0.42962585034
178.0	0.0854166453125	0.013587467674	0.00149604254229	2	1510754424.278569	83.8362573099	0.450238095238
177.5	0.087499978125	0.000807455938487	0.000322640930717	2	1510754425.043505	83.8362573099	0.450238095238
177.5	0.0812499796875	0.000704187749123	0.000353479668277	2	1510754425.5022473	84.3294117647	0.440900621118

#$Filter:1
#$	0	1	 1
#$	1	op06	0.251188643150958
#$	2	op09*op09	0.015848931924611138
#$	3	op18*op18*op18	3.9810717055349725e-06
#$	4	ns12	1e-7
#$	5	0	 1e-22
#$POWER:19.9, mW
#$WAVELENGTH:1064,nm
#$OBJECT:Air1, bscat	=
angle	ref	signal	signal_std	filter	Time	freq	duty_cycle
177.0	0.0854166453125	0.00728479341002	0.000332158361498	0	1510754455.5109465	83.8362573099	0.450476190476
177.0	0.0812499796875	0.0044987666215	0.000331918295195	0	1510754456.281272	83.8362573099	0.450476190476
176.5	0.0833333125	0.00301136288352	0.000395365262569	0	1510754457.047641	83.8362573099	0.450476190476
176.5	0.087499978125	0.00221715177056	0.000242533284553	0	1510754457.5064826	83.8362573099	0.444523809524
176.0	0.087499978125	0.00221715177056	0.000242533284553	0	1510754458.272964	83.8362573099	0.444523809524

#$Filter:1
#$	0	1	 1
#$	1	op06	0.251188643150958
#$	2	op09*op09	0.015848931924611138
#$	3	op18*op18*op18	3.9810717055349725e-06
#$	4	ns12	1e-7
#$	5	0	 1e-22
#$POWER:19.9, mW
#$WAVELENGTH:1064,nm
#$OBJECT:Air1, bscat	=
angle	ref	signal	signal_std	filter	Time	freq	duty_cycle
176.0	0.0833333125	0.000118470253232	0.000435550259694	0	1510754464.5454328	83.3488372093	0.441904761905
175.5	0.0854166453125	2.11736102951e-05	0.000233483023335	0	1510754465.3035033	83.8362573099	0.450408504539
175.5	0.0854166453125	2.11736102951e-05	0.000233483023335	0	1510754466.0728805	83.8362573099	0.450408504539
175.0	0.0895833109375	6.35060382545e-05	0.000325283376369	0	1510754466.5422432	84.8284023669	0.419329004329
175.0	0.0895833109375	6.35060382545e-05	0.000325283376369	0	1510754467.3069756	84.8284023669	0.419329004329
174.5	0.0854166453125	1.42839014804e-05	0.000209237624614	0	1510754468.091968	83.3488372093	0.441904761905
174.5	0.0833333125	1.38157398225e-05	0.000229964958197	0	1510754468.546802	83.3488372093	0.459285714286
174.0	0.0833333125	1.38157398225e-05	0.000229964958197	0	1510754469.3257313	83.3488372093	0.459285714286
174.0	0.0854166453125	3.46095693267e-05	0.000248535397113	0	1510754470.105133	83.3488372093	0.453571428571
173.5	0.0854166453125	4.56798131414e-05	0.000273090207298	0	1510754470.5501053	82.8670520231	0.445
173.5	0.0854166453125	4.56798131414e-05	0.000273090207298	0	1510754471.337954	82.8670520231	0.445
173.5	0.087499978125	7.6344400111e-05	0.000229692005983	0	1510754472.1103823	83.3488372093	0.453571428571
173.0	0.087499978125	9.83457570252e-05	0.000279595400413	0	1510754472.5422015	83.3488372093	0.441666666667
173.0	0.0854166453125	8.20536962527e-05	0.000279278932927	0	1510754473.3201435	83.3488372093	0.441904761905
172.5	0.0833333125	6.57312760842e-05	0.000373699243257	0	1510754474.1135395	83.8362573099	0.444523809524
172.0	0.0854166453125	8.74409145659e-05	0.000375183720143	0	1510754474.5450468	83.8362573099	0.432619047619
171.5	0.0854166453125	4.25526096368e-05	0.000241897914616	0	1510754475.3243508	83.8362573099	0.432619047619
170.5	0.0833333125	3.23830482195e-05	0.000246516361656	0	1510754476.0906768	83.3488372093	0.441904761905
170.0	0.087499978125	2.32824642704e-06	0.000211580178915	0	1510754476.5536184	83.8362573099	0.450476190476
169.5	0.087499978125	2.32824642704e-06	0.000211580178915	0	1510754477.3164644	83.8362573099	0.450476190476
169.0	0.0854166453125	7.84504327333e-05	0.000265424586653	0	1510754478.0853865	83.8362573099	0.450476190476
168.5	0.0854166453125	5.91847517523e-05	0.000220540302775	0	1510754478.5410085	84.3294117647	0.435238095238
168.0	0.0854166453125	5.91847517523e-05	0.000220540302775	0	1510754479.3202212	84.3294117647	0.435238095238
167.5	0.0833333125	7.71276402926e-05	0.000220085155749	0	1510754480.0900474	83.8362573099	0.45619047619
166.5	0.0833333125	8.50605654695e-05	0.000229725983592	0	1510754480.5440414	83.8362573099	0.444523809524
166.0	0.0833333125	8.50605654695e-05	0.000229725983592	0	1510754481.3135722	83.8362573099	0.444523809524
165.5	0.0854166453125	9.84848238636e-05	0.000279881768464	0	1510754482.1147683	83.8362573099	0.444523809524
165.0	0.087499978125	9.05546468634e-06	0.000230869196947	0	1510754482.5477314	84.3294117647	0.453095238095
164.0	0.087499978125	7.7319568299e-06	0.000271276337636	0	1510754483.3136938	83.8362573099	0.444523809524
163.5	0.087499978125	7.7319568299e-06	0.000271276337636	0	1510754484.0744843	83.8362573099	0.444523809524
163.0	0.0833333125	3.46272443062e-05	0.000213758611654	0	1510754484.5520542	83.8362573099	0.444523809524
162.0	0.0854166453125	3.46030570093e-05	0.000293461068746	0	1510754485.3302548	83.8362573099	0.432619047619
161.5	0.0833333125	4.60600791879e-05	0.000301336732995	0	1510754486.1100059	83.8362573099	0.450476190476
161.0	0.0833333125	4.60600791879e-05	0.000301336732995	0	1510754486.5460823	83.8362573099	0.450476190476
160.0	0.0854166453125	2.2991726415e-05	0.000214815529118	0	1510754487.3120077	83.8362573099	0.45619047619
159.5	0.0854166453125	6.88596319079e-05	0.00022930185082	0	1510754488.0779738	83.3488372093	0.441904761905
159.0	0.0854166453125	2.55180093396e-06	0.000192475096129	0	1510754488.5457795	83.8362573099	0.45619047619
158.0	0.0854166453125	2.55180093396e-06	0.000192475096129	0	1510754489.3037572	83.8362573099	0.45619047619
157.5	0.0854166453125	7.40935364244e-05	0.00026846781452	0	1510754490.0625389	83.8362573099	0.444523809524
156.5	0.0833333125	7.69377432703e-05	0.00026998027939	0	1510754490.5423665	83.8362573099	0.444523809524
155.5	0.0833333125	7.69377432703e-05	0.00026998027939	0	1510754491.3063736	83.8362573099	0.444523809524
155.0	0.0854166453125	4.90362689201e-05	0.000199337616379	0	1510754492.0663826	83.8362573099	0.444285714286
154.5	0.0854166453125	2.7220105331e-05	0.0002081574002	0	1510754492.54519	83.8362573099	0.444523809524
153.5	0.0833333125	1.63089184817e-06	0.00018849200678	0	1510754493.312099	83.8362573099	0.450476190476
153.0	0.0833333125	4.7363978944e-05	0.000221062530962	0	1510754494.0709245	83.8362573099	0.450476190476
152.5	0.0833333125	2.48316436237e-05	0.000218956312718	0	1510754494.538961	83.3488372093	0.447857142857
151.5	0.0833333125	2.48316436237e-05	0.000218956312718	0	1510754495.3159611	83.3488372093	0.447857142857
151.0	0.0833333125	1.95120654984e-05	0.000177546887139	0	1510754496.0775092	83.8362573099	0.450476190476
150.5	0.0833333125	4.46735283505e-05	0.00028808257183	0	1510754496.5415225	83.3488372093	0.435952380952
149.5	0.0833333125	4.46735283505e-05	0.00028808257183	0	1510754497.3076315	83.3488372093	0.435952380952
148.5	0.087499978125	1.53061186224e-05	0.000218641973425	0	1510754498.0642552	82.8670520231	0.445238095238
148.0	0.087499978125	3.97795056411e-05	0.000241652078212	0	1510754498.5449364	83.3488372093	0.447587991718
147.5	0.087499978125	3.97795056411e-05	0.000241652078212	0	1510754499.3122072	83.3488372093	0.447587991718
146.5	0.0895833109375	3.45117758838e-05	0.000279479590594	0	1510754500.0790172	82.8670520231	0.445238095238
146.0	0.0833333125	1.02777752083e-05	0.000200881686685	0	1510754500.5476985	82.8670520231	0.449948240166
145.5	0.0833333125	1.02777752083e-05	0.000200881686685	0	1510754501.314805	82.8670520231	0.449948240166
144.5	0.087499978125	2.60306952467e-05	0.00021153000474	0	1510754502.0853982	82.8670520231	0.445238095238
144.0	0.087499978125	3.25716764449e-06	0.000227752778756	0	1510754502.541607	82.3908045977	0.448333333333
143.5	0.0854166453125	2.00390956745e-05	0.000320692077279	0	1510754503.3095264	82.3908045977	0.442619047619
142.5	0.0854166453125	2.71010570545e-05	0.000231742660397	0	1510754504.0885026	83.3488372093	0.447587991718
142.0	0.0895833109375	7.73447483581e-06	0.000245540714397	0	1510754504.544473	82.3908045977	0.436666666667
141.0	0.0895833109375	8.26819883033e-06	0.000202266538054	0	1510754505.309122	82.3908045977	0.436666666667
140.5	0.087499978125	2.70810888259e-05	0.000188881247067	0	1510754506.0791063	82.3908045977	0.436666666667
140.0	0.0833333125	5.44491168678e-05	0.000184568102491	0	1510754506.5480695	83.3488372093	0.447857142857
139.0	0.0833333125	5.44491168678e-05	0.000184568102491	0	1510754507.3070529	83.3488372093	0.447857142857
138.5	0.0895833109375	1.96271880757e-05	0.000302614399931	0	1510754508.0709045	82.8670520231	0.445238095238
137.5	0.0854166453125	1.33161478737e-05	0.000278583685674	0	1510754508.5426793	82.8670520231	0.433534798535
137.0	0.087499978125	3.5544208801e-05	0.000323302548994	0	1510754509.3086903	83.3488372093	0.441904761905
136.5	0.087499978125	1.39130085351e-05	0.000208681802636	0	1510754510.0736194	83.3488372093	0.441904761905
135.5	0.0895833109375	4.65864289123e-05	0.000242649256433	0	1510754510.5444531	82.8670520231	0.450952380952
134.5	0.0895833109375	4.65864289123e-05	0.000242649256433	0	1510754511.321172	82.8670520231	0.450952380952
134.0	0.087499978125	1.29871284341e-05	0.000209823416998	0	1510754512.0777497	82.8670520231	0.439285714286
133.5	0.087499978125	2.02895321068e-05	0.000191668332334	0	1510754512.5386896	82.8670520231	0.439285714286
132.5	0.087499978125	2.02895321068e-05	0.000191668332334	0	1510754513.3027582	82.8670520231	0.439285714286
132.0	0.087499978125	5.40513520144e-05	0.0004073020228	0	1510754514.0625725	83.3488372093	0.435952380952
131.5	0.0854166453125	1.65602795479e-05	0.000268859406612	0	1510754514.542596	83.3488372093	0.453571428571
130.5	0.0854166453125	1.65602795479e-05	0.000268859406612	0	1510754515.308726	83.3488372093	0.453571428571
130.0	0.087499978125	1.99169060667e-05	0.000219210192069	0	1510754516.073694	83.8362573099	0.450476190476
129.5	0.0854166453125	1.75042911566e-05	0.000198227496074	0	1510754516.5456126	83.8362573099	0.438571428571
128.5	0.0854166453125	1.75042911566e-05	0.000198227496074	0	1510754517.3135514	83.8362573099	0.438571428571
127.5	0.0854166453125	1.36054387755e-05	0.000259095658336	0	1510754518.081288	83.8362573099	0.444523809524
127.5	0.087499978125	3.69897866709e-05	0.000229431607608	0	1510754518.545165	83.3488372093	0.447857142857
126.5	0.0833333125	2.83147122799e-05	0.000282519302691	0	1510754519.3028302	83.8362573099	0.438571428571
125.5	0.0833333125	2.83147122799e-05	0.000282519302691	0	1510754520.0531235	83.8362573099	0.438571428571
125.0	0.087499978125	4.77430436198e-06	0.000194156930653	0	1510754520.541464	84.8284023669	0.437329192547
124.5	0.0854166453125	2.50850277423e-05	0.000192327266459	0	1510754521.310345	83.8362573099	0.450476190476
123.5	0.0854166453125	1.82823083546e-05	0.00026973876104	0	1510754522.0908039	83.8362573099	0.450476190476
123.0	0.087499978125	7.80612049745e-06	0.000240758290306	0	1510754522.5455813	83.8362573099	0.450476190476
122.5	0.087499978125	7.80612049745e-06	0.000240758290306	0	1510754523.3024957	83.8362573099	0.450476190476
121.5	0.087499978125	1.61564585459e-05	0.000291097389002	0	1510754524.0809314	84.3294117647	0.441397515528
121.0	0.0854166453125	2.5773189433e-05	0.000224226748067	0	1510754524.5483994	83.8362573099	0.444523809524
120.0	0.0854166453125	2.5773189433e-05	0.000224226748067	0	1510754525.3150742	83.8362573099	0.444523809524
119.5	0.0833333125	2.80902707552e-05	0.000233352247438	0	1510754526.0687382	83.8362573099	0.450238095238
119.0	0.087499978125	2.57167834629e-05	0.000193555062145	0	1510754526.541953	83.8362573099	0.450476190476
118.0	0.087499978125	2.57167834629e-05	0.000193555062145	0	1510754527.3088818	83.8362573099	0.450476190476
117.5	0.087499978125	3.68255921682e-05	0.000303743636848	0	1510754528.0746524	83.8362573099	0.450476190476
117.0	0.087499978125	6.45018262782e-05	0.000217376640972	0	1510754528.5447712	84.3294117647	0.447142857143
116.0	0.0854166453125	6.00680192778e-05	0.000222117720405	0	1510754529.3216689	84.3294117647	0.453095238095
115.5	0.0854166453125	5.4149731334e-06	0.000260810969215	0	1510754530.0820162	84.3294117647	0.453095238095
115.0	0.087499978125	1.48152007285e-06	0.000320305551129	0	1510754530.5463893	84.3294117647	0.44119047619
114.0	0.0854166453125	2.22413079181e-05	0.000245247191963	0	1510754531.3059473	84.3294117647	0.453095238095
113.5	0.0854166453125	9.28556165167e-06	0.000236319896931	0	1510754532.0702534	83.8362573099	0.450476190476
113.0	0.0833333125	4.60279357544e-05	0.000288819366394	0	1510754532.5520997	83.8362573099	0.450238095238
111.5	0.0833333125	4.60279357544e-05	0.000288819366394	0	1510754533.3096533	83.8362573099	0.450238095238
111.0	0.0854166453125	4.91531541329e-05	0.000196428522321	0	1510754534.074975	83.8362573099	0.438571428571
110.5	0.0833333125	2.22576587985e-05	0.000242280193854	0	1510754534.5447712	83.8362573099	0.450238095238
110.0	0.0833333125	2.22576587985e-05	0.000242280193854	0	1510754535.29963	83.8362573099	0.450238095238
109.0	0.0812499796875	7.70284895148e-06	0.000232753787269	0	1510754536.068506	84.3294117647	0.435578231293
108.5	0.0854166453125	2.6847072326e-07	0.000278876878827	0	1510754536.5454688	83.8362573099	0.432619047619
108.0	0.0833333125	9.87972261598e-06	0.000264807589123	0	1510754537.33834	85.8443113772	0.435
107.0	0.0833333125	5.41236978093e-05	0.000242127802206	0	1510754538.1063385	85.8443113772	0.435
106.5	0.087499978125	8.68055338542e-06	0.000216359636939	0	1510754538.5421553	83.8362573099	0.432619047619
106.0	0.087499978125	8.68055338542e-06	0.000216359636939	0	1510754539.3202202	83.8362573099	0.432619047619
104.5	0.0854166453125	4.59621878222e-06	0.000213233973057	0	1510754540.0859349	83.8362573099	0.45619047619
104.5	0.0833333125	9.87972261598e-06	0.000248240096268	0	1510754540.5504003	84.3294117647	0.452329192547
103.5	0.087499978125	2.53925975019e-05	0.000285605686756	0	1510754541.313618	83.8362573099	0.444523809524
103.0	0.0854166453125	8.33590803765e-06	0.000231332921775	0	1510754542.0765722	83.8362573099	0.450476190476
102.5	0.087499978125	2.28232988737e-05	0.000212178555046	0	1510754542.5452952	83.8362573099	0.444523809524
101.5	0.087499978125	2.28232988737e-05	0.000212178555046	0	1510754543.3023398	83.8362573099	0.444523809524
101.0	0.087499978125	9.98371969615e-06	0.000213504772167	0	1510754544.0498881	83.8362573099	0.438571428571
100.5	0.087499978125	2.31377493176e-05	0.000246312677187	0	1510754544.5413332	83.3488372093	0.447857142857
99.5	0.0854166453125	4.18880989384e-05	0.000276661527717	0	1510754545.3062484	83.3488372093	0.447857142857
99.0	0.0854166453125	3.5785138446e-05	0.00025752422092	0	1510754546.0631351	83.3488372093	0.447857142857
98.5	0.087499978125	3.86712776737e-05	0.000297904812529	0	1510754546.5445013	83.8362573099	0.450476190476
97.5	0.087499978125	3.86712776737e-05	0.000297904812529	0	1510754547.309853	83.8362573099	0.450476190476
96.5	0.0854166453125	2.10437657828e-05	0.00020691233882	0	1510754548.0798554	83.8362573099	0.444523809524
96.0	0.0833333125	1.54607258813e-05	0.00021332027073	0	1510754548.54734	83.3488372093	0.447857142857
95.5	0.0833333125	1.54607258813e-05	0.00021332027073	0	1510754549.3135247	83.3488372093	0.447857142857
94.5	0.087499978125	3.63464614174e-05	0.000206761921826	0	1510754550.0845146	84.8284023669	0.435921935208
94.0	0.0854166453125	4.0110621854e-05	0.000281938982522	0	1510754550.5422995	83.8362573099	0.444523809524
93.5	0.087499978125	4.4390872472e-05	0.000186071362202	0	1510754551.3112	85.3333333333	0.433614718615
92.5	0.0854166453125	6.2176689104e-05	0.000307272999798	0	1510754552.0890806	83.8362573099	0.450476190476
92.0	0.0854166453125	5.35714151786e-05	0.000304336171547	0	1510754552.5451434	84.3294117647	0.447111801242
91.5	0.0854166453125	4.67686957908e-05	0.000219449077643	0	1510754553.3135974	84.3294117647	0.447111801242
90.5	0.0854166453125	3.41429676175e-05	0.000184930525594	0	1510754554.0819201	83.8362573099	0.45619047619
90.0	0.0854166453125	9.73219930946e-06	0.000223641278082	0	1510754554.553707	83.8362573099	0.45619047619
89.0	0.087499978125	5.19938300714e-06	0.000266426168798	0	1510754555.3145998	83.8362573099	0.438571428571
88.5	0.0833333125	2.31786883634e-05	0.000231831418191	0	1510754556.0744953	83.8362573099	0.45619047619
88.0	0.087499978125	6.75403794006e-06	0.000212943152227	0	1510754556.542371	83.3488372093	0.441904761905
87.0	0.087499978125	6.75403794006e-06	0.000212943152227	0	1510754557.3099837	83.3488372093	0.441904761905
86.5	0.0854166453125	2.72065829049e-05	0.000246075687067	0	1510754558.0672977	83.8362573099	0.450476190476
85.5	0.087499978125	2.36554923679e-05	0.000228574556859	0	1510754558.5442784	83.3488372093	0.447857142857
85.0	0.087499978125	2.36554923679e-05	0.000228574556859	0	1510754559.3121598	83.3488372093	0.447857142857
84.5	0.0854166453125	3.22559355506e-05	0.000236459106554	0	1510754560.0768647	83.8362573099	0.442728647014
84.0	0.0854166453125	6.19345521578e-06	0.000250277806632	0	1510754560.5456812	83.8362573099	0.442728647014
83.0	0.0854166453125	6.19345521578e-06	0.000250277806632	0	1510754561.3205729	83.8362573099	0.442728647014
82.0	0.0833333125	5.28556712907e-05	0.000285459594248	0	1510754562.0965896	83.3488372093	0.453571428571
81.5	0.0854166453125	7.36110927083e-06	0.000194766103826	0	1510754562.542187	83.3488372093	0.447857142857
81.0	0.0854166453125	7.36110927083e-06	0.000194766103826	0	1510754563.3073823	83.3488372093	0.447857142857
80.0	0.087499978125	2.01758488027e-05	0.000329562673447	0	1510754564.0683038	83.3488372093	0.441904761905
79.5	0.0854166453125	9.75876949013e-06	0.000185814134174	0	1510754564.5460932	83.3488372093	0.459285714286
79.0	0.0854166453125	9.75876949013e-06	0.000185814134174	0	1510754565.3250692	83.3488372093	0.459285714286
78.0	0.0854166453125	5.90188139967e-06	0.00025521892793	0	1510754566.086954	83.3488372093	0.441904761905
77.5	0.087499978125	2.31481423611e-06	0.000229307920395	0	1510754566.5489104	83.3488372093	0.447857142857
77.0	0.087499978125	2.31481423611e-06	0.000229307920395	0	1510754567.302945	83.3488372093	0.447857142857
76.0	0.0895833109375	2.12240640319e-06	0.000236169491144	0	1510754568.0557435	83.3488372093	0.441904761905
75.5	0.087499978125	9.97582994428e-06	0.000308200130317	0	1510754568.5416708	83.3488372093	0.441904761905
74.5	0.087499978125	1.9131200891e-05	0.000319532999608	0	1510754569.3205535	82.8670520231	0.445238095238
74.0	0.087499978125	2.90336806848e-05	0.000233063401738	0	1510754570.0814602	82.8670520231	0.445238095238
73.5	0.087499978125	3.15518098006e-05	0.000240025294844	0	1510754570.5453854	84.8284023669	0.425043290043
72.5	0.087499978125	3.15518098006e-05	0.000240025294844	0	1510754571.309161	84.8284023669	0.425043290043
72.0	0.0854166453125	4.34290716343e-05	0.000349478095636	0	1510754572.0658946	82.8670520231	0.451153846154
71.5	0.0812499796875	2.90089921809e-05	0.000288409429689	0	1510754572.5488684	83.3488372093	0.441904761905
71.0	0.0812499796875	2.90089921809e-05	0.000288409429689	0	1510754573.3068516	83.3488372093	0.441904761905
70.0	0.087499978125	7.30240367268e-06	0.000230789649371	0	1510754574.0707676	83.3488372093	0.447857142857
69.5	0.0854166453125	7.08762709407e-05	0.000412960797331	0	1510754574.5527935	84.3294117647	0.44537414966
68.5	0.0854166453125	2.69491725556e-05	0.000204677858308	0	1510754575.3186693	84.3294117647	0.447142857143
68.0	0.087499978125	1.39322746245e-05	0.00022309170922	0	1510754576.0883932	83.8362573099	0.444523809524
67.0	0.087499978125	4.25169961735e-06	0.000277911915374	0	1510754576.5440257	83.8362573099	0.444523809524
66.5	0.087499978125	4.25169961735e-06	0.000277911915374	0	1510754577.3018155	83.8362573099	0.444523809524
66.0	0.0833333125	4.14756840755e-05	0.000324406160704	0	1510754578.0662563	82.8670520231	0.450934065934
65.5	0.087499978125	3.66435142279e-05	0.000259007733969	0	1510754578.5480964	83.8362573099	0.444694218825
64.5	0.087499978125	3.66435142279e-05	0.000259007733969	0	1510754579.306637	83.8362573099	0.444694218825
64.0	0.087499978125	4.7963647157e-05	0.0002588600795	0	1510754580.0709376	83.3488372093	0.441904761905
63.5	0.0854166453125	2.53493371076e-05	0.000188587717305	0	1510754580.551691	83.3488372093	0.453571428571
62.5	0.0854166453125	2.53493371076e-05	0.000188587717305	0	1510754581.3215067	83.3488372093	0.453571428571
62.0	0.087499978125	3.20737589884e-05	0.000223778789548	0	1510754582.0882256	83.3488372093	0.447857142857
61.5	0.087499978125	3.84427467648e-05	0.000186723748471	0	1510754582.5445423	83.3488372093	0.43
60.5	0.087499978125	3.84427467648e-05	0.000186723748471	0	1510754583.3013446	83.3488372093	0.43
59.5	0.087499978125	1.74409193777e-05	0.000204237860334	0	1510754584.068304	82.3908045977	0.453741837872
59.0	0.0833333125	2.07675386678e-05	0.000260078382013	0	1510754584.5452545	83.3488372093	0.447619047619
58.5	0.0833333125	2.07675386678e-05	0.000260078382013	0	1510754585.3027585	83.3488372093	0.447619047619
57.5	0.087499978125	1.68693697949e-05	0.00023284487036	0	1510754586.0620487	83.3488372093	0.447857142857
57.0	0.0854166453125	1.86170166223e-05	0.000214781119551	0	1510754586.5417256	83.3488372093	0.447857142857
56.5	0.0854166453125	1.86170166223e-05	0.000214781119551	0	1510754587.3057358	83.3488372093	0.447857142857
56.0	0.087499978125	1.23684179605e-05	0.000250230386784	0	1510754588.066621	83.8362573099	0.450476190476
56.0	0.0854166453125	4.0868784109e-06	0.000210295291988	0	1510754588.5455	83.3488372093	0.453571428571
55.5	0.0854166453125	4.0868784109e-06	0.000210295291988	0	1510754589.313997	83.3488372093	0.453571428571
54.5	0.087499978125	4.87719176316e-05	0.000285841765148	0	1510754590.0819638	83.3488372093	0.459285714286
54.0	0.0854166453125	4.03911463648e-06	0.000208022849434	0	1510754590.545347	83.3488372093	0.441904761905
53.5	0.0854166453125	1.18261353596e-05	0.000232687006051	0	1510754591.3042727	83.8362573099	0.426666666667
52.5	0.0854166453125	6.27192825658e-06	0.000266615813927	0	1510754592.0681765	83.8362573099	0.45619047619
51.5	0.0854166453125	2.53942874668e-05	0.000217544095507	0	1510754592.541478	83.8362573099	0.450476190476
51.0	0.0854166453125	2.8086985351e-05	0.000206839558186	0	1510754593.3067937	83.8362573099	0.450476190476
50.5	0.0854166453125	1.08979842373e-05	0.00026584465296	0	1510754594.0787373	82.8670520231	0.445
49.5	0.0854166453125	5.48481129446e-06	0.000216250471775	0	1510754594.544713	82.8670520231	0.445
49.0	0.0854166453125	5.48481129446e-06	0.000216250471775	0	1510754595.3096304	82.8670520231	0.445
48.5	0.087499978125	4.4166655625e-05	0.00021942904974	0	1510754596.079448	83.3488372093	0.447857142857
48.0	0.0833333125	2.15570216769e-05	0.00019695421977	0	1510754596.5469875	82.8670520231	0.439285714286
47.0	0.087499978125	7.73226757048e-05	0.000229327159156	0	1510754597.3129294	82.8670520231	0.450952380952
46.5	0.087499978125	8.10909267444e-06	0.000218245360198	0	1510754598.069944	82.8670520231	0.450952380952
46.0	0.0833333125	4.17553087101e-06	0.000274700209912	0	1510754598.5405781	82.8670520231	0.445238095238
44.5	0.0833333125	4.17553087101e-06	0.000274700209912	0	1510754599.3076146	82.8670520231	0.445238095238
44.0	0.087499978125	9.57446569149e-07	0.000293181705735	0	1510754600.0739202	82.8670520231	0.450952380952
43.5	0.087499978125	3.71911829686e-06	0.000210871014041	0	1510754600.5423985	82.8670520231	0.439285714286
43.0	0.0895833109375	6.44841108631e-05	0.000274213530804	0	1510754601.3017092	82.8670520231	0.433571428571
42.0	0.0895833109375	6.44841108631e-05	0.000274213530804	0	1510754602.064612	82.8670520231	0.433571428571
41.5	0.0854166453125	1.15735739057e-05	0.000273612644487	0	1510754602.5465274	83.3488372093	0.441904761905
40.5	0.0854166453125	2.05659532006e-05	0.000268732978617	0	1510754603.316336	83.3488372093	0.441904761905
40.0	0.0854166453125	1.64545158387e-05	0.000230027558655	0	1510754604.0851686	83.3488372093	0.441904761905
39.5	0.0833333125	3.0756259427e-05	0.000278863171253	0	1510754604.5500817	82.8670520231	0.450952380952
38.5	0.0833333125	3.0756259427e-05	0.000278863171253	0	1510754605.3095548	82.8670520231	0.450952380952
37.5	0.0854166453125	2.34649064145e-06	0.000230974252396	0	1510754606.072886	83.3488372093	0.453571428571
37.0	0.087499978125	4.52234544245e-05	0.00025096411067	0	1510754606.5426767	82.8670520231	0.439285714286
36.5	0.087499978125	4.52234544245e-05	0.00025096411067	0	1510754607.3208091	82.8670520231	0.439285714286
35.5	0.0833333125	5.26315657895e-05	0.000230262473762	0	1510754608.0785713	82.8670520231	0.445238095238
35.0	0.087499978125	2.27038950332e-05	0.000243573949648	0	1510754608.54365	83.3488372093	0.453571428571
34.5	0.0854166453125	5.24525468582e-06	0.000280653400319	0	1510754609.3155324	83.3488372093	0.441904761905
34.0	0.087499978125	0.000111545111003	0.000225931894062	0	1510754610.0813637	83.8362573099	0.438281573499
33.0	0.0854166453125	0.000110328919786	0.000227996577357	0	1510754610.5407581	83.3488372093	0.453571428571
32.5	0.0854166453125	4.19736737171e-05	0.000250195694143	0	1510754611.3030794	83.3488372093	0.453571428571
31.5	0.087499978125	7.40740555556e-05	0.000247075677631	0	1510754612.0761359	82.8670520231	0.445238095238
31.5	0.087499978125	1.43186212653e-05	0.000263037307797	0	1510754612.545848	83.3488372093	0.447619047619
30.0	0.087499978125	1.43186212653e-05	0.000263037307797	0	1510754613.3037076	83.3488372093	0.447619047619
29.5	0.087499978125	9.3335995284e-05	0.000224282293066	0	1510754614.0765307	83.3488372093	0.447619047619
29.0	0.087499978125	8.58376074066e-05	0.000219997972138	0	1510754614.5445552	82.8670520231	0.450952380952
28.0	0.087499978125	8.58376074066e-05	0.000219997972138	0	1510754615.2930634	82.8670520231	0.450952380952
27.5	0.0854166453125	0.000102697342747	0.000193079436658	0	1510754616.0524285	82.8670520231	0.450952380952
27.0	0.087499978125	1.52304743486e-05	0.000248766062891	0	1510754616.5398808	82.8670520231	0.450952380952
26.0	0.087499978125	1.52304743486e-05	0.000248766062891	0	1510754617.2978497	82.8670520231	0.450952380952
25.5	0.0812499796875	0.000103686820609	0.000209847159095	0	1510754618.0621731	82.3908045977	0.436666666667
25.0	0.087499978125	8.26152275731e-05	0.000228434759147	0	1510754618.544122	82.3908045977	0.448333333333
24.5	0.087499978125	0.000104970733991	0.0002010075128	0	1510754619.3015397	83.3488372093	0.447857142857
23.5	0.087499978125	0.000104970733991	0.0002010075128	0	1510754620.065688	83.3488372093	0.447857142857
23.0	0.0854166453125	5.07117928776e-05	0.000225764078099	0	1510754620.548657	83.3488372093	0.453571428571
22.0	0.087499978125	5.7214897977e-05	0.00022274286726	0	1510754621.3135366	84.3294117647	0.440822510823
21.0	0.087499978125	7.23684029605e-05	0.000348757628775	0	1510754622.0705202	84.3294117647	0.440822510823
20.5	0.0854166453125	0.000152687496207	0.000209422239708	0	1510754622.551374	83.3488372093	0.459285714286
20.0	0.0854166453125	0.000152687496207	0.000209422239708	0	1510754623.3162708	83.3488372093	0.459285714286
19.0	0.0854166453125	7.51439317793e-05	0.000227206453709	0	1510754624.074134	83.3488372093	0.459285714286
18.5	0.087499978125	0.000128596459079	0.000391574359337	0	1510754624.5430498	82.8670520231	0.450952380952
18.0	0.087499978125	0.000128596459079	0.000391574359337	0	1510754625.3120892	82.8670520231	0.450952380952
17.5	0.0854166453125	0.000160265723352	0.000271079405967	0	1510754626.0776944	82.8670520231	0.456666666667
16.5	0.0854166453125	0.000175797828391	0.000214492240981	0	1510754626.5463088	82.8670520231	0.450952380952
16.0	0.0833333125	0.000138709362578	0.000191959790674	0	1510754627.3053164	82.8670520231	0.456666666667
15.0	0.0833333125	0.000138709362578	0.000191959790674	0	1510754628.069081	82.8670520231	0.456666666667
14.5	0.087499978125	0.000205139059117	0.000310579178085	0	1510754628.551469	82.8670520231	0.445238095238
13.5	0.0833333125	0.000175182634047	0.000265782012058	0	1510754629.3103683	82.3908045977	0.442619047619
13.0	0.0833333125	0.000186931323709	0.000250151520026	0	1510754630.0873308	82.3908045977	0.442619047619
12.5	0.0833333125	7.87529353945e-05	0.000219042858797	0	1510754630.5431333	82.3908045977	0.442619047619
11.5	0.0854166453125	0.000112364798817	0.000325906464873	0	1510754631.310019	82.8670520231	0.449948240166
11.0	0.087499978125	9.71719615226e-05	0.000246971526254	0	1510754632.0698926	82.8670520231	0.445238095238
10.5	0.0812499796875	8.48683998355e-05	0.000289605742074	0	1510754632.5449557	82.3908045977	0.448333333333
9.5	0.0812499796875	8.48683998355e-05	0.000289605742074	0	1510754633.317715	82.3908045977	0.448333333333
9.0	0.087499978125	0.000170021887319	0.000276577162886	0	1510754634.0826035	82.8670520231	0.450714285714
8.5	0.087499978125	6.71751715154e-05	0.00019242058573	0	1510754634.5410943	82.3908045977	0.442619047619
7.5	0.087499978125	6.71751715154e-05	0.00019242058573	0	1510754635.3043957	82.3908045977	0.442619047619
6.5	0.0833333125	5.15784309829e-05	0.000300634850874	0	1510754636.070304	82.3908045977	0.442619047619
6.0	0.0854166453125	2.34649064145e-06	0.000194137556587	0	1510754636.550326	82.8670520231	0.439285714286
5.5	0.0854166453125	2.34649064145e-06	0.000194137556587	0	1510754637.3098485	82.8670520231	0.439285714286
4.5	0.0833333125	7.72933039806e-05	0.000245136658907	0	1510754638.0681767	82.3908045977	0.442619047619
4.0	0.0833333125	3.08607396499e-05	0.000220997553246	0	1510754638.5466094	82.8670520231	0.430687830688
3.5	0.0833333125	3.08607396499e-05	0.000220997553246	0	1510754639.3038218	82.8670520231	0.430687830688
2.5	0.087499978125	1.88059387285e-05	0.000243751092277	0	1510754640.05869	82.8670520231	0.433333333333
2.0	0.087499978125	1.01763221059e-05	0.000230463729142	0	1510754640.5396545	83.3488372093	0.446994671995
1.5	0.0854166453125	2.67857075893e-05	0.000274019648953	0	1510754641.2955723	83.3488372093	0.441904761905
0.5	0.0854166453125	2.67857075893e-05	0.000274019648953	0	1510754642.059567	83.3488372093	0.441904761905
0.0	0.087499978125	0.000127417763117	0.000241732697066	0	1510754642.5428758	82.8670520231	0.445238095238
359.5	0.0854166453125	0.000122137650625	0.000236871917456	0	1510754643.3031862	83.3488372093	0.447857142857
359.0	0.0854166453125	0.000121358665313	0.000242511393855	0	1510754644.0670874	83.3488372093	0.447857142857
358.5	0.0854166453125	0.000163771888882	0.000271970620787	0	1510754644.5488975	82.8670520231	0.450952380952
357.5	0.0854166453125	0.000161140310592	0.000271970620787	0	1510754645.329002	83.3488372093	0.447857142857
357.0	0.0854166453125	0.000136820141234	0.000242862997977	0	1510754646.1079226	83.3488372093	0.447857142857
356.5	0.087499978125	0.0001285751938	0.000216406867975	0	1510754646.5518775	82.8670520231	0.445238095238
355.5	0.087499978125	0.0001285751938	0.000216406867975	0	1510754647.3106105	82.8670520231	0.445238095238
355.0	0.087499978125	9.77892720262e-05	0.000252546933682	0	1510754648.0890348	82.8670520231	0.445238095238
354.5	0.0833333125	0.000136196774461	0.000260094402323	0	1510754648.544275	82.8670520231	0.445
353.5	0.0854166453125	6.7160954626e-05	0.000282501093016	0	1510754649.3018405	83.3488372093	0.446536796537
352.5	0.0854166453125	6.7160954626e-05	0.000282501093016	0	1510754650.0661678	83.3488372093	0.446536796537
352.0	0.087499978125	0.000100996784958	0.000280376888034	0	1510754650.5462017	85.3333333333	0.424633408919
351.0	0.0833333125	0.000115101450413	0.000288424078301	0	1510754651.3055277	82.8670520231	0.462380952381
350.5	0.0833333125	9.45992195562e-05	0.000249148119143	0	1510754652.071834	82.8670520231	0.462380952381
350.0	0.087499978125	8.62800471585e-05	0.000307362132577	0	1510754652.5518157	82.8670520231	0.450952380952
349.0	0.087499978125	8.62800471585e-05	0.000307362132577	0	1510754653.310672	82.8670520231	0.450952380952
348.5	0.0854166453125	9.71975503827e-05	0.000196111690034	0	1510754654.073568	82.8670520231	0.445238095238
348.0	0.0854166453125	1.28546067154e-05	0.000210694895322	0	1510754654.5462217	82.3908045977	0.448333333333
347.0	0.0854166453125	1.28546067154e-05	0.000210694895322	0	1510754655.325927	82.3908045977	0.448333333333
346.5	0.087499978125	2.56955455875e-06	0.000262677452423	0	1510754656.0922594	82.3908045977	0.442619047619

#$Filter:1
#$	0	1	 1
#$	1	op06	0.251188643150958
#$	2	op09*op09	0.015848931924611138
#$	3	op18*op18*op18	3.9810717055349725e-06
#$	4	ns12	1e-7
#$	5	0	 1e-22
#$POWER:19.9, mW
#$WAVELENGTH:1064,nm
#$OBJECT:Air1, bscat	=
angle	ref	signal	signal_std	filter	Time	freq	duty_cycle
0.0	0.0833333125	9.5427939992e-05	0.00030760429058	2	1510754868.5495543	83.3488372093	0.441904761905
0.0	0.0895833109375	1.51315751645e-05	0.000254234899943	2	1510754871.2122834	82.8670520231	0.450952380952
0.0	0.087499978125	1.02836853723e-05	0.000180758387839	2	1510754872.2341468	82.3908045977	0.454029304029
0.0	0.0895833109375	2.29166609375e-05	0.000227341157593	2	1510754873.2402112	82.3908045977	0.442619047619
0.0	0.0895833109375	3.85416570313e-06	0.000192971506224	2	1510754874.2362049	82.8670520231	0.445238095238
0.0	0.087499978125	2.13117908001e-05	0.000189579604182	2	1510754875.2330666	82.8670520231	0.450952380952
0.0	0.087499978125	3.18785746255e-05	0.000219930481561	2	1510754876.226818	83.3488372093	0.453571428571
0.0	0.0895833109375	5.86769612758e-06	0.000178883452437	2	1510754877.237982	82.8670520231	0.445238095238
0.5	0.0854166453125	7.80855234079e-05	0.000264481732507	2	1510754878.2340803	83.3488372093	0.429710144928
1.0	0.0895833109375	4.69365524897e-05	0.000347123917285	2	1510754879.2291112	82.3908045977	0.442619047619
1.5	0.0895833109375	1.38210023012e-05	0.000246918619985	2	1510754880.2252839	81.92	0.445695970696
2.0	0.087499978125	1.43673541966e-05	0.000262109712157	2	1510754881.234793	82.8670520231	0.442755102041
2.5	0.087499978125	1.61707536581e-05	0.00021062155037	2	1510754882.24031	82.3908045977	0.448333333333
3.0	0.0895833109375	2.19085966734e-05	0.000280655165154	2	1510754883.2365534	81.92	0.445714285714
3.5	0.0812499796875	3.02504133128e-07	0.000222050721378	2	1510754884.23132	82.3908045977	0.442619047619
4.0	0.0895833109375	4.83558873308e-05	0.000239785931516	2	1510754885.2292652	82.3908045977	0.442619047619
4.5	0.0833333125	2.46387967299e-05	0.000280965403464	2	1510754886.2390144	82.3908045977	0.448333333333
6.0	0.0895833109375	2.8673827957e-06	0.00028999513819	2	1510754887.2361777	82.3908045977	0.448333333333
8.5	0.087499978125	9.5833309375e-06	0.000197453795454	2	1510754888.2317884	82.3908045977	0.442619047619
11.0	0.0854166453125	1.67375844681e-05	0.000223484035037	2	1510754889.2466795	81.92	0.445714285714
13.0	0.0895833109375	1.74262924033e-05	0.000217049755337	2	1510754890.2365324	81.92	0.457142857143
15.0	0.0854166453125	3.98757888354e-05	0.00022831545189	2	1510754891.2420926	81.92	0.44
0.0	0.0854166453125	5.12077675506e-05	0.000200950314887	2	1510754892.2373223	81.92	0.451428571429
0.0	0.0895833109375	5.28508639803e-06	0.000198509588398	2	1510754893.234192	81.92	0.44
0.0	0.0895833109375	1.40658977545e-05	0.000218946281058	2	1510754894.2299573	82.3908045977	0.454047619048
0.0	0.0895833109375	1.05505204998e-05	0.00020990765104	2	1510754895.239768	82.3908045977	0.448333333333
0.0	0.0895833109375	1.50251829729e-06	0.000201338678991	2	1510754896.2352135	82.3908045977	0.454047619048
0.0	0.0895833109375	2.91046026529e-05	0.000207573144701	2	1510754897.231632	82.3908045977	0.448333333333
0.0	0.087499978125	3.39473599342e-05	0.000196645429923	2	1510754898.2253113	82.3908045977	0.448315018315
0.0	0.0854166453125	2.07638836979e-05	0.00018959885306	2	1510754899.2421293	81.92	0.445714285714
0.0	0.0895833109375	3.28087293279e-06	0.000225913409691	2	1510754900.2419817	81.92	0.445695970696
0.0	0.0895833109375	2.84106673678e-05	0.000190057146738	2	1510754901.237829	81.92	0.462838827839
0.0	0.0895833109375	1.96810975851e-05	0.000202333271336	2	1510754902.2333913	81.92	0.457087912088
0.0	0.09166664375	3.19830290176e-06	0.000166138880462	2	1510754903.230261	81.92	0.44
0.0	0.087499978125	1.60372300332e-05	0.000221536168767	2	1510754904.239276	81.92	0.445457875458
0.0	0.0895833109375	5.88652335106e-06	0.000242797580237	2	1510754905.2353408	82.3908045977	0.448333333333
0.0	0.087499978125	1.67543817763e-05	0.000196631303604	2	1510754906.2308016	82.3908045977	0.448333333333
0.0	0.0895833109375	2.13893265683e-05	0.000187715109057	2	1510754907.2266462	81.92	0.44
0.0	0.0895833109375	6.16593763308e-06	0.000191745115135	2	1510754908.237394	81.92	0.45141025641
0.0	0.0895833109375	3.23256999796e-05	0.000187818292457	2	1510754909.241569	81.92	0.457142857143
0.0	0.0895833109375	2.9166659375e-05	0.000212734702766	2	1510754910.2375867	81.92	0.44
0.0	0.0854166453125	1.62852979283e-05	0.000205362141484	2	1510754911.2344334	81.92	0.44
0.0	0.087499978125	2.96453826596e-05	0.000216023028609	2	1510754912.2293441	82.3908045977	0.448333333333
0.0	0.0895833109375	7.94673340851e-07	0.000200119272015	2	1510754913.2377307	81.92	0.44
0.0	0.0895833109375	2.12765904255e-06	0.000171087166959	2	1510754914.2347732	82.3908045977	0.448333333333
0.0	0.0895833109375	1.33315929846e-06	0.00019797763442	2	1510754915.2308874	82.3908045977	0.448333333333
0.0	0.087499978125	5.90111495215e-05	0.000165341337805	2	1510754916.2266972	82.3908045977	0.442619047619
0.0	0.0895833109375	4.17553087101e-06	0.000211250769013	2	1510754917.2423873	82.8670520231	0.450952380952
0.0	0.0854166453125	2.58917332017e-05	0.00020573635809	2	1510754918.230265	82.8670520231	0.462380952381
0.0	0.0895833109375	1.98977390694e-05	0.00018281125597	2	1510754919.2372997	82.3908045977	0.454047619048
0.0	0.0895833109375	3.81901375922e-05	0.000198143476169	2	1510754920.2339256	81.92	0.445714285714
0.0	0.087499978125	7.89473486842e-06	0.000178827153075	2	1510754921.2303765	82.3908045977	0.448333333333
0.0	0.0854166453125	7.81249804688e-06	0.000181764072152	2	1510754922.2396815	82.3908045977	0.448333333333
0.0	0.0895833109375	3.22884336204e-05	0.000191217006293	2	1510754923.233535	81.92	0.451428571429
0.0	0.087499978125	3.68055463542e-06	0.000171255026049	2	1510754924.2294545	82.8670520231	0.450714285714
0.0	0.0895833109375	5.20833203125e-06	0.000219096892311	2	1510754925.227264	82.8670520231	0.445238095238
0.0	0.0895833109375	1.46231785206e-05	0.000212952096446	2	1510754926.23415	82.8670520231	0.445238095238
0.0	0.087499978125	2.70314764592e-06	0.000210161382265	2	1510754927.238889	82.8670520231	0.445238095238
0.0	0.087499978125	2.38741075066e-05	0.000181112929746	2	1510754928.2378368	82.8670520231	0.450952380952
0.0	0.0854166453125	2.7844931788e-05	0.000188533351401	2	1510754929.2333553	82.8670520231	0.445238095238
0.0	0.087499978125	2.12499946875e-05	0.000180228879585	2	1510754930.2305348	82.3908045977	0.448333333333
0.0	0.087499978125	7.67360919271e-06	0.000198796677862	2	1510754931.239056	82.3908045977	0.448333333333
0.0	0.087499978125	8.77659355053e-06	0.000184795260981	2	1510754932.235217	82.3908045977	0.448333333333
0.0	0.0895833109375	3.95241038207e-06	0.000205540736643	2	1510754933.2307951	82.3908045977	0.448315018315
0.0	0.087499978125	1.52867345296e-05	0.000204694843731	2	1510754934.2268322	82.3908045977	0.448315018315
0.0	0.087499978125	2.11631891536e-05	0.000215003176199	2	1510754935.2334123	82.3908045977	0.448333333333
0.0	0.0895833109375	2.39455903276e-05	0.000210176553147	2	1510754936.2395947	82.3908045977	0.442619047619
0.0	0.0854166453125	1.76331571037e-05	0.000187858406694	2	1510754937.237949	82.8670520231	0.450952380952
0.0	0.087499978125	2.6105084633e-05	0.000213119781863	2	1510754938.2339005	82.8670520231	0.450952380952
0.0	0.087499978125	2.36308728052e-05	0.000167807420337	2	1510754939.2301888	82.8670520231	0.450952380952
0.0	0.087499978125	3.88715180599e-05	0.000187073078417	2	1510754940.2399504	82.8670520231	0.445238095238
0.0	0.0895833109375	6.86552858665e-06	0.000192706669381	2	1510754941.2359312	83.3488372093	0.441904761905
0.0	0.087499978125	2.51181970301e-05	0.000210801820759	2	1510754942.2313037	83.3488372093	0.441904761905
0.0	0.087499978125	1.49889951526e-05	0.000214451572494	2	1510754943.2345583	82.8670520231	0.450952380952
0.0	0.0895833109375	1.06142585148e-05	0.000217007290094	2	1510754944.2338707	82.8670520231	0.445238095238
0.0	0.087499978125	3.24611280693e-06	0.000183141222919	2	1510754945.242224	82.8670520231	0.445238095238
0.0	0.087499978125	1.42068858872e-05	0.000204581315555	2	1510754946.237984	82.8670520231	0.456666666667
0.0	0.0895833109375	2.82936825106e-05	0.000177075005152	2	1510754947.2329812	82.3908045977	0.442380952381
0.0	0.0895833109375	1.97368371711e-07	0.000179456600318	2	1510754948.23068	82.3908045977	0.442619047619
0.0	0.087499978125	2.88563757646e-05	0.000197850816792	2	1510754949.2422783	82.3908045977	0.448333333333
0.0	0.0895833109375	8.11827754032e-06	0.000194340002757	2	1510754950.2424893	83.8362573099	0.455424430642
0.0	0.0895833109375	2.23553878452e-05	0.00022553742065	2	1510754951.2342465	82.3908045977	0.454029304029
0.0	0.0895833109375	1.17375857181e-05	0.000194470386153	2	1510754952.2268653	82.3908045977	0.442619047619
0.0	0.087499978125	2.42367926207e-06	0.000194899389841	2	1510754953.234032	82.8670520231	0.445238095238
0.0	0.0895833109375	2.29121806519e-05	0.000200691462685	2	1510754954.2414842	82.3908045977	0.448333333333
0.0	0.0833333125	3.41795058978e-05	0.000171931558791	2	1510754955.2386303	82.3908045977	0.442619047619
0.0	0.0895833109375	1.75554196318e-05	0.000228273598609	2	1510754956.23417	81.92	0.445714285714
0.0	0.0895833109375	2.66892411998e-05	0.000184353742655	2	1510754957.2293055	81.92	0.445695970696
0.0	0.0895833109375	2.78472152604e-05	0.000214839599029	2	1510754958.2271554	82.3908045977	0.442619047619
0.0	0.0895833109375	4.78633736635e-05	0.000181661214651	2	1510754959.2429967	82.8670520231	0.445
0.0	0.0833333125	1.36542171399e-05	0.000194734971361	2	1510754960.2380197	82.3908045977	0.448333333333
0.0	0.087499978125	9.98482604806e-06	0.000177384131003	2	1510754961.233562	82.3908045977	0.436666666667
0.0	0.087499978125	3.28808840357e-07	0.000174682016902	2	1510754962.2338543	82.8670520231	0.445238095238
0.0	0.0895833109375	1.65972180729e-05	0.000225833276875	2	1510754963.2425137	82.8670520231	0.445238095238
0.0	0.087499978125	5.78417072117e-05	0.000191384416123	2	1510754964.2382348	82.8670520231	0.450952380952
0.0	0.0833333125	7.6534978116e-06	0.000214079842388	2	1510754965.2337322	82.8670520231	0.456666666667
0.0	0.087499978125	3.78001697614e-05	0.000216834416068	2	1510754966.2290552	83.3488372093	0.453571428571
0.0	0.087499978125	7.38770500887e-07	0.000189419142881	2	1510754967.238833	82.8670520231	0.445238095238
0.0	0.087499978125	4.21457377263e-05	0.000200807371488	2	1510754968.2427888	82.3908045977	0.442619047619
0.0	0.0895833109375	9.8505166924e-06	0.000187509593919	2	1510754969.238611	82.8670520231	0.439285714286
0.0	0.0895833109375	6.59949850633e-06	0.000208321802516	2	1510754970.2344027	82.8670520231	0.439285714286
0.0	0.087499978125	2.97803143371e-06	0.000190163124616	2	1510754971.2340515	82.3908045977	0.448333333333
0.0	0.087499978125	3.05263081579e-05	0.000193099666898	2	1510754972.2422502	82.8670520231	0.450952380952
0.0	0.0895833109375	2.0842193371e-05	0.000202506379312	2	1510754973.2380555	82.8670520231	0.445238095238
0.0	0.087499978125	2.5136106618e-05	0.000226289279924	2	1510754974.2346878	82.8670520231	0.445238095238
0.0	0.0895833109375	1.40070886968e-05	0.000190211822622	2	1510754975.2301898	82.3908045977	0.442619047619
0.0	0.0854166453125	2.4144513679e-06	0.000211588974106	2	1510754976.2263725	82.3908045977	0.454047619048
0.0	0.0854166453125	2.04905995421e-05	0.000182973510811	2	1510754977.2364218	82.8670520231	0.433333333333
0.0	0.087499978125	2.09289337192e-05	0.000188902640292	2	1510754978.241825	82.8670520231	0.450952380952
0.0	0.087499978125	1.9162979216e-05	0.000173509900618	2	1510754979.2372122	82.8670520231	0.439285714286
0.0	0.087499978125	8.79453569248e-06	0.000180294671922	2	1510754980.2337923	82.3908045977	0.436666666667
0.0	0.0895833109375	1.66649435785e-05	0.000196020871641	2	1510754981.2428381	82.8670520231	0.450952380952
0.0	0.0895833109375	1.58680515885e-05	0.000225463971314	2	1510754982.2385535	82.8670520231	0.450952380952
0.0	0.0895833109375	2.35152889131e-05	0.000194939342035	2	1510754983.234098	82.8670520231	0.445238095238
0.0	0.0833333125	3.35814199229e-06	0.000190711790513	2	1510754984.229067	82.8670520231	0.445238095238
