0.0012  1.3404  0.0012  0.0012
0.0012  1.3263  0.0012  0.0012
0.0012  1.3192  0.0012  0.0012
0.0012  1.3338  0.0012  0.0012
0.0012  1.3182  0.0012  0.0012
0.0012  1.3343  0.0012  0.0012
0.0012  1.1509  0.0012  0.0012
0.0012  0.0012  0.0012  0.0012
0.0012  0.0012  0.0012  0.0012
0.0012  0.0012  0.0012  0.0012
0.0012  0.0012  0.0012  0.0012
0.0012  0.0012  0.0012  0.0012
0.0012  0.0012  0.0012  0.0012
0.0012  0.0012  0.0012  0.0012
0.0012  0.0012  0.0012  0.0012
0.0012  0.0012  0.0012  0.0012
0.0012  0.0012  0.0012  0.0012
0.0012  0.0012  0.0012  0.0012
0.0012  0.0012  0.0012  0.0012
0.0012  0.0012  0.0012  0.0012
0.0012  0.0012  0.0012  0.0012
0.0012  0.0012  0.0012  0.0012
0.0012  0.0012  0.0012  0.0012
0.0012  0.0012  0.0012  0.0012
0.0012  0.0012  0.0012  0.0012
0.0012  0.0012  0.0012  0.0012
0.0012  0.0012  0.0012  0.0012
0.0012  0.0012  0.0012  0.0012
0.0012  0.0012  0.0012  0.0012
0.0012  0.0012  0.0012  0.0012
0.0012  0.0012  0.0012  0.0012
0.0012  0.0012  0.0012  0.0012
0.0012  0.0012  0.0012  0.0012
0.0012  0.0012  0.0012  0.0012
0.0012  1.1470  0.0012  0.0012
0.0012  1.3260  0.0012  0.0012
0.0012  1.3204  0.0012  0.0012
0.0012  1.3209  0.0012  0.0012
0.0012  1.3226  0.0012  0.0012
0.0012  1.3199  0.0012  0.0012
0.0012  1.3199  0.0012  0.0012
0.0012  1.3392  0.0012  0.0012
0.0012  1.3231  0.0012  0.0012
0.0012  1.3314  0.0012  0.0012
0.0012  1.3497  0.0012  0.0012
0.0012  1.3311  0.0012  0.0012
0.0012  1.3204  0.0012  0.0012
0.0012  1.3343  0.0012  0.0012
0.0012  1.3170  0.0012  0.0012
0.0012  1.3184  0.0012  0.0012
0.0012  1.3199  0.0012  0.0012
0.0012  1.3184  0.0012  0.0012
0.0012  1.3177  0.0012  0.0012
0.0012  1.1248  0.0012  0.0012
0.0012  0.0012  0.0012  0.0012
0.0012  0.0012  0.0012  0.0012
0.0012  0.0012  0.0012  0.0012
0.0012  0.0012  0.0012  0.0012
0.0012  0.0012  0.0012  0.0012
0.0012  0.0012  0.0012  0.0012
0.0012  0.0012  0.0012  0.0012
0.0012  0.0012  0.0012  0.0012
0.0012  0.0012  0.0012  0.0012
0.0012  0.0012  0.0012  0.0012
0.0012  0.0012  0.0012  0.0012
0.0012  0.0012  0.0012  0.0012
0.0012  0.0012  0.0012  0.0012
0.0012  0.0012  0.0012  0.0012
0.0012  0.0012  0.0012  0.0012
0.0012  0.0012  0.0012  0.0012
0.0012  0.0012  0.0012  0.0012
0.0012  0.0012  0.0012  0.0012
0.0012  0.0012  0.0012  0.0012
0.0012  0.0012  0.0012  0.0012
0.0012  0.0012  0.0012  0.0012
0.0012  0.0012  0.0012  0.0012
0.0012  0.0012  0.0012  0.0012
0.0012  0.0012  0.0012  0.0012
0.0012  0.0012  0.0012  0.0012
0.0012  0.0012  0.0012  0.0012
0.0012  0.0012  0.0012  0.0012
0.0012  0.0012  0.0012  0.0012
0.0012  0.7099  0.0012  0.0012
0.0012  1.3189  0.0012  0.0012
0.0012  1.3189  0.0012  0.0012
0.0012  1.3204  0.0012  0.0012
0.0012  1.3201  0.0012  0.0012
0.0012  1.3241  0.0012  0.0012
0.0012  1.3226  0.0012  0.0012
0.0012  1.3199  0.0012  0.0012
0.0012  1.3358  0.0012  0.0012
0.0012  1.3238  0.0012  0.0012
0.0012  1.3243  0.0012  0.0012
0.0012  1.3209  0.0012  0.0012
0.0012  1.3211  0.0012  0.0012
0.0012  1.3287  0.0012  0.0012
0.0012  1.3199  0.0012  0.0012
0.0012  1.3211  0.0012  0.0012
0.0012  1.3287  0.0012  0.0012
0.0012  1.3194  0.0012  0.0012
