
#$Filter:1
#$	0	1	 1
#$	1	op06	0.251188643150958
#$	2	op09*op09	0.015848931924611138
#$	3	op18*op18*op18	3.9810717055349725e-06
#$	4	ns12	1e-7
#$	5	0	 1e-22
#$POWER:18.2, mW
#$WAVELENGTH:1064,nm
#$OBJECT:ZnO2_bscat, bscat	=	=	=
angle	ref	signal	signal_std	filter	Time	freq	duty_cycle

#$Filter:1
#$	0	1	 1
#$	1	op06	0.251188643150958
#$	2	op09*op09	0.015848931924611138
#$	3	op18*op18*op18	3.9810717055349725e-06
#$	4	ns12	1e-7
#$	5	0	 1e-22
#$POWER:18.2, mW
#$WAVELENGTH:1064,nm
#$OBJECT:ZnO2_bscat, bscat	=	=	=
angle	ref	signal	signal_std	filter	Time	freq	duty_cycle

#$Filter:1
#$	0	1	 1
#$	1	op06	0.251188643150958
#$	2	op09*op09	0.015848931924611138
#$	3	op18*op18*op18	3.9810717055349725e-06
#$	4	ns12	1e-7
#$	5	0	 1e-22
#$POWER:18.2, mW
#$WAVELENGTH:1064,nm
#$OBJECT:ZnO2_bscat, bscat	=	=	=
angle	ref	signal	signal_std	filter	Time	freq	duty_cycle
259.0	0.0625	0.000646586836103	0.00206591749314	0	1511363812.863713	80.5393258427	0.438241758242
259.0	0.0625	0.000479797979798	0.0018620955108	0	1511363813.6373973	80.5393258427	0.432271062271
258.5	0.0625	0.000771505376344	0.00207953608155	0	1511363814.3842633	80.5393258427	0.437765567766
258.5	0.065625	0.000433941058941	0.00212190820134	0	1511363814.8660452	80.9943502825	0.4286996337
258.0	0.065625	0.000433941058941	0.00212190820134	0	1511363815.617857	80.9943502825	0.4286996337
257.5	0.065625	0.000731927386339	0.00177312234113	0	1511363816.401113	81.92	0.43370281892
257.5	0.0625	0.000592032967033	0.00197988122327	0	1511363816.869775	80.5393258427	0.438443223443
257.5	0.0625	1.06564364876e-05	0.00222428064453	0	1511363817.6286228	80.5393258427	0.438241758242
257.5	0.0625	2.02075511056e-05	0.00196930893878	0	1511363818.3912754	80.5393258427	0.449230769231
257.5	0.0625	0.0005069971537	0.00181140214677	0	1511363818.869559	80.5393258427	0.438021978022
257.0	0.0625	0.0005069971537	0.00181140214677	0	1511363819.6134956	80.5393258427	0.438021978022
257.0	0.0625	0.000537760977185	0.00166509524168	0	1511363820.371163	80.9943502825	0.439856665074
257.0	0.0625	0.000429805208782	0.00227657555436	0	1511363820.8652458	80.9943502825	0.434908424908
257.0	0.065625	0.000427755376344	0.00180953118519	0	1511363821.6181421	80.9943502825	0.440659340659
256.5	0.065625	0.000427755376344	0.00180953118519	0	1511363822.3700073	80.9943502825	0.440659340659
256.5	0.065625	0.000797941636269	0.00181667121993	0	1511363822.8669453	80.9943502825	0.446153846154
256.5	0.0625	0.000722826086957	0.00181876270791	0	1511363823.6157007	80.9943502825	0.434945054945
256.5	0.0625	0.000853260869565	0.00202298558687	0	1511363824.366382	80.9943502825	0.434945054945
256.5	0.0625	0.000383152173913	0.00162582852497	0	1511363824.8686442	80.5393258427	0.438241758242
256.0	0.0625	0.000610054347826	0.00207618298776	0	1511363825.613317	80.5393258427	0.438241758242
256.0	0.0625	0.000437163978495	0.00206973973043	0	1511363826.3650193	80.9943502825	0.446067845198
256.0	0.0625	0.000705379713503	0.0020213750151	0	1511363826.8753402	80.5393258427	0.443736263736
256.0	0.0625	0.000705379713503	0.0020213750151	0	1511363827.629084	80.5393258427	0.443736263736
256.0	0.065625	0.000183823529412	0.00198178697633	0	1511363828.3727534	80.9943502825	0.440659340659
255.5	0.065625	0.000627016129032	0.00211613528143	0	1511363828.8669467	81.4545454545	0.437783882784
255.5	0.065625	0.000627016129032	0.00211613528143	0	1511363829.6175375	81.4545454545	0.437783882784
255.5	0.0625	0.000574781543052	0.00191275926974	0	1511363830.3654373	81.4545454545	0.441789917007
255.5	0.065625	0.000521777979302	0.00193042161024	0	1511363830.866465	81.4545454545	0.442820512821
255.5	0.0625	0.000221121057119	0.00227961436624	0	1511363831.624219	80.9943502825	0.440659340659
255.0	0.0625	0.000221121057119	0.00227961436624	0	1511363832.3685153	80.9943502825	0.440659340659
255.0	0.065625	0.00078167500816	0.00200061973402	0	1511363832.8702643	80.9943502825	0.438480649785
255.0	0.065625	0.00078167500816	0.00200061973402	0	1511363833.6220329	80.9943502825	0.438480649785
255.0	0.0625	0.00100419416942	0.00207434403212	0	1511363834.3710015	80.5393258427	0.438021978022
255.0	0.065625	0.000528470185728	0.00182815463827	0	1511363834.8710408	80.9943502825	0.440659340659
254.5	0.065625	0.000528470185728	0.00182815463827	0	1511363835.6200716	80.9943502825	0.440659340659
254.5	0.0625	0.000866003939104	0.00170942168575	0	1511363836.3738153	80.9943502825	0.434945054945
254.5	0.0625	0.000868354498493	0.00230878335163	0	1511363836.8624196	81.92	0.439197324415
254.5	0.0625	0.000868354498493	0.00230878335163	0	1511363837.6176538	81.92	0.439197324415
254.0	0.065625	0.000910252315554	0.00229874077641	0	1511363838.372254	80.9943502825	0.440659340659
254.0	0.0625	0.000771026804559	0.00184927412892	0	1511363838.8660376	80.9943502825	0.440659340659
254.0	0.0625	0.000771026804559	0.00184927412892	0	1511363839.609207	80.9943502825	0.440659340659
254.0	0.065625	0.00109526699029	0.00188941220284	0	1511363840.3659616	80.9943502825	0.432827172827
253.5	0.065625	0.000500766788635	0.00191275926974	0	1511363840.8752625	79.6444444444	0.453204164928
253.5	0.065625	0.000554435483871	0.00184230512928	0	1511363841.630914	80.5393258427	0.443736263736
253.5	0.0625	0.000715277777778	0.00207782837505	0	1511363842.387089	80.5393258427	0.432747252747
253.5	0.0625	0.00137847222222	0.0018775702548	0	1511363842.8719943	81.92	0.433446408664
253.5	0.0625	0.00137847222222	0.0018775702548	0	1511363843.6217875	81.92	0.433446408664
253.0	0.0625	0.000850356326842	0.00203915286254	0	1511363844.3798103	80.5393258427	0.432747252747
253.0	0.0625	0.000947686060741	0.00214616668398	0	1511363844.866645	82.3908045977	0.424136274354
253.0	0.0625	0.00081686827957	0.00216101279446	0	1511363845.6195414	80.5393258427	0.443736263736
253.0	0.0625	0.00081686827957	0.00216101279446	0	1511363846.3665366	80.5393258427	0.443736263736
253.0	0.065625	0.000649376598466	0.00194624556396	0	1511363846.8633695	80.9943502825	0.434450549451
252.5	0.065625	0.000649376598466	0.00194624556396	0	1511363847.6106048	80.9943502825	0.434450549451
252.5	0.065625	0.00111970572057	0.00177762857447	0	1511363848.366567	81.4545454545	0.431285236503
252.5	0.065625	0.00121578690127	0.00197939199933	0	1511363848.8711894	80.5393258427	0.438241758242
252.5	0.065625	0.00121578690127	0.00197939199933	0	1511363849.6121798	80.5393258427	0.438241758242
252.0	0.0625	0.000359986909567	0.00214444262424	0	1511363850.3691063	81.4545454545	0.425314540532
252.0	0.0625	0.000368679775281	0.00201521697364	0	1511363850.8712337	79.2044198895	0.429844638121
252.0	0.0625	0.000368679775281	0.00201521697364	0	1511363851.6180844	79.2044198895	0.429844638121
252.0	0.065625	0.000471760885766	0.0021246552365	0	1511363852.3700037	82.3908045977	0.428498168498
252.0	0.065625	0.000877434890228	0.0019838236074	0	1511363852.8658385	80.0893854749	0.435824175824
251.5	0.0625	0.00135685483871	0.00166050391137	0	1511363853.61625	80.5393258427	0.437985347985
251.5	0.0625	0.00135685483871	0.00166050391137	0	1511363854.3668582	80.5393258427	0.437985347985
251.5	0.065625	0.000877856182796	0.00217351634796	0	1511363854.8669865	81.4545454545	0.437326007326
251.5	0.0625	0.0009786266548	0.00214616668398	0	1511363855.6146333	80.5393258427	0.421318681319
251.0	0.0625	0.00111490432751	0.00189020629687	0	1511363856.3677266	80.5393258427	0.421318681319
251.0	0.065625	0.000843545751634	0.00175819290294	0	1511363856.8726265	80.9943502825	0.428508343508
251.0	0.065625	0.000822208737864	0.00177083333333	0	1511363857.6267545	80.9943502825	0.428508343508
251.0	0.065625	0.000522995847972	0.00194602583811	0	1511363858.3733456	80.5393258427	0.438241758242
251.0	0.065625	0.00124361226445	0.00184046558301	0	1511363858.8705246	80.5393258427	0.449230769231
251.0	0.0625	0.00144522516768	0.00167067243208	0	1511363859.6176133	80.0893854749	0.441318681319
250.5	0.0625	0.00138179376448	0.00166090372298	0	1511363860.3702238	80.5393258427	0.443736263736
250.5	0.065625	0.00114818548387	0.00210811655126	0	1511363860.8662627	80.0893854749	0.441318681319
250.5	0.065625	0.00114818548387	0.00210811655126	0	1511363861.625074	80.0893854749	0.441318681319
250.5	0.065625	0.00128940854612	0.00203681915532	0	1511363862.375229	80.5393258427	0.448974358974
250.5	0.065625	0.00130057221148	0.00195013422554	0	1511363862.8693106	80.5393258427	0.443736263736
250.0	0.065625	0.00152012830569	0.00207479321387	0	1511363863.6219256	80.9943502825	0.433446408664
250.0	0.065625	0.00152012830569	0.00207479321387	0	1511363864.3671727	80.9943502825	0.433446408664
250.0	0.065625	0.0014968230694	0.00189308683078	0	1511363864.8729007	80.5393258427	0.429618110319
250.0	0.065625	0.00135492601458	0.00190087259658	0	1511363865.6169207	80.0893854749	0.430073260073
249.5	0.065625	0.00148242846263	0.00204665720134	0	1511363866.3680031	80.0893854749	0.430073260073
249.5	0.0625	0.0016186155914	0.00175247376484	0	1511363866.8717837	79.6444444444	0.433186813187
249.5	0.0625	0.00177721774194	0.00211453396808	0	1511363867.6198194	79.6444444444	0.433186813187
249.5	0.0625	0.00147861842105	0.00190278353473	0	1511363868.3766432	79.6444444444	0.438901098901
249.0	0.065625	0.00155645810956	0.0017449720013	0	1511363868.8665524	79.6444444444	0.44989010989
249.0	0.065625	0.00155645810956	0.0017449720013	0	1511363869.6106663	79.6444444444	0.44989010989
249.0	0.065625	0.0016835718898	0.00164873112765	0	1511363870.366245	80.0893854749	0.434097014097
249.0	0.065625	0.00188386524823	0.00175410983488	0	1511363870.8695405	80.9943502825	0.439856665074
249.0	0.065625	0.00188386524823	0.00175410983488	0	1511363871.6101422	80.9943502825	0.439856665074
248.5	0.065625	0.00188172043011	0.00176339271013	0	1511363872.3663619	80.5393258427	0.443251933252
248.5	0.0625	0.00148353494624	0.0017291237003	0	1511363872.8672326	80.5393258427	0.44347985348
248.5	0.065625	0.00115927419355	0.00178819014726	0	1511363873.6131797	79.6444444444	0.444167684168
248.5	0.065625	0.00192070158103	0.0017832071669	0	1511363874.3721516	79.6444444444	0.427912087912
248.5	0.065625	0.00189729744251	0.00198579581424	0	1511363874.8659375	80.5393258427	0.438021978022
248.0	0.065625	0.00189729744251	0.00198579581424	0	1511363875.6178792	80.5393258427	0.438021978022
248.0	0.065625	0.00220259831461	0.00199801358714	0	1511363876.3718505	80.5393258427	0.421098901099
248.0	0.065625	0.00197086899276	0.00195990142089	0	1511363876.86669	80.5393258427	0.437728937729
248.0	0.065625	0.00249902950311	0.00184896214677	0	1511363877.6187522	80.0893854749	0.435567765568
248.0	0.065625	0.00249902950311	0.00184896214677	0	1511363878.3668182	80.0893854749	0.435567765568
247.5	0.065625	0.00240322580645	0.00200939736394	0	1511363878.869685	80.0893854749	0.435824175824
247.5	0.065625	0.00256117021277	0.00210389193249	0	1511363879.614327	79.6444444444	0.444395604396
247.5	0.065625	0.00172872340426	0.00153682504406	0	1511363880.367276	79.6444444444	0.444395604396
247.5	0.065625	0.00216447368421	0.00177753369554	0	1511363880.867341	79.6444444444	0.444395604396
247.0	0.065625	0.00187664473684	0.00189651780334	0	1511363881.6131816	79.6444444444	0.444395604396
247.0	0.065625	0.00335819892473	0.00208116432355	0	1511363882.3704162	80.0893854749	0.435746845747
247.0	0.065625	0.00376481237656	0.00215106260394	0	1511363882.8659933	80.0893854749	0.43557997558
247.0	0.065625	0.00376481237656	0.00215106260394	0	1511363883.6182928	80.0893854749	0.43557997558
246.5	0.065625	0.004287838058	0.00195817235004	0	1511363884.3730476	79.6444444444	0.438876678877
246.5	0.065625	0.00464532587228	0.00198736197347	0	1511363884.8657897	79.6444444444	0.433406593407
246.5	0.065625	0.00464532587228	0.00198736197347	0	1511363885.6109796	79.6444444444	0.433406593407
246.5	0.065625	0.00560438829787	0.00209652460445	0	1511363886.3670013	79.6444444444	0.444395604396
246.5	0.065625	0.00758174237437	0.00197939199933	0	1511363886.8719287	79.6444444444	0.433406593407
246.0	0.065625	0.0129837440295	0.00212167751138	0	1511363887.6225944	80.0893854749	0.441318681319
246.0	0.065625	0.0186176278918	0.001877515463	0	1511363888.370721	79.6444444444	0.433406593407
246.0	0.065625	0.0190924467613	0.00245600916882	0	1511363888.8716745	80.9943502825	0.423373148591

#$Filter:1
#$	0	1	 1
#$	1	op06	0.251188643150958
#$	2	op09*op09	0.015848931924611138
#$	3	op18*op18*op18	3.9810717055349725e-06
#$	4	ns12	1e-7
#$	5	0	 1e-22
#$POWER:18.2, mW
#$WAVELENGTH:1064,nm
#$OBJECT:ZnO2_bscat, bscat	=	=	=
angle	ref	signal	signal_std	filter	Time	freq	duty_cycle
246.0	0.065625	0.0111421370968	0.00182196797201	0	1511363896.5036616	80.0893854749	0.435824175824
246.0	0.065625	0.0111421370968	0.00182196797201	0	1511363896.9977853	80.0893854749	0.435824175824
245.5	0.065625	0.0081875	0.00219779642819	0	1511363897.7508047	80.9943502825	0.434652014652
245.5	0.065625	0.0079668972332	0.00193584332184	0	1511363898.508641	80.5393258427	0.437985347985

#$Filter:1
#$	0	1	 1
#$	1	op06	0.251188643150958
#$	2	op09*op09	0.015848931924611138
#$	3	op18*op18*op18	3.9810717055349725e-06
#$	4	ns12	1e-7
#$	5	0	 1e-22
#$POWER:18.2, mW
#$WAVELENGTH:1064,nm
#$OBJECT:ZnO2_bscat, bscat	=	=	=
angle	ref	signal	signal_std	filter	Time	freq	duty_cycle
245.5	0.065625	0.00846496883731	0.0016067880284	0	1511363910.3584964	78.7692307692	0.43956043956
245.5	0.065625	0.00960459183673	0.00223974270139	0	1511363911.3592052	79.2044198895	0.44175010175
245.5	0.065625	0.010368835034	0.00209954628862	0	1511363912.3662856	79.2044198895	0.441953601954
245.0	0.065625	0.010813341294	0.00188793495539	0	1511363913.3631077	80.0893854749	0.440870980871
245.0	0.065625	0.0117534106034	0.00178805328645	0	1511363914.3609152	80.0893854749	0.429590964591
245.0	0.065625	0.0126185391145	0.00212376014012	0	1511363915.3655467	79.2044198895	0.447448107448
245.0	0.065625	0.0132491908054	0.00203840737743	0	1511363916.3655665	80.0893854749	0.435604395604
245.0	0.065625	0.0149120349619	0.0018203479629	0	1511363917.3623078	80.0893854749	0.429387464387
245.0	0.065625	0.0171995889749	0.00214550569152	0	1511363918.3584871	79.2044198895	0.436483516484
245.0	0.065625	0.0181279507027	0.00225390982693	0	1511363919.367533	79.6444444444	0.427912087912
244.5	0.065625	0.0204983988276	0.00176039924134	0	1511363920.3633275	80.0893854749	0.434997080214
244.5	0.065625	0.0261782224418	0.00212994774546	0	1511363921.3651052	80.5393258427	0.431675956893

#$Filter:1
#$	0	1	 1
#$	1	op06	0.251188643150958
#$	2	op09*op09	0.015848931924611138
#$	3	op18*op18*op18	3.9810717055349725e-06
#$	4	ns12	1e-7
#$	5	0	 1e-22
#$POWER:18.2, mW
#$WAVELENGTH:1064,nm
#$OBJECT:ZnO2_bscat, bscat	=	=	=
angle	ref	signal	signal_std	filter	Time	freq	duty_cycle
244.5	0.065625	0.0419937849763	0.00265641505381	0	1511363933.8694425	80.0893854749	0.441318681319
244.5	0.065625	0.0419937849763	0.00265641505381	0	1511363934.6152368	80.0893854749	0.441318681319
244.5	0.065625	0.0578723404255	0.0049925719	0	1511363935.3677156	80.9943502825	0.445546530764
244.5	0.065625	0.0759156375802	0.0048857961125	0	1511363935.862328	80.5393258427	0.438241758242
244.5	0.065625	0.101262823678	0.0114326348373	0	1511363936.6144726	80.5393258427	0.438241758242

#$Filter:op06
#$	0	1	 1
#$	1	op06	0.251188643150958
#$	2	op09*op09	0.015848931924611138
#$	3	op18*op18*op18	3.9810717055349725e-06
#$	4	ns12	1e-7
#$	5	0	 1e-22
#$POWER:18.2, mW
#$WAVELENGTH:1064,nm
#$OBJECT:ZnO2_bscat, bscat	=	=	=
angle	ref	signal	signal_std	filter	Time	freq	duty_cycle
244.0	0.065625	0.031555398485	0.00812227377093	1	1511363944.8684583	80.9943502825	0.433258593259
244.0	0.065625	0.031555398485	0.00812227377093	1	1511363945.6243057	80.9943502825	0.433258593259
244.0	0.0625	0.104746167084	0.0135335253484	1	1511363946.3699474	80.9943502825	0.446153846154

#$Filter:op09*op09
#$	0	1	 1
#$	1	op06	0.251188643150958
#$	2	op09*op09	0.015848931924611138
#$	3	op18*op18*op18	3.9810717055349725e-06
#$	4	ns12	1e-7
#$	5	0	 1e-22
#$POWER:18.2, mW
#$WAVELENGTH:1064,nm
#$OBJECT:ZnO2_bscat, bscat	=	=	=
angle	ref	signal	signal_std	filter	Time	freq	duty_cycle
244.0	0.065625	0.00773331644084	0.00194320801522	2	1511363958.3597481	80.9943502825	0.434945054945
244.0	0.0625	0.0103207587383	0.00216859914396	2	1511363958.8604934	81.4545454545	0.442274247492
244.0	0.0625	0.0103207587383	0.00216859914396	2	1511363959.6095123	81.4545454545	0.442274247492
244.0	0.065625	0.01408817411	0.00204204623377	2	1511363960.3654406	80.0893854749	0.45207977208
244.0	0.065625	0.0152675653595	0.00208477959059	2	1511363960.8552132	80.9943502825	0.435164835165
244.0	0.065625	0.0152675653595	0.00208477959059	2	1511363961.6081588	80.9943502825	0.435164835165
244.0	0.065625	0.0152818627451	0.00197916666667	2	1511363962.368374	80.9943502825	0.434945054945
244.0	0.065625	0.0145031539444	0.00196852399407	2	1511363962.855915	81.92	0.445201465201
244.0	0.065625	0.0135302049622	0.00190054613658	2	1511363963.6151168	80.5393258427	0.446665186665
244.0	0.065625	0.0117839832562	0.00170068553909	2	1511363964.373687	81.92	0.426056166056
244.0	0.065625	0.0111354166667	0.00190940653956	2	1511363964.8608563	80.9943502825	0.433510643945
244.0	0.065625	0.0111354166667	0.00190940653956	2	1511363965.617743	80.9943502825	0.433510643945
244.0	0.065625	0.00871535389915	0.00225109330974	2	1511363966.3625722	80.5393258427	0.443736263736
244.0	0.0625	0.00807438920303	0.00182361511639	2	1511363966.8625958	81.92	0.438940914158
243.5	0.065625	0.00689494680851	0.00183569650163	2	1511363967.6126578	80.9943502825	0.440402930403
243.5	0.065625	0.00689494680851	0.00183569650163	2	1511363968.3675792	80.9943502825	0.440402930403
243.5	0.065625	0.00481097974736	0.00204504355574	2	1511363968.855348	80.5393258427	0.443736263736

#$Filter:op06
#$	0	1	 1
#$	1	op06	0.251188643150958
#$	2	op09*op09	0.015848931924611138
#$	3	op18*op18*op18	3.9810717055349725e-06
#$	4	ns12	1e-7
#$	5	0	 1e-22
#$POWER:18.2, mW
#$WAVELENGTH:1064,nm
#$OBJECT:ZnO2_bscat, bscat	=	=	=
angle	ref	signal	signal_std	filter	Time	freq	duty_cycle
243.5	0.065625	0.0895146520147	0.010086103617	1	1511363976.4044592	81.92	0.428208313426
243.5	0.065625	0.0534669923109	0.00860729120096	1	1511363976.9072723	80.9943502825	0.440659340659
243.5	0.065625	0.0501803204514	0.010756992586	1	1511363977.6583269	80.9943502825	0.440659340659
243.5	0.065625	0.0327597679123	0.00512253736563	1	1511363978.4128768	80.9943502825	0.440659340659

#$Filter:1
#$	0	1	 1
#$	1	op06	0.251188643150958
#$	2	op09*op09	0.015848931924611138
#$	3	op18*op18*op18	3.9810717055349725e-06
#$	4	ns12	1e-7
#$	5	0	 1e-22
#$POWER:18.2, mW
#$WAVELENGTH:1064,nm
#$OBJECT:ZnO2_bscat, bscat	=	=	=
angle	ref	signal	signal_std	filter	Time	freq	duty_cycle
243.5	0.0625	0.0703866223909	0.00232802527899	0	1511363987.3959677	80.9943502825	0.446153846154
243.5	0.065625	0.0573389352047	0.00330095940578	0	1511363987.889753	80.5393258427	0.438241758242
243.5	0.065625	0.0496416331194	0.00275411231535	0	1511363988.6397202	80.9943502825	0.435164835165
243.5	0.065625	0.0423338728104	0.00228048869724	0	1511363989.396615	81.4545454545	0.435676175676
243.5	0.0625	0.0366798465393	0.00200095093158	0	1511363989.8897173	80.5393258427	0.437985347985
243.5	0.0625	0.0366798465393	0.00200095093158	0	1511363990.6425922	80.5393258427	0.437985347985
243.0	0.065625	0.0319206037452	0.00214721204202	0	1511363991.4321892	80.5393258427	0.449230769231
243.0	0.065625	0.0293652248289	0.00182444515598	0	1511363991.891293	80.5393258427	0.438241758242
243.0	0.065625	0.0276760322309	0.00192704478008	0	1511363992.648355	80.9943502825	0.446153846154
243.0	0.0625	0.0264788273182	0.00158394136417	0	1511363993.405817	80.5393258427	0.437985347985
243.0	0.065625	0.0241339890568	0.00206058681097	0	1511363993.8938057	80.9943502825	0.446153846154
243.0	0.065625	0.0241339890568	0.00206058681097	0	1511363994.6798525	80.9943502825	0.446153846154
243.0	0.065625	0.0218120987923	0.00193773845875	0	1511363995.4358804	81.4545454545	0.431285236503
243.0	0.065625	0.0209548723335	0.00194624001584	0	1511363995.8895252	81.92	0.429662189662
243.0	0.0625	0.0208879277873	0.0016925852586	0	1511363996.6474419	80.5393258427	0.438241758242
243.0	0.0625	0.0208879277873	0.0016925852586	0	1511363997.4062996	80.5393258427	0.438241758242
243.0	0.065625	0.0203422505712	0.00172866936108	0	1511363997.89037	80.0893854749	0.43032967033
243.0	0.065625	0.0203422505712	0.00172866936108	0	1511363998.6421773	80.0893854749	0.43032967033
243.0	0.065625	0.0181516853933	0.00215876771755	0	1511363999.3872664	81.4545454545	0.425534320752
243.0	0.065625	0.017875	0.00195482263179	0	1511363999.8939824	80.5393258427	0.437985347985
243.0	0.065625	0.017875	0.00195482263179	0	1511364000.6481588	80.5393258427	0.437985347985
243.0	0.065625	0.0158963303245	0.00189115194858	0	1511364001.397765	80.0893854749	0.446813186813

#$Filter:1
#$	0	1	 1
#$	1	op06	0.251188643150958
#$	2	op09*op09	0.015848931924611138
#$	3	op18*op18*op18	3.9810717055349725e-06
#$	4	ns12	1e-7
#$	5	0	 1e-22
#$POWER:18.2, mW
#$WAVELENGTH:1064,nm
#$OBJECT:ZnO2_bscat, bscat	=	=	=
angle	ref	signal	signal_std	filter	Time	freq	duty_cycle
242.5	0.065625	0.0139436543848	0.00204550447965	0	1511364009.3620677	80.9943502825	0.440402930403
242.5	0.0625	0.0128513254551	0.00221315508066	0	1511364010.3587506	80.0893854749	0.435824175824
242.5	0.065625	0.011209060237	0.00215263674436	0	1511364011.3666258	80.0893854749	0.435824175824
242.0	0.065625	0.00880140632004	0.00197478829535	0	1511364012.3666544	81.4545454545	0.427596953311
242.0	0.065625	0.00815679639772	0.00189960699829	0	1511364013.363559	80.5393258427	0.438241758242
242.0	0.065625	0.00594858062474	0.00224390551154	0	1511364014.3559935	80.5393258427	0.432747252747
241.5	0.065625	0.00566844990951	0.0019413786056	0	1511364015.3669703	80.0893854749	0.441318681319
241.5	0.065625	0.004835813065	0.00186882400862	0	1511364016.365647	80.5393258427	0.432490842491
241.5	0.065625	0.0047810836291	0.00198149585816	0	1511364017.3625188	80.0893854749	0.43032967033
241.5	0.065625	0.00495846624136	0.00212572295018	0	1511364018.3595726	80.5393258427	0.443736263736
241.0	0.0625	0.00499387254902	0.00193391483674	0	1511364019.361331	80.0893854749	0.441318681319
241.0	0.065625	0.00441711956522	0.00213832754559	0	1511364020.365234	80.5393258427	0.438241758242
241.0	0.065625	0.00347218603439	0.00221252259484	0	1511364021.3611965	80.9943502825	0.451391941392
241.0	0.065625	0.00318361040068	0.00189731522334	0	1511364022.3761423	81.92	0.439417104634
240.5	0.065625	0.00290095245938	0.00211663459257	0	1511364023.3709931	81.4545454545	0.437326007326
240.5	0.065625	0.00259103641457	0.00199648926562	0	1511364024.3567944	80.9943502825	0.440402930403
240.5	0.0625	0.00197054987757	0.00213261178127	0	1511364025.3705537	80.5393258427	0.449230769231
240.0	0.0625	0.0021821321882	0.00186643931891	0	1511364026.3652744	80.5393258427	0.442794057794
240.0	0.065625	0.00207190860215	0.00199303529924	0	1511364027.363116	80.9943502825	0.440659340659
240.0	0.065625	0.00156678714648	0.00197916537119	0	1511364028.358962	80.9943502825	0.440659340659
239.5	0.065625	0.00163973511713	0.00147667768049	0	1511364029.363138	80.9943502825	0.446373626374
239.5	0.065625	0.00193030851998	0.0017832071669	0	1511364030.3688054	80.5393258427	0.438241758242
239.5	0.0625	0.00230298913043	0.00188021093792	0	1511364031.366918	80.9943502825	0.429450549451
239.0	0.065625	0.00163696697324	0.00177932076817	0	1511364032.359765	81.4545454545	0.442274247492
239.0	0.059375	0.00222133051467	0.00204835358254	0	1511364033.3585978	80.9943502825	0.451065456283
239.0	0.065625	0.00174893095536	0.00167448939621	0	1511364034.3684552	80.9943502825	0.446153846154
239.0	0.065625	0.00217952058364	0.00198897584971	0	1511364035.3790529	80.9943502825	0.451868131868
238.5	0.065625	0.00238332365977	0.00181876270791	0	1511364036.3741338	81.92	0.43370281892
238.5	0.065625	0.00145159115426	0.00172076551297	0	1511364037.3627915	83.3488372093	0.415766310984
238.5	0.065625	0.00186921545415	0.00188878244218	0	1511364038.358489	80.5393258427	0.448746438746
238.5	0.065625	0.00135572762769	0.00200004199728	0	1511364039.367693	80.5393258427	0.443736263736
238.0	0.0625	0.00152386675824	0.00199767027091	0	1511364040.3656607	80.9943502825	0.434908424908
238.0	0.065625	0.00126041666667	0.00193480996052	0	1511364041.36309	80.9943502825	0.429413919414
238.0	0.065625	0.00102288899431	0.00197539495386	0	1511364042.3592806	80.5393258427	0.438241758242
237.5	0.065625	0.00112709980237	0.00183895077223	0	1511364043.372855	80.5393258427	0.43266992267
237.5	0.065625	0.00129254097505	0.00180953118519	0	1511364044.3858776	80.9943502825	0.446153846154
237.5	0.0625	0.0013940172485	0.00181511086366	0	1511364045.379561	80.9943502825	0.446153846154
237.0	0.0625	0.00131643446852	0.00156863408126	0	1511364046.3587632	80.9943502825	0.446153846154
236.5	0.065625	0.00140582209817	0.00177446890227	0	1511364047.3596036	80.9943502825	0.451868131868
236.0	0.065625	0.00135716520651	0.0018160239739	0	1511364048.368221	80.9943502825	0.440659340659
236.0	0.065625	0.00110978203083	0.00180771469264	0	1511364049.3649106	80.5393258427	0.449230769231
235.5	0.065625	0.0011348211434	0.0018089071013	0	1511364050.3620622	80.9943502825	0.434908424908
235.0	0.0625	0.00117711991324	0.00191698181427	0	1511364051.3579133	80.5393258427	0.449230769231
234.5	0.065625	0.000563080697359	0.0021246552365	0	1511364052.3587718	80.9943502825	0.440659340659
234.0	0.065625	0.0010303442029	0.00191517056508	0	1511364053.3678317	81.4545454545	0.43453046953
234.0	0.065625	0.000942154255319	0.00198829874392	0	1511364054.3661237	81.4545454545	0.442820512821
233.5	0.065625	0.00085597826087	0.00190580980151	0	1511364055.3603024	81.4545454545	0.436755321973
233.0	0.059375	0.000732686026335	0.00177921408138	0	1511364056.3592672	80.9943502825	0.453378805103
232.5	0.065625	0.00123214285714	0.00175103692088	0	1511364057.37	81.92	0.433421988639
232.0	0.065625	0.000639395269572	0.00211646197372	0	1511364058.364965	80.5393258427	0.443736263736
231.5	0.0625	0.000207236842105	0.00216706172263	0	1511364059.364628	80.9943502825	0.451868131868
231.5	0.0625	0.00111755856437	0.00209942199519	0	1511364060.362522	80.0893854749	0.446727716728
231.0	0.065625	0.000950657894737	0.00188392382412	0	1511364061.368511	80.5393258427	0.449230769231
230.5	0.0625	0.000405667701863	0.00201641604343	0	1511364062.3620183	81.92	0.438093758094
230.0	0.0625	0.000625829335511	0.00190213781174	0	1511364063.3791916	80.9943502825	0.451868131868
229.5	0.065625	0.000445652173913	0.00175154525603	0	1511364064.362972	82.8670520231	0.431911421911
229.0	0.0625	0.000704011867905	0.00220517444238	0	1511364065.3607886	80.5393258427	0.449230769231
229.0	0.0625	0.000662207178165	0.00215347536446	0	1511364066.3556662	80.5393258427	0.449230769231
228.5	0.065625	0.000398857526882	0.00202674178091	0	1511364067.3675916	80.0893854749	0.446585266585
228.0	0.0625	0.000497114168248	0.00167269871837	0	1511364068.3694882	81.92	0.434111405836
227.5	0.065625	0.000795987493486	0.00198570898326	0	1511364069.3629596	80.5393258427	0.449230769231
227.0	0.0625	0.000520833333333	0.00175450700681	0	1511364070.362065	80.0893854749	0.441294261294
226.5	0.0625	0.000423126109197	0.00192385150649	0	1511364071.3728783	80.5393258427	0.443736263736
226.5	0.0625	0.000294407894737	0.00226090003651	0	1511364072.3696775	79.6444444444	0.455156695157
226.0	0.0625	0.000812280557384	0.00192385150649	0	1511364073.3656805	81.4545454545	0.448058608059
225.5	0.0625	0.000629546173308	0.00203008164879	0	1511364074.3596609	80.5393258427	0.44916971917
225.0	0.065625	0.000757212818056	0.00185938646939	0	1511364075.3594084	82.3908045977	0.428498168498
224.5	0.0625	0.000662454403335	0.00206058681097	0	1511364076.3691635	80.9943502825	0.451807081807
224.0	0.0625	0.000320041769802	0.002014813558	0	1511364077.363872	81.4545454545	0.45419971333
224.0	0.0625	0.000773857526882	0.00180765828714	0	1511364078.362533	80.9943502825	0.435164835165
223.5	0.0625	0.000647335547122	0.00201836793248	0	1511364079.3576624	81.4545454545	0.442274247492
223.0	0.065625	3.35397316821e-05	0.00229933975228	0	1511364080.3586457	80.9943502825	0.451868131868
222.5	0.065625	0.00033103108698	0.00192032689008	0	1511364081.3671331	81.4545454545	0.437783882784
222.0	0.0625	0.000625651380928	0.00221252259484	0	1511364082.3672101	81.4545454545	0.447760612978
222.0	0.0625	0.000519736842105	0.00186080731891	0	1511364083.3618336	80.9943502825	0.451868131868
221.5	0.0625	0.000197290454643	0.00209111776753	0	1511364084.3590248	81.4545454545	0.435676175676
221.0	0.0625	0.000546068569623	0.0020753309887	0	1511364085.3697639	80.9943502825	0.446153846154
220.5	0.065625	0.000136535592498	0.00217894924456	0	1511364086.3726914	80.9943502825	0.440860805861
220.0	0.0625	2.61276127613e-05	0.00189673615052	0	1511364087.4005392	82.3908045977	0.435863991081
219.5	0.0625	0.000743464052288	0.00209516317244	0	1511364088.361154	82.8670520231	0.432167832168
219.0	0.0625	2.08594075928e-05	0.00195579336171	0	1511364089.3532531	81.4545454545	0.448791208791
218.5	0.0625	0.000190373946442	0.00203045954658	0	1511364090.3659925	81.92	0.421256392561
218.0	0.0625	0.00030009049292	0.0021278414246	0	1511364091.3689427	81.4545454545	0.443076923077
217.5	0.059375	0.000397967878537	0.00196930893878	0	1511364092.3625586	81.4545454545	0.448791208791
217.0	0.0625	0.000444030440278	0.00235662348384	0	1511364093.3626199	82.8670520231	0.437882117882
216.5	0.0625	0.000293935643564	0.00213643820564	0	1511364094.359544	81.4545454545	0.443076923077
216.0	0.0625	0.000247192057916	0.00188471823419	0	1511364095.3660712	81.92	0.445695970696
216.0	0.059375	0.000132320412892	0.00197127221813	0	1511364096.367076	81.4545454545	0.448772893773
215.0	0.0625	0.000171703296703	0.00197690081932	0	1511364097.3616335	81.4545454545	0.437582417582
214.5	0.0625	0.000347739361702	0.00191928657232	0	1511364098.3686895	81.92	0.445457875458
214.0	0.0625	0.000110257056452	0.00162406531903	0	1511364099.3736806	80.9943502825	0.457098087098
213.5	0.0625	0.000637755102041	0.00197331839266	0	1511364100.367606	81.4545454545	0.434945609946
213.0	0.0625	0.000564494680851	0.00180870618467	0	1511364101.3643298	81.4545454545	0.448791208791
212.5	0.0625	0.00102382078095	0.00233173563425	0	1511364102.358829	82.8670520231	0.420641821946
212.0	0.0625	0.00074144982433	0.00223746896133	0	1511364103.359557	80.9943502825	0.440402930403
211.5	0.0625	0.00040434443008	0.00214016984215	0	1511364104.3699083	81.4545454545	0.442494027711
211.0	0.0625	0.000252388189318	0.00197267336425	0	1511364105.3667219	80.9943502825	0.446153846154
210.5	0.0625	0.000265522875817	0.00184551142582	0	1511364106.3596494	80.9943502825	0.429413919414
210.0	0.0625	7.10831207483e-05	0.00227189289537	0	1511364107.359018	81.4545454545	0.454505494505
209.5	0.0625	0.000204787234042	0.00196002699109	0	1511364108.3559644	80.5393258427	0.449450549451
209.0	0.0625	0.000751994680851	0.00217390727716	0	1511364109.368296	80.9943502825	0.451868131868
209.0	0.0625	0.000343709642703	0.00203010228227	0	1511364110.3648188	80.9943502825	0.446294261294
208.0	0.0625	0.000501067362429	0.00197710896282	0	1511364111.3597121	80.9943502825	0.440402930403
207.5	0.0625	0.000328283516963	0.0021877000693	0	1511364112.3697126	81.92	0.427007308312
207.0	0.0625	0.000234042553191	0.00200820988172	0	1511364113.369608	80.9943502825	0.446153846154
206.5	0.0625	0.000103209056861	0.00192510535981	0	1511364114.3678586	81.4545454545	0.419222629223
206.5	0.0625	0.00017394054396	0.00206154054438	0	1511364115.3622212	81.4545454545	0.44304029304
206.0	0.0625	0.000572400990099	0.0019204379141	0	1511364116.359684	80.9943502825	0.446153846154
205.0	0.0625	1.27688172043e-05	0.00197081697562	0	1511364117.3721251	81.92	0.443556668774
204.5	0.0625	0.000498412613	0.00203010228227	0	1511364118.3713834	80.9943502825	0.445897435897
204.0	0.0625	0.000845457863997	0.00220920847418	0	1511364119.3672116	81.4545454545	0.45155558727
204.0	0.0625	0.000445722643896	0.00203008164879	0	1511364120.3640614	81.4545454545	0.448791208791
203.5	0.0625	0.000121560721063	0.00174278259138	0	1511364121.3560584	81.4545454545	0.448772893773
203.0	0.0625	7.93269230769e-05	0.00200709329618	0	1511364122.3580332	80.9943502825	0.429592999593
202.0	0.0625	0.000189950980392	0.00203325221833	0	1511364123.367767	80.5393258427	0.437414662632
201.5	0.0625	0.000455562659847	0.00185176809381	0	1511364124.3678098	80.9943502825	0.434884004884
201.5	0.065625	0.000564167974882	0.00192919943753	0	1511364125.3637764	81.4545454545	0.425860805861
200.5	0.0625	0.000283905228758	0.00238574769254	0	1511364126.3625228	80.9943502825	0.429157509158
200.0	0.0625	0.000530303030303	0.00204124145232	0	1511364127.365283	80.9943502825	0.434798003928
200.0	0.0625	0.000751644736842	0.00223490628309	0	1511364128.3661697	80.9943502825	0.451868131868
199.5	0.0625	0.000606875203649	0.00197425145451	0	1511364129.3630028	81.4545454545	0.443076923077
199.0	0.0625	0.000371400171932	0.00211933210778	0	1511364130.3629131	80.9943502825	0.446117216117
198.5	0.0625	0.000136878497632	0.00205242885055	0	1511364131.3590584	80.5393258427	0.443736263736
197.5	0.0625	0.000410239361702	0.00174937794108	0	1511364132.3660934	80.9943502825	0.446153846154
197.0	0.0625	0.000400581946493	0.00216499204191	0	1511364133.3657517	80.9943502825	0.446153846154
197.0	0.0625	0.000807459677419	0.00180515806701	0	1511364134.363949	81.92	0.444911610129
196.5	0.0625	0.000384448134092	0.00181140214677	0	1511364135.3617935	81.4545454545	0.443278388278
196.0	0.0625	0.000170173267327	0.00208616202891	0	1511364136.3617094	80.9943502825	0.446373626374
195.5	0.0625	0.000554078014184	0.00207612965372	0	1511364137.3696465	80.9943502825	0.451868131868
195.0	0.0625	0.000762966476913	0.00197081697562	0	1511364138.363228	81.4545454545	0.448791208791
194.5	0.0625	0.000992380647911	0.00177672511286	0	1511364139.3631754	81.92	0.439725274725
194.0	0.059375	0.00109375	0.00204115478092	0	1511364140.361965	80.9943502825	0.446355311355
193.5	0.0625	0.00122950268817	0.00173889099905	0	1511364141.3592145	81.4545454545	0.443076923077
193.0	0.0625	0.00150694893342	0.00180998405949	0	1511364142.3671508	81.92	0.439945054945
192.5	0.0625	0.00173641333914	0.00194624001584	0	1511364143.3696408	83.3488372093	0.434548784549
192.0	0.0625	0.00158356593638	0.00192618430012	0	1511364144.3646882	80.0893854749	0.457362637363
191.5	0.0625	0.00170673076923	0.00211912755777	0	1511364145.3559127	80.9943502825	0.435164835165
190.5	0.0625	0.00221265479876	0.00210011706573	0	1511364146.3647323	81.4545454545	0.454505494505
190.0	0.0625	0.00323857526882	0.00204504355574	0	1511364147.366508	81.92	0.445659340659
190.0	0.0625	0.00500173001171	0.00204504355574	0	1511364148.3622482	81.92	0.445714285714
189.5	0.0625	0.0073009712656	0.00196981585155	0	1511364149.3723865	81.4545454545	0.443278388278
189.0	0.0625	0.0248111413043	0.00204595385141	0	1511364150.3581822	82.3908045977	0.435863991081

#$Filter:1
#$	0	1	 1
#$	1	op06	0.251188643150958
#$	2	op09*op09	0.015848931924611138
#$	3	op18*op18*op18	3.9810717055349725e-06
#$	4	ns12	1e-7
#$	5	0	 1e-22
#$POWER:18.2, mW
#$WAVELENGTH:1064,nm
#$OBJECT:ZnO2_bscat, bscat	=	=	=
angle	ref	signal	signal_std	filter	Time	freq	duty_cycle
188.5	0.059375	0.023372272296	0.00179826453767	0	1511364157.3633912	80.9943502825	0.446153846154
188.0	0.0625	0.0337977150538	0.00146622474659	0	1511364158.359239	81.4545454545	0.436779741997
188.0	0.0625	0.0565235799896	0.00207001746349	0	1511364159.365202	80.9943502825	0.446117216117

#$Filter:op06
#$	0	1	 1
#$	1	op06	0.251188643150958
#$	2	op09*op09	0.015848931924611138
#$	3	op18*op18*op18	3.9810717055349725e-06
#$	4	ns12	1e-7
#$	5	0	 1e-22
#$POWER:18.2, mW
#$WAVELENGTH:1064,nm
#$OBJECT:ZnO2_bscat, bscat	=	=	=
angle	ref	signal	signal_std	filter	Time	freq	duty_cycle
187.5	0.0625	0.0597411870308	0.00219081564667	1	1511364175.5901866	82.8670520231	0.432546583851
187.0	0.0625	0.0849019607843	0.00197916666667	1	1511364176.3682628	81.92	0.43370281892

#$Filter:op09*op09
#$	0	1	 1
#$	1	op06	0.251188643150958
#$	2	op09*op09	0.015848931924611138
#$	3	op18*op18*op18	3.9810717055349725e-06
#$	4	ns12	1e-7
#$	5	0	 1e-22
#$POWER:18.2, mW
#$WAVELENGTH:1064,nm
#$OBJECT:ZnO2_bscat, bscat	=	=	=
angle	ref	signal	signal_std	filter	Time	freq	duty_cycle
187.0	0.0625	0.0108198924731	0.00162406531903	2	1511364189.46886	81.4545454545	0.437783882784
187.0	0.0625	0.0108198924731	0.00162406531903	2	1511364189.970906	81.4545454545	0.437783882784
187.0	0.0625	0.024508471867	0.00217285130322	2	1511364190.7244081	80.5393258427	0.438241758242
187.0	0.0625	0.158651056638	0.008019588113	2	1511364191.4835196	81.4545454545	0.443076923077
186.5	0.0625	0.566378289474	0.00585212068245	2	1511364191.98274	81.4545454545	0.448791208791

#$Filter:op09*op09
#$	0	1	 1
#$	1	op06	0.251188643150958
#$	2	op09*op09	0.015848931924611138
#$	3	op18*op18*op18	3.9810717055349725e-06
#$	4	ns12	1e-7
#$	5	0	 1e-22
#$POWER:18.2, mW
#$WAVELENGTH:1064,nm
#$OBJECT:ZnO2_bscat, bscat	=	=	=
angle	ref	signal	signal_std	filter	Time	freq	duty_cycle
186.5	0.0625	0.836436590765	0.00223498510058	2	1511364213.468134	80.5393258427	0.443736263736
186.5	0.0625	0.838499835418	0.00153543812618	2	1511364213.973066	80.5393258427	0.438162393162

#$Filter:op09*op09
#$	0	1	 1
#$	1	op06	0.251188643150958
#$	2	op09*op09	0.015848931924611138
#$	3	op18*op18*op18	3.9810717055349725e-06
#$	4	ns12	1e-7
#$	5	0	 1e-22
#$POWER:18.2, mW
#$WAVELENGTH:1064,nm
#$OBJECT:ZnO2_bscat, bscat	=	=	=
angle	ref	signal	signal_std	filter	Time	freq	duty_cycle
186.5	0.0625	0.840720864959	0.0043811844121	2	1511364222.86173	81.4545454545	0.448772893773
186.5	0.0625	0.808756793478	0.00506956914287	2	1511364223.6326985	81.92	0.439398789616

#$Filter:op09*op09
#$	0	1	 1
#$	1	op06	0.251188643150958
#$	2	op09*op09	0.015848931924611138
#$	3	op18*op18*op18	3.9810717055349725e-06
#$	4	ns12	1e-7
#$	5	0	 1e-22
#$POWER:18.2, mW
#$WAVELENGTH:1064,nm
#$OBJECT:ZnO2_bscat, bscat	=	=	=
angle	ref	signal	signal_std	filter	Time	freq	duty_cycle
186.5	0.0625	0.415268009378	0.0156508234151	2	1511364227.4580157	81.92	0.439197324415
186.5	0.0625	0.415268009378	0.0156508234151	2	1511364227.9612994	81.92	0.439197324415
186.5	0.0625	0.131215451606	0.00841031292598	2	1511364228.7158935	81.4545454545	0.448791208791

#$Filter:op06
#$	0	1	 1
#$	1	op06	0.251188643150958
#$	2	op09*op09	0.015848931924611138
#$	3	op18*op18*op18	3.9810717055349725e-06
#$	4	ns12	1e-7
#$	5	0	 1e-22
#$POWER:18.2, mW
#$WAVELENGTH:1064,nm
#$OBJECT:ZnO2_bscat, bscat	=	=	=
angle	ref	signal	signal_std	filter	Time	freq	duty_cycle
186.5	0.065625	0.127973856209	0.00303019780962	1	1511364243.8482141	81.92	0.434249084249
186.0	0.065625	0.127973856209	0.00303019780962	1	1511364244.5910187	81.92	0.434249084249
186.0	0.0625	0.101919710192	0.00203741716678	1	1511364245.3696663	82.3908045977	0.440307840308
186.0	0.0625	0.0946750474383	0.0017133802129	1	1511364245.8677053	81.4545454545	0.448791208791
186.0	0.0625	0.0864185593592	0.0154251073724	1	1511364246.6155932	81.92	0.445457875458
185.5	0.0625	0.0916220923853	0.00312048031351	1	1511364247.371854	81.92	0.445457875458
185.5	0.0625	0.0817590226765	0.00184781278022	1	1511364247.8924813	81.4545454545	0.44304029304
185.5	0.0625	0.0817118192798	0.00185674597401	1	1511364248.639599	81.92	0.443808043808
185.5	0.0625	0.075597688845	0.00210816856647	1	1511364249.39821	81.92	0.443808043808
185.5	0.065625	0.0636640720902	0.00149659961609	1	1511364249.8974707	81.92	0.428498168498
185.5	0.065625	0.0636640720902	0.00149659961609	1	1511364250.6449757	81.92	0.428498168498
185.0	0.0625	0.0904419609517	0.00354624468226	1	1511364251.4022374	82.3908045977	0.433333333333

#$Filter:1
#$	0	1	 1
#$	1	op06	0.251188643150958
#$	2	op09*op09	0.015848931924611138
#$	3	op18*op18*op18	3.9810717055349725e-06
#$	4	ns12	1e-7
#$	5	0	 1e-22
#$POWER:18.2, mW
#$WAVELENGTH:1064,nm
#$OBJECT:ZnO2_bscat, bscat	=	=	=
angle	ref	signal	signal_std	filter	Time	freq	duty_cycle
185.0	0.065625	0.708774456522	0.00236896681714	0	1511364259.4720247	81.92	0.445695970696
185.0	0.0625	0.772889313388	0.00311316283625	0	1511364259.9697702	81.4545454545	0.448544973545
185.0	0.0625	0.772889313388	0.00311316283625	0	1511364260.7269905	81.4545454545	0.448544973545
185.0	0.065625	0.758078808446	0.00296366057835	0	1511364261.4917793	81.4545454545	0.454688644689
185.0	0.065625	0.636435150173	0.00357939464533	0	1511364261.9867167	82.8670520231	0.438838383838
184.5	0.065625	0.448725490196	0.00549621081595	0	1511364262.7785478	82.3908045977	0.442362637363
184.5	0.065625	0.0966167133018	0.00643195672747	0	1511364263.5357592	84.8284023669	0.434029304029
184.5	0.065625	0.0177832169739	0.00280898876404	0	1511364264.3612742	82.8670520231	0.42729256251
184.0	0.0625	0.0142938829787	0.0022062047903	0	1511364264.8633945	82.3908045977	0.453772893773
184.0	0.065625	0.0127287319422	0.00233120683605	0	1511364265.6232517	81.92	0.434249084249
184.0	0.065625	0.0127287319422	0.00233120683605	0	1511364266.379124	81.92	0.434249084249
183.5	0.065625	0.00902354200107	0.00260873253104	0	1511364266.8712327	81.92	0.434249084249
183.5	0.065625	0.00902354200107	0.00260873253104	0	1511364267.6337383	81.92	0.434249084249
183.5	0.065625	0.00732338121784	0.00220856701782	0	1511364268.3866272	82.3908045977	0.430369485587
183.5	0.065625	0.00672040782493	0.00228082009575	0	1511364268.879744	82.3908045977	0.422733457019
183.0	0.0625	0.00600439643943	0.00271550237456	0	1511364269.6346312	82.3908045977	0.448315018315
183.0	0.0625	0.00513844086021	0.00319344203509	0	1511364270.4105952	81.92	0.445695970696
183.0	0.0625	0.00321369636964	0.00291666666667	0	1511364270.9174435	82.3908045977	0.430952380952
182.5	0.0625	0.00321369636964	0.00291666666667	0	1511364271.6756632	82.3908045977	0.430952380952
182.5	0.065625	0.00136846405229	0.0019641855033	0	1511364272.437141	82.3908045977	0.435016835017
182.5	0.065625	0.00093419929585	0.00216318897638	0	1511364272.9421468	82.8670520231	0.445
182.5	0.065625	0.00093419929585	0.00216318897638	0	1511364273.6891222	82.8670520231	0.445
182.0	0.065625	0.00127976190476	0.00217506385602	0	1511364274.4481566	82.3908045977	0.436120401338
182.0	0.0625	0.00125448028674	0.00158180138386	0	1511364274.9678118	84.3294117647	0.431391941392
182.0	0.0625	0.000595498251748	0.0022682840089	0	1511364275.7219827	82.8670520231	0.432240802676
181.5	0.0625	0.000595498251748	0.0022682840089	0	1511364276.4669483	82.8670520231	0.432240802676
181.5	0.0625	0.000299648268398	0.0019669577307	0	1511364276.9887288	82.3908045977	0.430915750916
181.5	0.0625	0.000299648268398	0.0019669577307	0	1511364277.7364745	82.3908045977	0.430915750916
181.5	0.065625	0.000125418060201	0.00230077367145	0	1511364278.4894757	81.92	0.44
181.5	0.065625	6.20745452515e-05	0.002471932548	0	1511364278.9931934	81.92	0.422747252747
181.5	0.0625	0.000447141488342	0.00206263565231	0	1511364279.7394178	82.3908045977	0.448315018315
181.0	0.0625	4.93438600234e-05	0.00186580737736	0	1511364280.497012	82.3908045977	0.436666666667
